M03997:68:000000000-G35DK:1:2101:11551:15077	extended_3UTR_DCG_Soc1_w_forward_primer	100.000	50	0	0	1	50	13	62	3.97e-24	91.5
M03997:68:000000000-G35DK:1:2101:14814:14619	extended_3UTR_DCG_Soc1_w_forward_primer	98.148	54	1	0	1	54	13	66	1.22e-24	93.3
M03997:68:000000000-G35DK:1:2103:5990:19113	extended_3UTR_DCG_Soc1_w_forward_primer	100.000	20	0	0	1	20	5	24	9.84e-08	37.4
M03997:68:000000000-G35DK:1:1102:17674:10181	extended_3UTR_DCG_Soc1_w_forward_primer	100.000	50	0	0	1	50	13	62	3.97e-24	91.5
M03997:68:000000000-G35DK:1:2101:27889:10175	extended_3UTR_DCG_Soc1_w_forward_primer	100.000	18	0	0	1	18	7	24	6.40e-06	33.7
M03997:68:000000000-G35DK:1:1101:14252:19296	extended_3UTR_DCG_Soc1_w_forward_primer	100.000	50	0	0	1	50	34	83	3.97e-24	91.5
M03997:68:000000000-G35DK:1:1103:16606:7713	extended_3UTR_DCG_Soc1_w_forward_primer	98.958	96	1	0	1	96	48	143	3.72e-47	168
M03997:68:000000000-G35DK:1:1102:16454:13920	extended_3UTR_DCG_Soc1_w_forward_primer	100.000	52	0	0	1	52	13	64	3.33e-25	95.1
M03997:68:000000000-G35DK:1:2101:19562:11822	extended_3UTR_DCG_Soc1_w_forward_primer	88.889	27	3	0	1	27	7	33	6.97e-07	35.6
M03997:68:000000000-G35DK:1:1102:16263:14424	extended_3UTR_DCG_Soc1_w_forward_primer	100.000	54	0	0	1	54	13	66	2.86e-26	98.7
M03997:68:000000000-G35DK:1:1103:22198:19897	extended_3UTR_DCG_Soc1_w_forward_primer	100.000	30	0	0	1	30	7	36	1.50e-13	55.4
M03997:68:000000000-G35DK:1:1103:25067:16334	extended_3UTR_DCG_Soc1_w_forward_primer	100.000	50	0	0	1	50	13	62	3.97e-24	91.5
M03997:68:000000000-G35DK:1:2102:21500:22217	extended_3UTR_DCG_Soc1_w_forward_primer	100.000	26	0	0	1	26	130	155	2.90e-10	48.2
M03997:68:000000000-G35DK:1:1104:7080:12255	extended_3UTR_DCG_Soc1_w_forward_primer	100.000	20	0	0	1	20	7	26	5.25e-07	37.4
M03997:68:000000000-G35DK:1:2101:6233:16409	extended_3UTR_DCG_Soc1_w_forward_primer	100.000	31	0	0	1	31	5	35	4.49e-14	57.2
M03997:68:000000000-G35DK:1:1102:11057:22570	extended_3UTR_DCG_Soc1_w_forward_primer	100.000	36	0	0	1	36	31	66	1.05e-16	66.2
M03997:68:000000000-G35DK:1:1103:8658:21711	extended_3UTR_DCG_Soc1_w_forward_primer	100.000	43	0	0	1	43	39	81	2.09e-20	78.8
M03997:68:000000000-G35DK:1:1104:17387:16218	extended_3UTR_DCG_Soc1_w_forward_primer	100.000	18	0	0	1	18	7	24	5.34e-07	33.7
M03997:68:000000000-G35DK:1:1102:26941:13010	extended_3UTR_DCG_Soc1_w_forward_primer	100.000	18	0	0	1	18	7	24	6.40e-06	33.7
M03997:68:000000000-G35DK:1:1102:3790:15475	extended_3UTR_DCG_Soc1_w_forward_primer	100.000	20	0	0	1	20	7	26	1.40e-07	37.4
M03997:68:000000000-G35DK:1:2104:20758:17811	extended_3UTR_DCG_Soc1_w_forward_primer	79.167	48	5	1	1	48	7	49	2.61e-09	42.8
M03997:68:000000000-G35DK:1:1104:25897:14777	extended_3UTR_DCG_Soc1_w_forward_primer	100.000	19	0	0	1	19	8	26	1.83e-06	35.6
M03997:68:000000000-G35DK:1:1101:19379:3081	extended_3UTR_DCG_Soc1_w_forward_primer	98.571	70	1	0	1	70	13	82	3.40e-33	122
M03997:68:000000000-G35DK:1:1102:18954:9602	extended_3UTR_DCG_Soc1_w_forward_primer	100.000	63	0	0	1	63	34	96	4.46e-31	114
M03997:68:000000000-G35DK:1:1102:18277:18293	extended_3UTR_DCG_Soc1_w_forward_primer	100.000	20	0	0	1	20	7	26	9.84e-08	37.4
M03997:68:000000000-G35DK:1:1104:24441:23902	extended_3UTR_DCG_Soc1_w_forward_primer	100.000	32	0	0	1	32	29	60	1.34e-14	59.0
M03997:68:000000000-G35DK:1:1102:19976:2830	extended_3UTR_DCG_Soc1_w_forward_primer	100.000	17	0	0	1	17	8	24	5.73e-06	31.9
M03997:68:000000000-G35DK:1:2103:24072:21482	extended_3UTR_DCG_Soc1_w_forward_primer	100.000	18	0	0	1	18	7	24	1.15e-06	33.7
M03997:68:000000000-G35DK:1:1102:6695:4776	extended_3UTR_DCG_Soc1_w_forward_primer	100.000	18	0	0	1	18	7	24	6.40e-06	33.7
M03997:68:000000000-G35DK:1:2103:27809:20475	extended_3UTR_DCG_Soc1_w_forward_primer	100.000	66	0	0	1	66	13	78	1.11e-32	120
M03997:68:000000000-G35DK:1:2102:28856:17252	extended_3UTR_DCG_Soc1_w_forward_primer	100.000	109	0	0	1	109	13	121	8.70e-56	197
M03997:68:000000000-G35DK:1:2103:21512:7844	extended_3UTR_DCG_Soc1_w_forward_primer	100.000	18	0	0	1	18	7	24	1.15e-06	33.7
M03997:68:000000000-G35DK:1:1102:14773:16881	extended_3UTR_DCG_Soc1_w_forward_primer	100.000	108	0	0	1	108	50	157	3.01e-55	196
M03997:68:000000000-G35DK:1:2102:5074:9755	extended_3UTR_DCG_Soc1_w_forward_primer	100.000	42	0	0	1	42	97	138	7.08e-20	77.0
M03997:68:000000000-G35DK:1:1102:3951:12044	extended_3UTR_DCG_Soc1_w_forward_primer	100.000	44	0	0	1	44	62	105	6.16e-21	80.6
M03997:68:000000000-G35DK:1:2104:9830:14631	extended_3UTR_DCG_Soc1_w_forward_primer	95.238	21	1	0	1	21	7	27	2.15e-06	33.7
M03997:68:000000000-G35DK:1:1102:14333:20119	extended_3UTR_DCG_Soc1_w_forward_primer	100.000	44	0	0	1	44	72	115	6.16e-21	80.6
M03997:68:000000000-G35DK:1:1102:11497:14336	extended_3UTR_DCG_Soc1_w_forward_primer	100.000	15	0	0	1	15	7	21	8.57e-06	28.3
M03997:68:000000000-G35DK:1:2104:13684:14949	extended_3UTR_DCG_Soc1_w_forward_primer	100.000	70	0	0	1	70	74	143	7.99e-35	127
M03997:68:000000000-G35DK:1:1104:15211:11841	extended_3UTR_DCG_Soc1_w_forward_primer	95.588	68	1	1	1	68	26	91	7.24e-29	107
M03997:68:000000000-G35DK:1:1101:11418:9855	extended_3UTR_DCG_Soc1_w_forward_primer	90.984	122	11	0	1	122	12	133	3.53e-47	170
M03997:68:000000000-G35DK:1:2103:13003:16827	extended_3UTR_DCG_Soc1_w_forward_primer	100.000	21	0	0	53	73	1	21	3.34e-08	39.2
M03997:68:000000000-G35DK:1:1102:13002:5635	extended_3UTR_DCG_Soc1_w_forward_primer	100.000	19	0	0	1	19	8	26	2.36e-07	35.6
M03997:68:000000000-G35DK:1:2104:8668:23978	extended_3UTR_DCG_Soc1_w_forward_primer	98.750	80	1	0	1	80	29	108	1.47e-38	140
M03997:68:000000000-G35DK:1:2101:16057:8328	extended_3UTR_DCG_Soc1_w_forward_primer	96.491	57	2	0	1	57	54	110	3.72e-25	95.1
M03997:68:000000000-G35DK:1:2104:17165:28512	extended_3UTR_DCG_Soc1_w_forward_primer	98.684	76	1	0	1	76	58	133	2.06e-36	132
M03997:68:000000000-G35DK:1:2104:13702:20844	extended_3UTR_DCG_Soc1_w_forward_primer	100.000	20	0	0	1	20	7	26	6.21e-08	37.4
M03997:68:000000000-G35DK:1:2103:10053:21522	extended_3UTR_DCG_Soc1_w_forward_primer	98.182	55	1	0	1	55	58	112	3.56e-25	95.1
M03997:68:000000000-G35DK:1:2104:18572:2810	extended_3UTR_DCG_Soc1_w_forward_primer	100.000	21	0	0	87	107	1	21	5.05e-08	39.2
M03997:68:000000000-G35DK:1:1103:8988:20369	extended_3UTR_DCG_Soc1_w_forward_primer	98.214	56	1	0	1	56	13	68	1.04e-25	96.9
M03997:68:000000000-G35DK:1:2101:10808:18834	extended_3UTR_DCG_Soc1_w_forward_primer	100.000	51	0	0	1	51	62	112	1.13e-24	93.3
M03997:68:000000000-G35DK:1:1103:15687:6403	extended_3UTR_DCG_Soc1_w_forward_primer	100.000	70	0	0	1	70	13	82	7.99e-35	127
M03997:68:000000000-G35DK:1:1102:9184:4615	extended_3UTR_DCG_Soc1_w_forward_primer	98.824	85	1	0	1	85	23	107	3.04e-41	149
M03997:68:000000000-G35DK:1:2103:22586:20859	extended_3UTR_DCG_Soc1_w_forward_primer	100.000	44	0	0	1	44	13	56	6.16e-21	80.6
M03997:68:000000000-G35DK:1:2104:18508:15969	extended_3UTR_DCG_Soc1_w_forward_primer	100.000	18	0	0	1	18	7	24	1.66e-06	33.7
M03997:68:000000000-G35DK:1:1104:25803:21840	extended_3UTR_DCG_Soc1_w_forward_primer	100.000	57	0	0	1	57	8	64	7.17e-28	104
M03997:68:000000000-G35DK:1:2104:19059:20675	extended_3UTR_DCG_Soc1_w_forward_primer	100.000	83	0	0	1	83	23	105	8.49e-42	150
M03997:68:000000000-G35DK:1:2104:11371:20018	extended_3UTR_DCG_Soc1_w_forward_primer	100.000	21	0	0	61	81	1	21	3.76e-08	39.2
M03997:68:000000000-G35DK:1:2101:7291:10558	extended_3UTR_DCG_Soc1_w_forward_primer	100.000	39	0	0	1	39	7	45	2.75e-18	71.6
M03997:68:000000000-G35DK:1:2102:13858:7751	extended_3UTR_DCG_Soc1_w_forward_primer	100.000	20	0	0	1	20	5	24	3.47e-08	37.4
M03997:68:000000000-G35DK:1:2103:7346:16209	extended_3UTR_DCG_Soc1_w_forward_primer	100.000	135	0	0	1	135	13	147	8.44e-70	244
M03997:68:000000000-G35DK:1:2102:9515:15516	extended_3UTR_DCG_Soc1_w_forward_primer	100.000	27	0	0	1	27	107	133	5.50e-12	50.0
M03997:68:000000000-G35DK:1:1104:13857:20310	extended_3UTR_DCG_Soc1_w_forward_primer	100.000	54	0	0	1	54	29	82	2.86e-26	98.7
M03997:68:000000000-G35DK:1:1103:28869:18415	extended_3UTR_DCG_Soc1_w_forward_primer	100.000	85	0	0	1	85	12	96	7.16e-43	154
M03997:68:000000000-G35DK:1:2102:13836:3069	extended_3UTR_DCG_Soc1_w_forward_primer	100.000	126	0	0	1	126	13	138	6.02e-65	228
M03997:68:000000000-G35DK:1:2101:28564:19586	extended_3UTR_DCG_Soc1_w_forward_primer	76.190	42	5	1	1	42	13	49	4.11e-06	31.9
M03997:68:000000000-G35DK:1:2101:24213:6406	extended_3UTR_DCG_Soc1_w_forward_primer	97.887	142	1	1	1	140	13	154	1.11e-68	241
M03997:68:000000000-G35DK:1:2104:22247:13040	extended_3UTR_DCG_Soc1_w_forward_primer	100.000	65	0	0	1	65	66	130	1.96e-31	118
M03997:68:000000000-G35DK:1:1103:18418:4956	extended_3UTR_DCG_Soc1_w_forward_primer	95.652	69	3	0	1	69	13	81	6.04e-30	111
M03997:68:000000000-G35DK:1:1104:28513:15677	extended_3UTR_DCG_Soc1_w_forward_primer	100.000	17	0	0	1	17	8	24	5.11e-06	31.9
M03997:68:000000000-G35DK:1:2104:25026:15274	extended_3UTR_DCG_Soc1_w_forward_primer	100.000	44	0	0	1	44	13	56	6.16e-21	80.6
M03997:68:000000000-G35DK:1:2101:14212:10495	extended_3UTR_DCG_Soc1_w_forward_primer	100.000	30	0	0	1	30	8	37	1.50e-13	55.4
M03997:68:000000000-G35DK:1:2103:26816:19209	extended_3UTR_DCG_Soc1_w_forward_primer	100.000	17	0	0	1	17	8	24	1.63e-06	31.9
M03997:68:000000000-G35DK:1:2101:11976:8406	extended_3UTR_DCG_Soc1_w_forward_primer	100.000	74	0	0	1	74	48	121	5.74e-37	134
M03997:68:000000000-G35DK:1:1103:12714:3952	extended_3UTR_DCG_Soc1_w_forward_primer	100.000	24	0	0	31	54	1	24	5.77e-10	44.6
M03997:68:000000000-G35DK:1:2101:29225:13055	extended_3UTR_DCG_Soc1_w_forward_primer	98.438	64	1	0	1	64	58	121	5.54e-30	111
M03997:68:000000000-G35DK:1:2102:6818:15702	extended_3UTR_DCG_Soc1_w_forward_primer	100.000	54	0	0	1	54	13	66	2.86e-26	98.7
M03997:68:000000000-G35DK:1:1104:27355:18037	extended_3UTR_DCG_Soc1_w_forward_primer	100.000	95	0	0	1	95	58	152	3.02e-48	172
M03997:68:000000000-G35DK:1:2103:22935:4200	extended_3UTR_DCG_Soc1_w_forward_primer	100.000	22	0	0	1	22	5	26	8.38e-09	41.0
M03997:68:000000000-G35DK:1:2103:11299:2629	extended_3UTR_DCG_Soc1_w_forward_primer	100.000	21	0	0	64	84	1	21	3.92e-08	39.2
M03997:68:000000000-G35DK:1:1101:11771:17518	extended_3UTR_DCG_Soc1_w_forward_primer	100.000	19	0	0	1	19	7	25	1.83e-06	35.6
M03997:68:000000000-G35DK:1:2102:9960:14224	extended_3UTR_DCG_Soc1_w_forward_primer	100.000	18	0	0	1	18	7	24	1.82e-06	33.7
M03997:68:000000000-G35DK:1:1103:24193:19562	extended_3UTR_DCG_Soc1_w_forward_primer	100.000	104	0	0	1	104	50	153	5.65e-53	188
M03997:68:000000000-G35DK:1:1102:19387:23957	extended_3UTR_DCG_Soc1_w_forward_primer	100.000	51	0	0	1	51	72	122	1.13e-24	93.3
M03997:68:000000000-G35DK:1:1102:27762:10684	extended_3UTR_DCG_Soc1_w_forward_primer	100.000	52	0	0	1	52	54	105	3.33e-25	95.1
M03997:68:000000000-G35DK:1:2104:26860:22251	extended_3UTR_DCG_Soc1_w_forward_primer	100.000	96	0	0	1	96	13	108	8.75e-49	174
M03997:68:000000000-G35DK:1:1102:22719:15552	extended_3UTR_DCG_Soc1_w_forward_primer	100.000	79	0	0	1	79	13	91	1.19e-39	143
M03997:68:000000000-G35DK:1:1103:21808:11589	extended_3UTR_DCG_Soc1_w_forward_primer	100.000	24	0	0	89	112	1	24	1.27e-09	44.6
M03997:68:000000000-G35DK:1:1102:25010:8677	extended_3UTR_DCG_Soc1_w_forward_primer	100.000	19	0	0	1	19	8	26	2.62e-07	35.6
M03997:68:000000000-G35DK:1:1104:12139:13059	extended_3UTR_DCG_Soc1_w_forward_primer	100.000	42	0	0	1	42	102	143	7.08e-20	77.0
M03997:68:000000000-G35DK:1:2103:22983:9103	extended_3UTR_DCG_Soc1_w_forward_primer	100.000	20	0	0	1	20	7	26	9.29e-08	37.4
M03997:68:000000000-G35DK:1:2102:21469:21327	extended_3UTR_DCG_Soc1_w_forward_primer	100.000	20	0	0	1	20	7	26	9.84e-08	37.4
M03997:68:000000000-G35DK:1:1104:13634:28033	extended_3UTR_DCG_Soc1_w_forward_primer	100.000	20	0	0	1	20	7	26	3.84e-08	37.4
M03997:68:000000000-G35DK:1:1102:21803:4177	extended_3UTR_DCG_Soc1_w_forward_primer	100.000	54	0	0	1	54	15	68	2.99e-26	98.7
M03997:68:000000000-G35DK:1:2104:19276:13850	extended_3UTR_DCG_Soc1_w_forward_primer	100.000	98	0	0	1	98	13	110	7.35e-50	178
M03997:68:000000000-G35DK:1:2101:21828:4961	extended_3UTR_DCG_Soc1_w_forward_primer	98.667	75	1	0	1	75	33	107	7.10e-36	131
M03997:68:000000000-G35DK:1:1101:13057:24031	extended_3UTR_DCG_Soc1_w_forward_primer	97.500	120	1	1	1	118	26	145	7.79e-57	201
M03997:68:000000000-G35DK:1:2103:12525:24136	extended_3UTR_DCG_Soc1_w_forward_primer	100.000	125	0	0	1	125	40	164	2.08e-64	226
M03997:68:000000000-G35DK:1:1103:5796:10558	extended_3UTR_DCG_Soc1_w_forward_primer	100.000	18	0	0	1	18	7	24	7.13e-07	33.7
M03997:68:000000000-G35DK:1:2104:24807:18869	extended_3UTR_DCG_Soc1_w_forward_primer	100.000	95	0	0	1	95	60	154	3.16e-48	172
M03997:68:000000000-G35DK:1:2102:11497:7770	extended_3UTR_DCG_Soc1_w_forward_primer	100.000	20	0	0	1	20	7	26	5.25e-07	37.4
M03997:68:000000000-G35DK:1:1101:10174:24666	extended_3UTR_DCG_Soc1_w_forward_primer	100.000	95	0	0	1	95	13	107	3.02e-48	172
M03997:68:000000000-G35DK:1:2103:22025:14490	extended_3UTR_DCG_Soc1_w_forward_primer	100.000	73	0	0	1	73	83	155	8.88e-36	132
M03997:68:000000000-G35DK:1:1101:24446:26275	extended_3UTR_DCG_Soc1_w_forward_primer	100.000	17	0	0	1	17	8	24	1.63e-06	31.9
M03997:68:000000000-G35DK:1:1103:13058:9743	extended_3UTR_DCG_Soc1_w_forward_primer	100.000	18	0	0	1	18	7	24	7.13e-07	33.7
M03997:68:000000000-G35DK:1:1104:10538:23351	extended_3UTR_DCG_Soc1_w_forward_primer	100.000	19	0	0	1	19	7	25	2.04e-07	35.6
M03997:68:000000000-G35DK:1:1102:8193:13041	extended_3UTR_DCG_Soc1_w_forward_primer	100.000	19	0	0	1	19	8	26	2.67e-07	35.6
M03997:68:000000000-G35DK:1:2101:27341:20004	extended_3UTR_DCG_Soc1_w_forward_primer	100.000	22	0	0	1	22	5	26	2.85e-09	41.0
M03997:68:000000000-G35DK:1:2103:28384:10888	extended_3UTR_DCG_Soc1_w_forward_primer	100.000	17	0	0	1	17	8	24	2.88e-06	31.9
M03997:68:000000000-G35DK:1:1103:23515:25994	extended_3UTR_DCG_Soc1_w_forward_primer	100.000	58	0	0	1	58	7	64	2.10e-28	105
M03997:68:000000000-G35DK:1:1104:10121:3292	extended_3UTR_DCG_Soc1_w_forward_primer	98.198	111	2	0	1	111	23	133	3.77e-54	192
M03997:68:000000000-G35DK:1:2103:10927:18427	extended_3UTR_DCG_Soc1_w_forward_primer	96.429	28	1	0	1	28	29	56	7.06e-11	46.4
M03997:68:000000000-G35DK:1:2104:18843:26405	extended_3UTR_DCG_Soc1_w_forward_primer	100.000	63	0	0	1	63	74	136	4.46e-31	114
M03997:68:000000000-G35DK:1:2101:25208:20923	extended_3UTR_DCG_Soc1_w_forward_primer	100.000	61	0	0	1	61	20	80	5.24e-30	111
M03997:68:000000000-G35DK:1:1103:20182:16975	extended_3UTR_DCG_Soc1_w_forward_primer	100.000	51	0	0	1	51	112	162	7.79e-24	93.3
M03997:68:000000000-G35DK:1:1104:10800:28362	extended_3UTR_DCG_Soc1_w_forward_primer	100.000	36	0	0	1	36	29	64	1.05e-16	66.2
M03997:68:000000000-G35DK:1:1101:29060:19204	extended_3UTR_DCG_Soc1_w_forward_primer	100.000	21	0	0	75	95	1	21	4.49e-08	39.2
M03997:68:000000000-G35DK:1:2104:17064:11380	extended_3UTR_DCG_Soc1_w_forward_primer	100.000	52	0	0	1	52	70	121	3.33e-25	95.1
M03997:68:000000000-G35DK:1:1103:9199:24670	extended_3UTR_DCG_Soc1_w_forward_primer	100.000	19	0	0	1	19	7	25	3.88e-07	35.6
M03997:68:000000000-G35DK:1:1104:28028:9081	extended_3UTR_DCG_Soc1_w_forward_primer	100.000	52	0	0	1	52	54	105	3.33e-25	95.1
M03997:68:000000000-G35DK:1:1101:5816:22063	extended_3UTR_DCG_Soc1_w_forward_primer	100.000	17	0	0	1	17	8	24	2.80e-06	31.9
M03997:68:000000000-G35DK:1:2101:24253:10224	extended_3UTR_DCG_Soc1_w_forward_primer	100.000	21	0	0	41	61	1	21	2.71e-08	39.2
M03997:68:000000000-G35DK:1:1103:6787:18482	extended_3UTR_DCG_Soc1_w_forward_primer	100.000	52	0	0	1	52	13	64	3.48e-25	95.1
M03997:68:000000000-G35DK:1:1102:28722:10606	extended_3UTR_DCG_Soc1_w_forward_primer	100.000	52	0	0	1	52	13	64	3.33e-25	95.1
M03997:68:000000000-G35DK:1:1101:6557:16192	extended_3UTR_DCG_Soc1_w_forward_primer	100.000	107	0	0	1	107	37	143	1.04e-54	194
M03997:68:000000000-G35DK:1:1103:23188:25252	extended_3UTR_DCG_Soc1_w_forward_primer	100.000	110	0	0	1	110	46	155	7.28e-56	199
M03997:68:000000000-G35DK:1:1101:10909:2885	extended_3UTR_DCG_Soc1_w_forward_primer	100.000	17	0	0	1	17	10	26	3.11e-06	31.9
M03997:68:000000000-G35DK:1:1102:2541:16105	extended_3UTR_DCG_Soc1_w_forward_primer	100.000	17	0	0	1	17	10	26	4.11e-06	31.9
M03997:68:000000000-G35DK:1:1104:17477:22225	extended_3UTR_DCG_Soc1_w_forward_primer	100.000	79	0	0	1	79	37	115	1.19e-39	143
M03997:68:000000000-G35DK:1:1104:12775:7758	extended_3UTR_DCG_Soc1_w_forward_primer	100.000	40	0	0	1	40	52	91	8.12e-19	73.4
M03997:68:000000000-G35DK:1:2104:21984:22659	extended_3UTR_DCG_Soc1_w_forward_primer	100.000	39	0	0	1	39	7	45	2.75e-18	71.6
M03997:68:000000000-G35DK:1:2101:18148:19533	extended_3UTR_DCG_Soc1_w_forward_primer	100.000	79	0	0	1	79	13	91	1.19e-39	143
M03997:68:000000000-G35DK:1:2101:19965:13118	extended_3UTR_DCG_Soc1_w_forward_primer	100.000	18	0	0	1	18	8	25	1.29e-06	33.7
M03997:68:000000000-G35DK:1:2104:15347:7352	extended_3UTR_DCG_Soc1_w_forward_primer	98.810	84	1	0	1	84	50	133	1.05e-40	147
M03997:68:000000000-G35DK:1:1101:20974:20726	extended_3UTR_DCG_Soc1_w_forward_primer	100.000	66	0	0	1	66	91	156	1.11e-32	120
M03997:68:000000000-G35DK:1:2103:12462:20006	extended_3UTR_DCG_Soc1_w_forward_primer	100.000	33	0	0	1	33	128	160	4.60e-14	60.8
M03997:68:000000000-G35DK:1:2103:14159:15019	extended_3UTR_DCG_Soc1_w_forward_primer	100.000	82	0	0	1	82	68	149	3.29e-41	149
M03997:68:000000000-G35DK:1:2102:11119:9880	extended_3UTR_DCG_Soc1_w_forward_primer	100.000	21	0	0	128	148	1	21	7.18e-08	39.2
M03997:68:000000000-G35DK:1:2104:17323:26183	extended_3UTR_DCG_Soc1_w_forward_primer	96.591	88	1	1	1	86	13	100	1.31e-39	143
M03997:68:000000000-G35DK:1:1102:28170:12032	extended_3UTR_DCG_Soc1_w_forward_primer	100.000	47	0	0	1	47	64	110	1.57e-22	86.0
M03997:68:000000000-G35DK:1:2103:16626:20720	extended_3UTR_DCG_Soc1_w_forward_primer	100.000	93	0	0	1	93	23	115	3.59e-47	168
M03997:68:000000000-G35DK:1:2103:6648:25966	extended_3UTR_DCG_Soc1_w_forward_primer	100.000	52	0	0	1	52	56	107	3.33e-25	95.1
M03997:68:000000000-G35DK:1:1101:20088:26613	extended_3UTR_DCG_Soc1_w_forward_primer	100.000	55	0	0	1	55	58	112	8.37e-27	100
M03997:68:000000000-G35DK:1:1103:26572:13864	extended_3UTR_DCG_Soc1_w_forward_primer	100.000	18	0	0	1	18	7	24	8.68e-07	33.7
M03997:68:000000000-G35DK:1:1104:6411:18327	extended_3UTR_DCG_Soc1_w_forward_primer	100.000	18	0	0	1	18	7	24	6.40e-06	33.7
M03997:68:000000000-G35DK:1:1101:6649:14818	extended_3UTR_DCG_Soc1_w_forward_primer	99.213	127	1	0	1	127	12	138	7.40e-64	224
M03997:68:000000000-G35DK:1:2102:22907:17070	extended_3UTR_DCG_Soc1_w_forward_primer	100.000	21	0	0	54	74	1	21	1.50e-07	39.2
M03997:68:000000000-G35DK:1:1101:10736:7852	extended_3UTR_DCG_Soc1_w_forward_primer	100.000	32	0	0	1	32	102	133	1.34e-14	59.0
M03997:68:000000000-G35DK:1:1101:12268:19801	extended_3UTR_DCG_Soc1_w_forward_primer	100.000	83	0	0	1	83	39	121	8.49e-42	150
M03997:68:000000000-G35DK:1:1103:14097:3651	extended_3UTR_DCG_Soc1_w_forward_primer	100.000	19	0	0	1	19	7	25	2.04e-07	35.6
M03997:68:000000000-G35DK:1:2101:12436:24084	extended_3UTR_DCG_Soc1_w_forward_primer	100.000	18	0	0	31	48	1	18	8.91e-07	33.7
M03997:68:000000000-G35DK:1:2101:3029:11420	extended_3UTR_DCG_Soc1_w_forward_primer	98.824	85	1	0	1	85	7	91	3.04e-41	149
M03997:68:000000000-G35DK:1:2102:11446:27689	extended_3UTR_DCG_Soc1_w_forward_primer	100.000	38	0	0	1	38	13	50	9.28e-18	69.8
M03997:68:000000000-G35DK:1:2103:27205:9441	extended_3UTR_DCG_Soc1_w_forward_primer	97.468	79	0	1	1	77	13	91	7.31e-36	131
M03997:68:000000000-G35DK:1:1104:4868:8194	extended_3UTR_DCG_Soc1_w_forward_primer	100.000	72	0	0	1	72	62	133	6.77e-36	131
M03997:68:000000000-G35DK:1:2104:12105:22715	extended_3UTR_DCG_Soc1_w_forward_primer	100.000	21	0	0	75	95	1	21	4.49e-08	39.2
M03997:68:000000000-G35DK:1:2101:17989:10231	extended_3UTR_DCG_Soc1_w_forward_primer	100.000	51	0	0	1	51	62	112	1.13e-24	93.3
M03997:68:000000000-G35DK:1:2101:16465:10138	extended_3UTR_DCG_Soc1_w_forward_primer	90.323	31	2	1	1	31	7	36	2.30e-08	39.2
M03997:68:000000000-G35DK:1:1101:19157:15467	extended_3UTR_DCG_Soc1_w_forward_primer	100.000	30	0	0	1	30	149	178	1.50e-13	55.4
M03997:68:000000000-G35DK:1:2103:23109:26870	extended_3UTR_DCG_Soc1_w_forward_primer	100.000	18	0	0	1	18	7	24	4.90e-07	33.7
M03997:68:000000000-G35DK:1:1104:21171:11678	extended_3UTR_DCG_Soc1_w_forward_primer	97.531	81	0	1	1	81	13	91	6.35e-37	134
M03997:68:000000000-G35DK:1:1103:12597:17718	extended_3UTR_DCG_Soc1_w_forward_primer	100.000	20	0	0	1	20	5	24	1.15e-07	37.4
M03997:68:000000000-G35DK:1:2103:17361:25087	extended_3UTR_DCG_Soc1_w_forward_primer	96.429	28	1	0	1	28	7	34	7.06e-11	46.4
M03997:68:000000000-G35DK:1:2103:20497:24165	extended_3UTR_DCG_Soc1_w_forward_primer	100.000	79	0	0	1	79	13	91	1.19e-39	143
M03997:68:000000000-G35DK:1:2102:11766:18654	extended_3UTR_DCG_Soc1_w_forward_primer	100.000	20	0	0	1	20	5	24	2.83e-07	37.4
M03997:68:000000000-G35DK:1:1104:19699:5870	extended_3UTR_DCG_Soc1_w_forward_primer	100.000	93	0	0	1	93	23	115	3.59e-47	168
M03997:68:000000000-G35DK:1:1102:21425:25972	extended_3UTR_DCG_Soc1_w_forward_primer	100.000	19	0	0	1	19	8	26	1.09e-07	35.6
M03997:68:000000000-G35DK:1:2102:6488:11527	extended_3UTR_DCG_Soc1_w_forward_primer	99.083	109	1	0	1	109	13	121	3.70e-54	192
M03997:68:000000000-G35DK:1:2102:26896:22779	extended_3UTR_DCG_Soc1_w_forward_primer	100.000	20	0	0	1	20	7	26	4.02e-08	37.4
M03997:68:000000000-G35DK:1:2104:8389:25357	extended_3UTR_DCG_Soc1_w_forward_primer	100.000	109	0	0	1	109	13	121	8.70e-56	197
M03997:68:000000000-G35DK:1:1102:26984:12797	extended_3UTR_DCG_Soc1_w_forward_primer	100.000	52	0	0	1	52	13	64	3.33e-25	95.1
M03997:68:000000000-G35DK:1:1103:21195:23579	extended_3UTR_DCG_Soc1_w_forward_primer	100.000	142	0	0	1	142	37	178	1.41e-73	257
M03997:68:000000000-G35DK:1:1101:27120:9688	extended_3UTR_DCG_Soc1_w_forward_primer	100.000	17	0	0	1	17	10	26	2.25e-06	31.9
M03997:68:000000000-G35DK:1:2103:13473:9695	extended_3UTR_DCG_Soc1_w_forward_primer	100.000	20	0	0	1	20	7	26	5.67e-08	37.4
M03997:68:000000000-G35DK:1:1104:21038:12995	extended_3UTR_DCG_Soc1_w_forward_primer	100.000	18	0	0	1	18	7	24	7.57e-07	33.7
M03997:68:000000000-G35DK:1:1102:14126:16540	extended_3UTR_DCG_Soc1_w_forward_primer	100.000	21	0	0	50	70	1	21	3.18e-08	39.2
M03997:68:000000000-G35DK:1:1103:16267:10834	extended_3UTR_DCG_Soc1_w_forward_primer	100.000	17	0	0	1	17	8	24	4.73e-06	31.9
M03997:68:000000000-G35DK:1:2102:9667:13638	extended_3UTR_DCG_Soc1_w_forward_primer	100.000	20	0	0	1	20	7	26	1.76e-07	37.4
M03997:68:000000000-G35DK:1:1102:8051:7204	extended_3UTR_DCG_Soc1_w_forward_primer	100.000	17	0	0	1	17	10	26	2.88e-06	31.9
M03997:68:000000000-G35DK:1:2103:20519:26669	extended_3UTR_DCG_Soc1_w_forward_primer	100.000	21	0	0	1	21	5	25	1.57e-08	39.2
M03997:68:000000000-G35DK:1:2103:24160:19093	extended_3UTR_DCG_Soc1_w_forward_primer	100.000	58	0	0	1	58	37	94	2.10e-28	105
M03997:68:000000000-G35DK:1:2103:26220:22818	extended_3UTR_DCG_Soc1_w_forward_primer	100.000	21	0	0	60	80	1	21	3.71e-08	39.2
M03997:68:000000000-G35DK:1:1103:9086:6497	extended_3UTR_DCG_Soc1_w_forward_primer	100.000	18	0	0	1	18	7	24	6.46e-07	33.7
M03997:68:000000000-G35DK:1:2103:28080:19543	extended_3UTR_DCG_Soc1_w_forward_primer	100.000	17	0	0	1	17	8	24	2.41e-06	31.9
M03997:68:000000000-G35DK:1:1101:10036:9962	extended_3UTR_DCG_Soc1_w_forward_primer	100.000	20	0	0	1	20	7	26	1.59e-07	37.4
M03997:68:000000000-G35DK:1:1102:17367:5775	extended_3UTR_DCG_Soc1_w_forward_primer	100.000	17	0	0	1	17	10	26	1.40e-06	31.9
M03997:68:000000000-G35DK:1:2104:7112:5820	extended_3UTR_DCG_Soc1_w_forward_primer	100.000	56	0	0	1	56	13	68	2.45e-27	102
M03997:68:000000000-G35DK:1:2104:15456:5178	extended_3UTR_DCG_Soc1_w_forward_primer	100.000	60	0	0	1	60	37	96	1.79e-29	109
M03997:68:000000000-G35DK:1:1103:14515:17462	extended_3UTR_DCG_Soc1_w_forward_primer	100.000	20	0	0	1	20	7	26	8.75e-08	37.4
M03997:68:000000000-G35DK:1:1101:9981:11362	extended_3UTR_DCG_Soc1_w_forward_primer	100.000	18	0	0	1	18	7	24	1.09e-06	33.7
M03997:68:000000000-G35DK:1:2101:26630:17155	extended_3UTR_DCG_Soc1_w_forward_primer	100.000	109	0	0	1	109	13	121	8.70e-56	197
M03997:68:000000000-G35DK:1:1103:24636:18945	extended_3UTR_DCG_Soc1_w_forward_primer	100.000	18	0	0	1	18	7	24	6.40e-06	33.7
M03997:68:000000000-G35DK:1:1101:23090:7536	extended_3UTR_DCG_Soc1_w_forward_primer	96.591	88	1	1	1	88	29	114	1.35e-39	143
M03997:68:000000000-G35DK:1:2104:19002:22717	extended_3UTR_DCG_Soc1_w_forward_primer	100.000	50	0	0	1	50	56	105	3.97e-24	91.5
M03997:68:000000000-G35DK:1:2102:16041:3120	extended_3UTR_DCG_Soc1_w_forward_primer	100.000	19	0	0	1	19	7	25	3.24e-07	35.6
M03997:68:000000000-G35DK:1:2101:16812:8468	extended_3UTR_DCG_Soc1_w_forward_primer	100.000	18	0	0	1	18	7	24	1.11e-06	33.7
M03997:68:000000000-G35DK:1:1103:15599:16218	extended_3UTR_DCG_Soc1_w_forward_primer	100.000	100	0	0	1	100	37	136	6.17e-51	181
M03997:68:000000000-G35DK:1:1104:12286:18178	extended_3UTR_DCG_Soc1_w_forward_primer	100.000	74	0	0	1	74	7	80	5.74e-37	134
M03997:68:000000000-G35DK:1:2101:9811:21686	extended_3UTR_DCG_Soc1_w_forward_primer	100.000	21	0	0	79	99	1	21	4.70e-08	39.2
M03997:68:000000000-G35DK:1:1103:14676:19279	extended_3UTR_DCG_Soc1_w_forward_primer	100.000	32	0	0	1	32	83	114	1.34e-14	59.0
M03997:68:000000000-G35DK:1:2101:20437:10083	extended_3UTR_DCG_Soc1_w_forward_primer	100.000	52	0	0	1	52	56	107	3.33e-25	95.1
M03997:68:000000000-G35DK:1:2103:15541:11722	extended_3UTR_DCG_Soc1_w_forward_primer	100.000	58	0	0	1	58	66	123	2.10e-28	105
M03997:68:000000000-G35DK:1:2102:7460:26076	extended_3UTR_DCG_Soc1_w_forward_primer	100.000	52	0	0	1	52	40	91	3.33e-25	95.1
M03997:68:000000000-G35DK:1:1101:25849:21811	extended_3UTR_DCG_Soc1_w_forward_primer	100.000	60	0	0	1	60	56	115	1.79e-29	109
M03997:68:000000000-G35DK:1:2103:14887:27202	extended_3UTR_DCG_Soc1_w_forward_primer	100.000	20	0	0	54	73	5	24	1.20e-07	37.4
M03997:68:000000000-G35DK:1:1101:24257:8326	extended_3UTR_DCG_Soc1_w_forward_primer	98.592	71	1	0	1	71	21	91	9.89e-34	123
M03997:68:000000000-G35DK:1:2101:16824:12734	extended_3UTR_DCG_Soc1_w_forward_primer	100.000	115	0	0	1	115	29	143	5.10e-59	208
M03997:68:000000000-G35DK:1:1103:20884:11020	extended_3UTR_DCG_Soc1_w_forward_primer	100.000	42	0	0	1	42	31	72	7.08e-20	77.0
M03997:68:000000000-G35DK:1:2103:24741:6425	extended_3UTR_DCG_Soc1_w_forward_primer	100.000	60	0	0	1	60	5	64	1.79e-29	109
M03997:68:000000000-G35DK:1:1101:12618:8692	extended_3UTR_DCG_Soc1_w_forward_primer	98.824	85	1	0	1	85	23	107	3.04e-41	149
M03997:68:000000000-G35DK:1:2104:7051:14272	extended_3UTR_DCG_Soc1_w_forward_primer	100.000	95	0	0	1	95	19	113	3.02e-48	172
M03997:68:000000000-G35DK:1:1102:18432:25038	extended_3UTR_DCG_Soc1_w_forward_primer	100.000	58	0	0	1	58	58	115	2.10e-28	105
M03997:68:000000000-G35DK:1:1101:10818:15268	extended_3UTR_DCG_Soc1_w_forward_primer	100.000	48	0	0	1	48	74	121	4.61e-23	87.8
M03997:68:000000000-G35DK:1:1104:15743:22378	extended_3UTR_DCG_Soc1_w_forward_primer	98.851	87	1	0	1	87	13	99	2.57e-42	152
M03997:68:000000000-G35DK:1:1104:22655:23128	extended_3UTR_DCG_Soc1_w_forward_primer	100.000	20	0	0	120	139	5	24	2.38e-07	37.4
M03997:68:000000000-G35DK:1:1103:7894:20924	extended_3UTR_DCG_Soc1_w_forward_primer	100.000	20	0	0	1	20	5	24	1.40e-07	37.4
M03997:68:000000000-G35DK:1:1101:4975:13573	extended_3UTR_DCG_Soc1_w_forward_primer	100.000	17	0	0	1	17	8	24	2.95e-06	31.9
M03997:68:000000000-G35DK:1:2102:24639:17653	extended_3UTR_DCG_Soc1_w_forward_primer	95.455	22	1	0	1	22	7	28	1.83e-06	35.6
M03997:68:000000000-G35DK:1:2102:22301:17222	extended_3UTR_DCG_Soc1_w_forward_primer	100.000	130	0	0	1	130	31	160	4.34e-67	235
M03997:68:000000000-G35DK:1:2104:12341:9108	extended_3UTR_DCG_Soc1_w_forward_primer	100.000	20	0	0	53	72	1	20	1.15e-07	37.4
M03997:68:000000000-G35DK:1:1103:14779:13725	extended_3UTR_DCG_Soc1_w_forward_primer	100.000	18	0	0	1	18	7	24	1.78e-06	33.7
M03997:68:000000000-G35DK:1:1102:7095:7703	extended_3UTR_DCG_Soc1_w_forward_primer	100.000	78	0	0	1	78	83	160	5.23e-39	141
M03997:68:000000000-G35DK:1:1103:23214:9757	extended_3UTR_DCG_Soc1_w_forward_primer	100.000	20	0	0	1	20	5	24	5.25e-07	37.4
M03997:68:000000000-G35DK:1:2102:16568:24734	extended_3UTR_DCG_Soc1_w_forward_primer	100.000	18	0	0	114	131	1	18	2.68e-06	33.7
M03997:68:000000000-G35DK:1:1102:12581:24035	extended_3UTR_DCG_Soc1_w_forward_primer	100.000	24	0	0	112	135	1	24	1.55e-09	44.6
M03997:68:000000000-G35DK:1:1102:27908:21482	extended_3UTR_DCG_Soc1_w_forward_primer	100.000	20	0	0	1	20	7	26	5.25e-07	37.4
M03997:68:000000000-G35DK:1:1103:14605:15418	extended_3UTR_DCG_Soc1_w_forward_primer	100.000	34	0	0	1	34	29	62	1.19e-15	62.6
M03997:68:000000000-G35DK:1:1104:4236:9193	extended_3UTR_DCG_Soc1_w_forward_primer	100.000	20	0	0	1	20	7	26	9.84e-08	37.4
M03997:68:000000000-G35DK:1:2101:15172:21327	extended_3UTR_DCG_Soc1_w_forward_primer	98.438	64	1	0	1	64	58	121	5.54e-30	111
M03997:68:000000000-G35DK:1:1102:14150:14615	extended_3UTR_DCG_Soc1_w_forward_primer	96.429	28	1	0	1	28	10	37	7.06e-11	46.4
M03997:68:000000000-G35DK:1:2102:23618:6710	extended_3UTR_DCG_Soc1_w_forward_primer	100.000	52	0	0	1	52	29	80	3.33e-25	95.1
M03997:68:000000000-G35DK:1:2103:23538:9651	extended_3UTR_DCG_Soc1_w_forward_primer	100.000	18	0	0	1	18	7	24	5.34e-06	33.7
M03997:68:000000000-G35DK:1:2103:13621:11684	extended_3UTR_DCG_Soc1_w_forward_primer	100.000	44	0	0	1	44	13	56	6.16e-21	80.6
M03997:68:000000000-G35DK:1:1102:23148:5481	extended_3UTR_DCG_Soc1_w_forward_primer	100.000	20	0	0	1	20	7	26	6.21e-08	37.4
M03997:68:000000000-G35DK:1:1101:25859:23093	extended_3UTR_DCG_Soc1_w_forward_primer	98.039	51	1	0	1	51	58	108	4.83e-23	87.8
M03997:68:000000000-G35DK:1:1101:10645:2535	extended_3UTR_DCG_Soc1_w_forward_primer	96.667	90	2	1	1	89	12	101	1.41e-39	145
M03997:68:000000000-G35DK:1:1102:7368:5011	extended_3UTR_DCG_Soc1_w_forward_primer	100.000	100	0	0	1	100	27	126	6.17e-51	181
M03997:68:000000000-G35DK:1:2101:12156:15252	extended_3UTR_DCG_Soc1_w_forward_primer	100.000	116	0	0	1	116	26	141	1.48e-59	210
M03997:68:000000000-G35DK:1:2102:6635:20222	extended_3UTR_DCG_Soc1_w_forward_primer	100.000	36	0	0	1	36	31	66	1.05e-16	66.2
M03997:68:000000000-G35DK:1:2104:19104:11569	extended_3UTR_DCG_Soc1_w_forward_primer	100.000	53	0	0	1	53	58	110	9.76e-26	96.9
M03997:68:000000000-G35DK:1:2103:15333:20169	extended_3UTR_DCG_Soc1_w_forward_primer	100.000	21	0	0	138	158	1	21	7.70e-08	39.2
M03997:68:000000000-G35DK:1:1102:14202:10847	extended_3UTR_DCG_Soc1_w_forward_primer	98.529	68	1	0	1	68	54	121	4.00e-32	118
M03997:68:000000000-G35DK:1:1101:26367:19089	extended_3UTR_DCG_Soc1_w_forward_primer	100.000	20	0	0	1	20	7	26	7.31e-08	37.4
M03997:68:000000000-G35DK:1:1102:9639:11653	extended_3UTR_DCG_Soc1_w_forward_primer	100.000	48	0	0	1	48	13	60	4.61e-23	87.8
M03997:68:000000000-G35DK:1:1101:17732:17264	extended_3UTR_DCG_Soc1_w_forward_primer	100.000	19	0	0	1	19	8	26	2.86e-07	35.6
M03997:68:000000000-G35DK:1:2103:22546:18608	extended_3UTR_DCG_Soc1_w_forward_primer	100.000	79	0	0	1	79	13	91	1.19e-39	143
M03997:68:000000000-G35DK:1:1104:14762:5954	extended_3UTR_DCG_Soc1_w_forward_primer	100.000	21	0	0	70	90	1	21	4.23e-08	39.2
M03997:68:000000000-G35DK:1:2101:14736:16867	extended_3UTR_DCG_Soc1_w_forward_primer	100.000	93	0	0	1	93	13	105	3.59e-47	168
M03997:68:000000000-G35DK:1:1101:24001:13914	extended_3UTR_DCG_Soc1_w_forward_primer	100.000	21	0	0	49	69	1	21	3.13e-08	39.2
M03997:68:000000000-G35DK:1:1103:3002:19441	extended_3UTR_DCG_Soc1_w_forward_primer	100.000	93	0	0	1	93	13	105	3.59e-47	168
M03997:68:000000000-G35DK:1:1104:26454:14912	extended_3UTR_DCG_Soc1_w_forward_primer	100.000	54	0	0	1	54	13	66	2.86e-26	98.7
M03997:68:000000000-G35DK:1:1101:24265:18248	extended_3UTR_DCG_Soc1_w_forward_primer	100.000	19	0	0	1	19	8	26	1.83e-06	35.6
M03997:68:000000000-G35DK:1:2103:20528:18773	extended_3UTR_DCG_Soc1_w_forward_primer	96.296	27	1	0	1	27	130	156	3.54e-09	44.6
M03997:68:000000000-G35DK:1:2101:14334:15421	extended_3UTR_DCG_Soc1_w_forward_primer	100.000	21	0	0	1	21	7	27	3.03e-08	39.2
M03997:68:000000000-G35DK:1:2101:9431:14428	extended_3UTR_DCG_Soc1_w_forward_primer	100.000	44	0	0	1	44	93	136	6.16e-21	80.6
M03997:68:000000000-G35DK:1:1104:28671:17973	extended_3UTR_DCG_Soc1_w_forward_primer	100.000	88	0	0	1	88	23	110	1.75e-44	159
M03997:68:000000000-G35DK:1:2101:15551:24837	extended_3UTR_DCG_Soc1_w_forward_primer	100.000	59	0	0	1	59	12	70	6.13e-29	107
M03997:68:000000000-G35DK:1:1102:18966:5956	extended_3UTR_DCG_Soc1_w_forward_primer	100.000	24	0	0	80	103	1	24	1.16e-09	44.6
M03997:68:000000000-G35DK:1:1101:17379:19680	extended_3UTR_DCG_Soc1_w_forward_primer	100.000	45	0	0	1	45	12	56	1.81e-21	82.4
M03997:68:000000000-G35DK:1:2104:19157:23746	extended_3UTR_DCG_Soc1_w_forward_primer	100.000	19	0	0	1	19	8	26	2.17e-07	35.6
M03997:68:000000000-G35DK:1:1104:14159:5593	extended_3UTR_DCG_Soc1_w_forward_primer	76.190	42	5	1	1	42	13	49	9.35e-06	31.9
M03997:68:000000000-G35DK:1:2104:12502:13711	extended_3UTR_DCG_Soc1_w_forward_primer	100.000	18	0	0	1	18	7	24	1.13e-06	33.7
M03997:68:000000000-G35DK:1:2103:22729:18373	extended_3UTR_DCG_Soc1_w_forward_primer	100.000	18	0	0	1	18	7	24	9.55e-07	33.7
M03997:68:000000000-G35DK:1:2102:14037:6528	extended_3UTR_DCG_Soc1_w_forward_primer	100.000	24	0	0	44	67	1	24	7.37e-10	44.6
M03997:68:000000000-G35DK:1:1103:21947:6082	extended_3UTR_DCG_Soc1_w_forward_primer	100.000	19	0	0	1	19	8	26	4.77e-07	35.6
M03997:68:000000000-G35DK:1:2103:18164:6460	extended_3UTR_DCG_Soc1_w_forward_primer	100.000	16	0	0	1	16	10	25	9.77e-06	30.1
M03997:68:000000000-G35DK:1:1101:18829:3193	extended_3UTR_DCG_Soc1_w_forward_primer	100.000	103	0	0	1	103	13	115	1.48e-52	187
M03997:68:000000000-G35DK:1:1103:19619:26485	extended_3UTR_DCG_Soc1_w_forward_primer	97.297	37	1	0	1	37	113	149	1.32e-14	62.6
M03997:68:000000000-G35DK:1:2103:5993:11426	extended_3UTR_DCG_Soc1_w_forward_primer	100.000	50	0	0	1	50	27	76	3.97e-24	91.5
M03997:68:000000000-G35DK:1:1101:10641:22844	extended_3UTR_DCG_Soc1_w_forward_primer	100.000	20	0	0	1	20	5	24	9.29e-08	37.4
M03997:68:000000000-G35DK:1:1103:21232:6756	extended_3UTR_DCG_Soc1_w_forward_primer	100.000	80	0	0	1	80	31	110	3.47e-40	145
M03997:68:000000000-G35DK:1:2102:21692:23279	extended_3UTR_DCG_Soc1_w_forward_primer	100.000	20	0	0	1	20	7	26	5.85e-08	37.4
M03997:68:000000000-G35DK:1:2103:17223:12858	extended_3UTR_DCG_Soc1_w_forward_primer	100.000	86	0	0	1	86	58	143	2.08e-43	156
M03997:68:000000000-G35DK:1:1103:9635:3756	extended_3UTR_DCG_Soc1_w_forward_primer	100.000	18	0	0	1	18	7	24	6.90e-07	33.7
M03997:68:000000000-G35DK:1:1104:23079:16140	extended_3UTR_DCG_Soc1_w_forward_primer	100.000	59	0	0	1	59	64	122	3.54e-28	107
M03997:68:000000000-G35DK:1:1104:21391:15085	extended_3UTR_DCG_Soc1_w_forward_primer	100.000	18	0	0	44	61	1	18	1.15e-06	33.7
M03997:68:000000000-G35DK:1:1102:4682:11037	extended_3UTR_DCG_Soc1_w_forward_primer	100.000	93	0	0	1	93	23	115	3.59e-47	168
M03997:68:000000000-G35DK:1:2103:23174:12137	extended_3UTR_DCG_Soc1_w_forward_primer	100.000	56	0	0	1	56	29	84	2.45e-27	102
M03997:68:000000000-G35DK:1:2103:26792:18825	extended_3UTR_DCG_Soc1_w_forward_primer	100.000	18	0	0	1	18	7	24	2.99e-06	33.7
M03997:68:000000000-G35DK:1:2101:18846:26077	extended_3UTR_DCG_Soc1_w_forward_primer	100.000	20	0	0	1	20	5	24	6.21e-08	37.4
M03997:68:000000000-G35DK:1:1104:20346:21576	extended_3UTR_DCG_Soc1_w_forward_primer	98.000	100	0	1	1	98	37	136	3.81e-47	168
M03997:68:000000000-G35DK:1:1103:27075:13946	extended_3UTR_DCG_Soc1_w_forward_primer	100.000	47	0	0	1	47	56	102	1.57e-22	86.0
M03997:68:000000000-G35DK:1:1103:15214:21998	extended_3UTR_DCG_Soc1_w_forward_primer	100.000	87	0	0	1	87	26	112	6.03e-44	158
M03997:68:000000000-G35DK:1:2104:7348:21761	extended_3UTR_DCG_Soc1_w_forward_primer	100.000	20	0	0	1	20	5	24	4.39e-08	37.4
M03997:68:000000000-G35DK:1:1103:27174:17238	extended_3UTR_DCG_Soc1_w_forward_primer	98.925	93	1	0	1	93	72	164	1.53e-45	163
M03997:68:000000000-G35DK:1:1102:9950:11607	extended_3UTR_DCG_Soc1_w_forward_primer	100.000	21	0	0	44	64	1	21	2.87e-08	39.2
M03997:68:000000000-G35DK:1:2102:18509:17132	extended_3UTR_DCG_Soc1_w_forward_primer	76.190	42	5	1	1	42	13	49	3.80e-06	31.9
M03997:68:000000000-G35DK:1:1102:6671:21703	extended_3UTR_DCG_Soc1_w_forward_primer	100.000	73	0	0	1	73	19	91	1.97e-36	132
M03997:68:000000000-G35DK:1:1104:28021:19338	extended_3UTR_DCG_Soc1_w_forward_primer	100.000	20	0	0	1	20	7	26	5.25e-07	37.4
M03997:68:000000000-G35DK:1:2102:12804:21014	extended_3UTR_DCG_Soc1_w_forward_primer	100.000	17	0	0	1	17	10	26	4.57e-06	31.9
M03997:68:000000000-G35DK:1:1102:24262:20913	extended_3UTR_DCG_Soc1_w_forward_primer	100.000	109	0	0	1	109	13	121	8.70e-56	197
M03997:68:000000000-G35DK:1:2101:21595:11191	extended_3UTR_DCG_Soc1_w_forward_primer	100.000	18	0	0	1	18	7	24	6.68e-07	33.7
M03997:68:000000000-G35DK:1:1101:21835:5257	extended_3UTR_DCG_Soc1_w_forward_primer	100.000	74	0	0	1	74	48	121	5.74e-37	134
M03997:68:000000000-G35DK:1:2104:10683:20041	extended_3UTR_DCG_Soc1_w_forward_primer	100.000	28	0	0	1	28	13	40	2.38e-11	51.8
M03997:68:000000000-G35DK:1:1104:13038:23047	extended_3UTR_DCG_Soc1_w_forward_primer	97.826	46	1	0	1	46	91	136	2.27e-20	78.8
M03997:68:000000000-G35DK:1:2103:12381:4753	extended_3UTR_DCG_Soc1_w_forward_primer	97.297	37	1	0	1	37	74	110	1.33e-15	62.6
M03997:68:000000000-G35DK:1:1103:14421:26270	extended_3UTR_DCG_Soc1_w_forward_primer	100.000	34	0	0	1	34	31	64	1.19e-15	62.6
M03997:68:000000000-G35DK:1:2103:24764:21497	extended_3UTR_DCG_Soc1_w_forward_primer	100.000	72	0	0	1	72	62	133	6.77e-36	131
M03997:68:000000000-G35DK:1:2101:15064:4742	extended_3UTR_DCG_Soc1_w_forward_primer	100.000	79	0	0	1	79	37	115	1.19e-39	143
M03997:68:000000000-G35DK:1:2104:15133:16092	extended_3UTR_DCG_Soc1_w_forward_primer	100.000	19	0	0	1	19	7	25	4.01e-07	35.6
M03997:68:000000000-G35DK:1:2104:8259:10084	extended_3UTR_DCG_Soc1_w_forward_primer	100.000	20	0	0	1	20	7	26	9.84e-08	37.4
M03997:68:000000000-G35DK:1:2101:13524:24530	extended_3UTR_DCG_Soc1_w_forward_primer	100.000	58	0	0	1	58	13	70	2.10e-28	105
M03997:68:000000000-G35DK:1:2102:13800:27499	extended_3UTR_DCG_Soc1_w_forward_primer	100.000	20	0	0	1	20	7	26	5.85e-08	37.4
M03997:68:000000000-G35DK:1:2101:15156:24760	extended_3UTR_DCG_Soc1_w_forward_primer	76.190	42	5	1	1	42	13	49	5.35e-06	31.9
M03997:68:000000000-G35DK:1:2103:11214:10999	extended_3UTR_DCG_Soc1_w_forward_primer	100.000	28	0	0	1	28	88	115	1.66e-12	51.8
M03997:68:000000000-G35DK:1:1104:7707:23937	extended_3UTR_DCG_Soc1_w_forward_primer	100.000	27	0	0	1	27	54	80	5.50e-12	50.0
M03997:68:000000000-G35DK:1:1101:7913:26608	extended_3UTR_DCG_Soc1_w_forward_primer	100.000	20	0	0	1	20	7	26	5.85e-08	37.4
M03997:68:000000000-G35DK:1:1102:18396:10099	extended_3UTR_DCG_Soc1_w_forward_primer	100.000	19	0	0	1	19	7	25	4.20e-07	35.6
M03997:68:000000000-G35DK:1:2102:17544:18055	extended_3UTR_DCG_Soc1_w_forward_primer	100.000	50	0	0	1	50	31	80	3.97e-24	91.5
M03997:68:000000000-G35DK:1:2102:7775:16424	extended_3UTR_DCG_Soc1_w_forward_primer	100.000	18	0	0	1	18	7	24	6.46e-07	33.7
M03997:68:000000000-G35DK:1:2101:18003:27780	extended_3UTR_DCG_Soc1_w_forward_primer	100.000	20	0	0	1	20	7	26	3.30e-08	37.4
M03997:68:000000000-G35DK:1:2101:18280:16188	extended_3UTR_DCG_Soc1_w_forward_primer	100.000	78	0	0	1	78	13	90	4.16e-39	141
M03997:68:000000000-G35DK:1:2102:15243:27470	extended_3UTR_DCG_Soc1_w_forward_primer	100.000	121	0	0	1	121	13	133	2.98e-62	219
M03997:68:000000000-G35DK:1:2102:19202:20415	extended_3UTR_DCG_Soc1_w_forward_primer	100.000	61	0	0	1	61	58	118	5.74e-30	111
M03997:68:000000000-G35DK:1:2102:15157:11276	extended_3UTR_DCG_Soc1_w_forward_primer	100.000	19	0	0	1	19	8	26	1.34e-07	35.6
M03997:68:000000000-G35DK:1:1104:11388:11530	extended_3UTR_DCG_Soc1_w_forward_primer	98.438	64	1	0	1	64	75	138	5.54e-30	111
M03997:68:000000000-G35DK:1:1103:9688:5201	extended_3UTR_DCG_Soc1_w_forward_primer	100.000	94	0	0	1	94	12	105	1.04e-47	170
M03997:68:000000000-G35DK:1:1102:18657:27722	extended_3UTR_DCG_Soc1_w_forward_primer	100.000	20	0	0	1	20	7	26	8.38e-08	37.4
M03997:68:000000000-G35DK:1:2103:27182:16364	extended_3UTR_DCG_Soc1_w_forward_primer	95.238	42	2	0	1	42	23	64	3.67e-17	68.0
M03997:68:000000000-G35DK:1:2102:18287:14916	extended_3UTR_DCG_Soc1_w_forward_primer	97.917	48	1	0	1	48	15	62	1.96e-21	82.4
M03997:68:000000000-G35DK:1:1103:13471:4489	extended_3UTR_DCG_Soc1_w_forward_primer	100.000	48	0	0	1	48	29	76	4.61e-23	87.8
M03997:68:000000000-G35DK:1:1104:20277:27466	extended_3UTR_DCG_Soc1_w_forward_primer	100.000	39	0	0	1	39	13	51	2.75e-18	71.6
M03997:68:000000000-G35DK:1:2103:23326:10322	extended_3UTR_DCG_Soc1_w_forward_primer	100.000	70	0	0	1	70	13	82	7.99e-35	127
M03997:68:000000000-G35DK:1:2104:23571:22410	extended_3UTR_DCG_Soc1_w_forward_primer	100.000	17	0	0	1	17	8	24	6.66e-06	31.9
M03997:68:000000000-G35DK:1:2102:13545:13267	extended_3UTR_DCG_Soc1_w_forward_primer	100.000	109	0	0	1	109	13	121	2.54e-55	197
M03997:68:000000000-G35DK:1:2101:11812:23376	extended_3UTR_DCG_Soc1_w_forward_primer	100.000	20	0	0	1	20	7	26	3.47e-08	37.4
M03997:68:000000000-G35DK:1:1102:21897:8605	extended_3UTR_DCG_Soc1_w_forward_primer	100.000	28	0	0	1	28	8	35	1.66e-12	51.8
M03997:68:000000000-G35DK:1:1104:10146:8525	extended_3UTR_DCG_Soc1_w_forward_primer	100.000	18	0	0	1	18	7	24	1.82e-06	33.7
M03997:68:000000000-G35DK:1:1101:21327:21820	extended_3UTR_DCG_Soc1_w_forward_primer	100.000	56	0	0	1	56	83	138	2.45e-27	102
M03997:68:000000000-G35DK:1:1103:18695:20500	extended_3UTR_DCG_Soc1_w_forward_primer	95.238	21	1	0	42	62	1	21	1.18e-06	33.7
M03997:68:000000000-G35DK:1:2103:20901:8116	extended_3UTR_DCG_Soc1_w_forward_primer	100.000	18	0	0	1	18	7	24	6.40e-06	33.7
M03997:68:000000000-G35DK:1:2102:4480:16640	extended_3UTR_DCG_Soc1_w_forward_primer	100.000	20	0	0	1	20	7	26	1.33e-07	37.4
M03997:68:000000000-G35DK:1:2102:15701:10666	extended_3UTR_DCG_Soc1_w_forward_primer	100.000	39	0	0	1	39	42	80	2.75e-18	71.6
M03997:68:000000000-G35DK:1:1102:16344:15469	extended_3UTR_DCG_Soc1_w_forward_primer	100.000	58	0	0	1	58	13	70	2.10e-28	105
M03997:68:000000000-G35DK:1:1102:3618:21041	extended_3UTR_DCG_Soc1_w_forward_primer	100.000	42	0	0	1	42	58	99	4.93e-19	77.0
M03997:68:000000000-G35DK:1:1102:19148:18174	extended_3UTR_DCG_Soc1_w_forward_primer	100.000	77	0	0	1	77	15	91	1.41e-38	140
M03997:68:000000000-G35DK:1:2104:4499:9840	extended_3UTR_DCG_Soc1_w_forward_primer	100.000	50	0	0	1	50	56	105	3.97e-24	91.5
M03997:68:000000000-G35DK:1:2102:9882:12703	extended_3UTR_DCG_Soc1_w_forward_primer	100.000	17	0	0	1	17	10	26	3.33e-06	31.9
M03997:68:000000000-G35DK:1:1103:17345:24163	extended_3UTR_DCG_Soc1_w_forward_primer	100.000	40	0	0	1	40	99	138	8.12e-19	73.4
M03997:68:000000000-G35DK:1:1103:9389:13380	extended_3UTR_DCG_Soc1_w_forward_primer	100.000	117	0	0	1	117	54	170	1.15e-59	212
M03997:68:000000000-G35DK:1:1103:19221:3419	extended_3UTR_DCG_Soc1_w_forward_primer	100.000	21	0	0	45	65	1	21	2.92e-08	39.2
M03997:68:000000000-G35DK:1:2101:10832:25852	extended_3UTR_DCG_Soc1_w_forward_primer	100.000	70	0	0	1	70	52	121	7.99e-35	127
M03997:68:000000000-G35DK:1:1101:25126:17993	extended_3UTR_DCG_Soc1_w_forward_primer	100.000	61	0	0	1	61	23	83	5.24e-30	111
M03997:68:000000000-G35DK:1:1101:3847:11352	extended_3UTR_DCG_Soc1_w_forward_primer	100.000	109	0	0	1	109	13	121	8.70e-56	197
M03997:68:000000000-G35DK:1:2101:14610:2663	extended_3UTR_DCG_Soc1_w_forward_primer	100.000	70	0	0	1	70	13	82	7.99e-35	127
M03997:68:000000000-G35DK:1:2102:24121:15669	extended_3UTR_DCG_Soc1_w_forward_primer	100.000	72	0	0	1	72	93	164	6.77e-36	131
M03997:68:000000000-G35DK:1:1104:6628:17987	extended_3UTR_DCG_Soc1_w_forward_primer	100.000	17	0	0	1	17	8	24	1.63e-06	31.9
M03997:68:000000000-G35DK:1:2101:27353:20979	extended_3UTR_DCG_Soc1_w_forward_primer	99.160	119	1	0	1	119	13	131	1.52e-59	210
M03997:68:000000000-G35DK:1:1102:17432:9837	extended_3UTR_DCG_Soc1_w_forward_primer	100.000	18	0	0	1	18	7	24	9.32e-07	33.7
M03997:68:000000000-G35DK:1:2101:16193:25607	extended_3UTR_DCG_Soc1_w_forward_primer	100.000	34	0	0	1	34	13	46	1.19e-15	62.6
M03997:68:000000000-G35DK:1:1101:16304:6349	extended_3UTR_DCG_Soc1_w_forward_primer	97.333	75	2	0	1	75	80	154	9.43e-35	127
M03997:68:000000000-G35DK:1:1101:24881:12703	extended_3UTR_DCG_Soc1_w_forward_primer	100.000	54	0	0	1	54	13	66	2.86e-26	98.7
M03997:68:000000000-G35DK:1:1101:14431:12317	extended_3UTR_DCG_Soc1_w_forward_primer	100.000	64	0	0	1	64	58	121	1.30e-31	116
M03997:68:000000000-G35DK:1:2103:26413:9817	extended_3UTR_DCG_Soc1_w_forward_primer	100.000	19	0	0	1	19	7	25	1.98e-07	35.6
M03997:68:000000000-G35DK:1:1103:17297:4454	extended_3UTR_DCG_Soc1_w_forward_primer	100.000	47	0	0	1	47	56	102	1.57e-22	86.0
M03997:68:000000000-G35DK:1:1101:5715:14201	extended_3UTR_DCG_Soc1_w_forward_primer	100.000	17	0	0	1	17	8	24	2.41e-06	31.9
M03997:68:000000000-G35DK:1:1104:19024:8312	extended_3UTR_DCG_Soc1_w_forward_primer	98.684	76	1	0	1	76	60	135	2.06e-36	132
M03997:68:000000000-G35DK:1:2103:11836:11023	extended_3UTR_DCG_Soc1_w_forward_primer	100.000	96	0	0	1	96	83	178	8.75e-49	174
M03997:68:000000000-G35DK:1:2101:2066:16218	extended_3UTR_DCG_Soc1_w_forward_primer	100.000	65	0	0	1	65	112	176	3.80e-32	118
M03997:68:000000000-G35DK:1:1103:9737:22559	extended_3UTR_DCG_Soc1_w_forward_primer	100.000	34	0	0	1	34	118	151	1.19e-15	62.6
M03997:68:000000000-G35DK:1:1103:26120:9754	extended_3UTR_DCG_Soc1_w_forward_primer	100.000	18	0	0	1	18	7	24	6.40e-06	33.7
M03997:68:000000000-G35DK:1:2103:13433:23030	extended_3UTR_DCG_Soc1_w_forward_primer	100.000	22	0	0	1	22	5	26	2.85e-09	41.0
M03997:68:000000000-G35DK:1:1104:5652:12924	extended_3UTR_DCG_Soc1_w_forward_primer	100.000	74	0	0	1	74	48	121	5.74e-37	134
M03997:68:000000000-G35DK:1:1104:7409:23648	extended_3UTR_DCG_Soc1_w_forward_primer	98.913	92	1	0	1	92	8	99	5.27e-45	161
M03997:68:000000000-G35DK:1:1102:28430:16651	extended_3UTR_DCG_Soc1_w_forward_primer	100.000	19	0	0	1	19	7	25	3.18e-07	35.6
M03997:68:000000000-G35DK:1:1101:24795:8480	extended_3UTR_DCG_Soc1_w_forward_primer	100.000	110	0	0	1	110	13	122	2.52e-56	199
M03997:68:000000000-G35DK:1:1102:17587:6473	extended_3UTR_DCG_Soc1_w_forward_primer	100.000	20	0	0	1	20	5	24	4.39e-08	37.4
M03997:68:000000000-G35DK:1:1101:20241:13661	extended_3UTR_DCG_Soc1_w_forward_primer	100.000	90	0	0	1	90	47	136	1.47e-45	163
M03997:68:000000000-G35DK:1:1104:25063:18453	extended_3UTR_DCG_Soc1_w_forward_primer	100.000	18	0	0	1	18	7	24	1.78e-06	33.7
M03997:68:000000000-G35DK:1:2102:18518:11069	extended_3UTR_DCG_Soc1_w_forward_primer	100.000	47	0	0	1	47	62	108	1.57e-22	86.0
M03997:68:000000000-G35DK:1:1103:21465:14061	extended_3UTR_DCG_Soc1_w_forward_primer	100.000	39	0	0	1	39	83	121	2.75e-18	71.6
M03997:68:000000000-G35DK:1:1103:25469:11481	extended_3UTR_DCG_Soc1_w_forward_primer	100.000	116	0	0	1	116	26	141	1.48e-59	210
M03997:68:000000000-G35DK:1:2102:25450:23175	extended_3UTR_DCG_Soc1_w_forward_primer	100.000	20	0	0	1	20	7	26	5.67e-08	37.4
M03997:68:000000000-G35DK:1:1104:26032:22705	extended_3UTR_DCG_Soc1_w_forward_primer	100.000	20	0	0	1	20	7	26	5.25e-07	37.4
M03997:68:000000000-G35DK:1:2101:8140:26175	extended_3UTR_DCG_Soc1_w_forward_primer	100.000	77	0	0	1	77	15	91	1.41e-38	140
M03997:68:000000000-G35DK:1:1104:9643:16453	extended_3UTR_DCG_Soc1_w_forward_primer	100.000	54	0	0	1	54	15	68	2.86e-26	98.7
M03997:68:000000000-G35DK:1:1104:6464:8380	extended_3UTR_DCG_Soc1_w_forward_primer	100.000	39	0	0	1	39	83	121	2.75e-18	71.6
M03997:68:000000000-G35DK:1:2101:13966:8998	extended_3UTR_DCG_Soc1_w_forward_primer	100.000	42	0	0	1	42	113	154	5.99e-19	77.0
M03997:68:000000000-G35DK:1:1101:8868:4875	extended_3UTR_DCG_Soc1_w_forward_primer	100.000	79	0	0	1	79	58	136	1.19e-39	143
M03997:68:000000000-G35DK:1:2101:20952:17844	extended_3UTR_DCG_Soc1_w_forward_primer	98.851	87	1	0	1	87	26	112	2.57e-42	152
M03997:68:000000000-G35DK:1:2101:19688:17831	extended_3UTR_DCG_Soc1_w_forward_primer	100.000	110	0	0	1	110	27	136	2.52e-56	199
M03997:68:000000000-G35DK:1:2104:22439:16291	extended_3UTR_DCG_Soc1_w_forward_primer	100.000	20	0	0	1	20	7	26	6.21e-08	37.4
M03997:68:000000000-G35DK:1:2102:20437:8596	extended_3UTR_DCG_Soc1_w_forward_primer	76.190	42	5	1	1	42	13	49	4.73e-06	31.9
M03997:68:000000000-G35DK:1:1101:26173:9373	extended_3UTR_DCG_Soc1_w_forward_primer	100.000	20	0	0	1	20	7	26	6.21e-08	37.4
M03997:68:000000000-G35DK:1:2101:3860:15170	extended_3UTR_DCG_Soc1_w_forward_primer	100.000	76	0	0	1	76	7	82	4.85e-38	138
M03997:68:000000000-G35DK:1:1101:24850:9492	extended_3UTR_DCG_Soc1_w_forward_primer	100.000	30	0	0	1	30	10	39	1.50e-13	55.4
M03997:68:000000000-G35DK:1:2103:27114:14491	extended_3UTR_DCG_Soc1_w_forward_primer	100.000	20	0	0	1	20	7	26	6.21e-08	37.4
M03997:68:000000000-G35DK:1:2104:16052:24687	extended_3UTR_DCG_Soc1_w_forward_primer	100.000	24	0	0	123	146	1	24	1.69e-09	44.6
M03997:68:000000000-G35DK:1:2104:18887:4659	extended_3UTR_DCG_Soc1_w_forward_primer	100.000	53	0	0	1	53	12	64	9.76e-26	96.9
M03997:68:000000000-G35DK:1:1101:8835:10020	extended_3UTR_DCG_Soc1_w_forward_primer	100.000	42	0	0	1	42	58	99	7.08e-20	77.0
M03997:68:000000000-G35DK:1:2104:21312:5965	extended_3UTR_DCG_Soc1_w_forward_primer	100.000	88	0	0	1	88	23	110	1.75e-44	159
M03997:68:000000000-G35DK:1:2101:20849:12898	extended_3UTR_DCG_Soc1_w_forward_primer	100.000	31	0	0	1	31	15	45	4.49e-14	57.2
M03997:68:000000000-G35DK:1:2101:18470:3728	extended_3UTR_DCG_Soc1_w_forward_primer	100.000	21	0	0	40	60	1	21	2.66e-08	39.2
M03997:68:000000000-G35DK:1:1104:20650:17215	extended_3UTR_DCG_Soc1_w_forward_primer	100.000	76	0	0	4	79	46	121	5.07e-38	138
M03997:68:000000000-G35DK:1:2103:21871:26261	extended_3UTR_DCG_Soc1_w_forward_primer	100.000	19	0	0	1	19	8	26	1.83e-06	35.6
M03997:68:000000000-G35DK:1:1103:11367:13336	extended_3UTR_DCG_Soc1_w_forward_primer	97.436	39	1	0	1	39	74	112	1.17e-16	66.2
M03997:68:000000000-G35DK:1:1104:12149:13931	extended_3UTR_DCG_Soc1_w_forward_primer	100.000	63	0	0	1	63	20	82	4.46e-31	114
M03997:68:000000000-G35DK:1:1103:25846:12121	extended_3UTR_DCG_Soc1_w_forward_primer	100.000	54	0	0	1	54	13	66	2.86e-26	98.7
M03997:68:000000000-G35DK:1:2103:21940:26608	extended_3UTR_DCG_Soc1_w_forward_primer	100.000	17	0	0	1	17	8	24	2.49e-06	31.9
M03997:68:000000000-G35DK:1:2104:21732:5870	extended_3UTR_DCG_Soc1_w_forward_primer	100.000	82	0	0	1	82	10	91	2.92e-41	149
M03997:68:000000000-G35DK:1:1104:22746:4765	extended_3UTR_DCG_Soc1_w_forward_primer	100.000	19	0	0	1	19	7	25	1.28e-07	35.6
M03997:68:000000000-G35DK:1:1103:27347:22207	extended_3UTR_DCG_Soc1_w_forward_primer	100.000	66	0	0	1	66	48	113	1.11e-32	120
M03997:68:000000000-G35DK:1:1102:11699:24842	extended_3UTR_DCG_Soc1_w_forward_primer	100.000	96	0	0	1	96	26	121	8.75e-49	174
M03997:68:000000000-G35DK:1:1102:24574:24408	extended_3UTR_DCG_Soc1_w_forward_primer	100.000	53	0	0	1	53	58	110	9.76e-26	96.9
M03997:68:000000000-G35DK:1:2101:4560:16769	extended_3UTR_DCG_Soc1_w_forward_primer	100.000	33	0	0	1	33	83	115	4.00e-15	60.8
M03997:68:000000000-G35DK:1:2103:8126:12015	extended_3UTR_DCG_Soc1_w_forward_primer	100.000	32	0	0	1	32	100	131	1.34e-14	59.0
M03997:68:000000000-G35DK:1:2103:17649:6027	extended_3UTR_DCG_Soc1_w_forward_primer	96.875	64	2	0	1	64	72	135	6.87e-29	107
M03997:68:000000000-G35DK:1:2103:9136:24248	extended_3UTR_DCG_Soc1_w_forward_primer	100.000	90	0	0	1	90	26	115	1.47e-45	163
M03997:68:000000000-G35DK:1:1103:29127:15269	extended_3UTR_DCG_Soc1_w_forward_primer	100.000	19	0	0	1	19	8	26	1.34e-07	35.6
M03997:68:000000000-G35DK:1:1101:25480:24720	extended_3UTR_DCG_Soc1_w_forward_primer	100.000	54	0	0	1	54	13	66	2.86e-26	98.7
M03997:68:000000000-G35DK:1:1101:17702:5452	extended_3UTR_DCG_Soc1_w_forward_primer	100.000	18	0	0	1	18	7	24	2.85e-06	33.7
M03997:68:000000000-G35DK:1:2104:18359:28753	extended_3UTR_DCG_Soc1_w_forward_primer	100.000	44	0	0	1	44	29	72	6.16e-21	80.6
M03997:68:000000000-G35DK:1:2104:17189:21161	extended_3UTR_DCG_Soc1_w_forward_primer	100.000	24	0	0	101	124	1	24	1.54e-09	44.6
M03997:68:000000000-G35DK:1:1104:17460:2362	extended_3UTR_DCG_Soc1_w_forward_primer	98.400	125	2	0	1	125	19	143	1.08e-61	217
M03997:68:000000000-G35DK:1:2102:6022:11269	extended_3UTR_DCG_Soc1_w_forward_primer	100.000	18	0	0	1	18	7	24	2.32e-06	33.7
M03997:68:000000000-G35DK:1:1102:11989:6042	extended_3UTR_DCG_Soc1_w_forward_primer	100.000	18	0	0	1	18	7	24	2.66e-06	33.7
M03997:68:000000000-G35DK:1:2104:28758:12404	extended_3UTR_DCG_Soc1_w_forward_primer	99.367	158	1	0	1	158	13	170	2.71e-80	280
M03997:68:000000000-G35DK:1:1102:14155:14353	extended_3UTR_DCG_Soc1_w_forward_primer	100.000	21	0	0	37	57	1	21	2.51e-08	39.2
M03997:68:000000000-G35DK:1:2102:16105:21805	extended_3UTR_DCG_Soc1_w_forward_primer	100.000	44	0	0	1	44	72	115	6.16e-21	80.6
M03997:68:000000000-G35DK:1:1104:8223:8742	extended_3UTR_DCG_Soc1_w_forward_primer	100.000	66	0	0	1	66	56	121	1.11e-32	120
M03997:68:000000000-G35DK:1:2102:9892:27030	extended_3UTR_DCG_Soc1_w_forward_primer	100.000	20	0	0	1	20	23	42	6.95e-08	37.4
M03997:68:000000000-G35DK:1:2104:15337:2821	extended_3UTR_DCG_Soc1_w_forward_primer	100.000	18	0	0	1	18	7	24	1.20e-06	33.7
M03997:68:000000000-G35DK:1:2103:21288:4206	extended_3UTR_DCG_Soc1_w_forward_primer	100.000	99	0	0	1	99	7	105	2.13e-50	179
M03997:68:000000000-G35DK:1:1102:15378:23773	extended_3UTR_DCG_Soc1_w_forward_primer	99.187	123	1	0	1	123	13	135	1.07e-61	217
M03997:68:000000000-G35DK:1:2101:7773:19052	extended_3UTR_DCG_Soc1_w_forward_primer	100.000	18	0	0	1	18	7	24	7.57e-07	33.7
M03997:68:000000000-G35DK:1:2102:18643:16600	extended_3UTR_DCG_Soc1_w_forward_primer	100.000	16	0	0	1	16	13	28	8.68e-06	30.1
M03997:68:000000000-G35DK:1:1102:6664:10945	extended_3UTR_DCG_Soc1_w_forward_primer	100.000	71	0	0	1	71	13	83	2.33e-35	129
M03997:68:000000000-G35DK:1:1103:19372:18530	extended_3UTR_DCG_Soc1_w_forward_primer	100.000	88	0	0	1	88	23	110	1.75e-44	159
M03997:68:000000000-G35DK:1:2101:18980:19768	extended_3UTR_DCG_Soc1_w_forward_primer	100.000	33	0	0	1	33	13	45	4.00e-15	60.8
M03997:68:000000000-G35DK:1:1103:22444:19936	extended_3UTR_DCG_Soc1_w_forward_primer	100.000	103	0	0	1	103	8	110	1.48e-52	187
M03997:68:000000000-G35DK:1:2101:20431:7838	extended_3UTR_DCG_Soc1_w_forward_primer	100.000	93	0	0	1	93	13	105	3.59e-47	168
M03997:68:000000000-G35DK:1:2102:16739:10509	extended_3UTR_DCG_Soc1_w_forward_primer	100.000	18	0	0	1	18	8	25	1.64e-06	33.7
M03997:68:000000000-G35DK:1:2104:23749:20523	extended_3UTR_DCG_Soc1_w_forward_primer	100.000	92	0	0	1	92	13	104	1.24e-46	167
M03997:68:000000000-G35DK:1:2101:21706:16328	extended_3UTR_DCG_Soc1_w_forward_primer	100.000	21	0	0	85	105	1	21	4.94e-08	39.2
M03997:68:000000000-G35DK:1:1103:6574:23248	extended_3UTR_DCG_Soc1_w_forward_primer	98.925	93	1	0	1	93	10	102	1.53e-45	163
M03997:68:000000000-G35DK:1:1102:15203:9107	extended_3UTR_DCG_Soc1_w_forward_primer	100.000	59	0	0	1	59	6	64	6.13e-29	107
M03997:68:000000000-G35DK:1:2103:12651:24771	extended_3UTR_DCG_Soc1_w_forward_primer	100.000	18	0	0	1	18	7	24	1.09e-06	33.7
M03997:68:000000000-G35DK:1:1101:11452:16324	extended_3UTR_DCG_Soc1_w_forward_primer	100.000	53	0	0	1	53	56	108	9.76e-26	96.9
M03997:68:000000000-G35DK:1:2103:20160:11962	extended_3UTR_DCG_Soc1_w_forward_primer	100.000	27	0	0	1	27	19	45	5.50e-12	50.0
M03997:68:000000000-G35DK:1:1102:11426:12728	extended_3UTR_DCG_Soc1_w_forward_primer	100.000	18	0	0	1	18	7	24	6.40e-06	33.7
M03997:68:000000000-G35DK:1:2101:7655:13700	extended_3UTR_DCG_Soc1_w_forward_primer	95.000	20	1	0	1	20	7	26	2.33e-06	31.9
M03997:68:000000000-G35DK:1:1104:8975:6547	extended_3UTR_DCG_Soc1_w_forward_primer	76.190	42	5	1	1	42	13	49	7.96e-06	31.9
M03997:68:000000000-G35DK:1:2104:15774:21019	extended_3UTR_DCG_Soc1_w_forward_primer	100.000	115	0	0	1	115	7	121	5.10e-59	208
M03997:68:000000000-G35DK:1:2104:17698:5532	extended_3UTR_DCG_Soc1_w_forward_primer	100.000	66	0	0	1	66	56	121	1.11e-32	120
M03997:68:000000000-G35DK:1:2104:27819:13009	extended_3UTR_DCG_Soc1_w_forward_primer	100.000	17	0	0	1	17	10	26	3.72e-06	31.9
M03997:68:000000000-G35DK:1:1103:25763:23063	extended_3UTR_DCG_Soc1_w_forward_primer	100.000	20	0	0	1	20	5	24	3.47e-08	37.4
M03997:68:000000000-G35DK:1:2103:21620:20318	extended_3UTR_DCG_Soc1_w_forward_primer	100.000	20	0	0	1	20	7	26	5.85e-08	37.4
M03997:68:000000000-G35DK:1:2103:13717:6619	extended_3UTR_DCG_Soc1_w_forward_primer	98.592	71	1	0	1	71	13	83	9.89e-34	123
M03997:68:000000000-G35DK:1:1101:21604:6705	extended_3UTR_DCG_Soc1_w_forward_primer	100.000	30	0	0	1	30	83	112	1.50e-13	55.4
M03997:68:000000000-G35DK:1:1101:19920:3826	extended_3UTR_DCG_Soc1_w_forward_primer	100.000	20	0	0	1	20	7	26	6.21e-08	37.4
M03997:68:000000000-G35DK:1:2103:17317:17886	extended_3UTR_DCG_Soc1_w_forward_primer	100.000	95	0	0	1	95	13	107	3.02e-48	172
M03997:68:000000000-G35DK:1:2102:10156:4638	extended_3UTR_DCG_Soc1_w_forward_primer	100.000	19	0	0	1	19	7	25	9.07e-07	35.6
M03997:68:000000000-G35DK:1:1104:4551:14251	extended_3UTR_DCG_Soc1_w_forward_primer	100.000	18	0	0	1	18	7	24	6.46e-07	33.7
M03997:68:000000000-G35DK:1:2102:25735:17218	extended_3UTR_DCG_Soc1_w_forward_primer	100.000	28	0	0	1	28	128	155	1.99e-12	51.8
M03997:68:000000000-G35DK:1:1103:19554:3477	extended_3UTR_DCG_Soc1_w_forward_primer	100.000	19	0	0	1	19	8	26	1.98e-07	35.6
M03997:68:000000000-G35DK:1:1101:25142:14212	extended_3UTR_DCG_Soc1_w_forward_primer	100.000	20	0	0	1	20	7	26	6.21e-08	37.4
M03997:68:000000000-G35DK:1:2101:22495:13090	extended_3UTR_DCG_Soc1_w_forward_primer	100.000	36	0	0	1	36	21	56	1.05e-16	66.2
M03997:68:000000000-G35DK:1:2103:6139:19382	extended_3UTR_DCG_Soc1_w_forward_primer	100.000	20	0	0	1	20	7	26	6.21e-08	37.4
M03997:68:000000000-G35DK:1:2102:20011:8784	extended_3UTR_DCG_Soc1_w_forward_primer	100.000	46	0	0	1	46	60	105	5.34e-22	84.2
M03997:68:000000000-G35DK:1:1104:22446:10080	extended_3UTR_DCG_Soc1_w_forward_primer	98.947	95	1	0	1	95	37	131	1.28e-46	167
M03997:68:000000000-G35DK:1:1102:14794:28211	extended_3UTR_DCG_Soc1_w_forward_primer	97.521	121	1	1	1	119	13	133	2.25e-57	203
M03997:68:000000000-G35DK:1:1101:10456:19739	extended_3UTR_DCG_Soc1_w_forward_primer	99.213	127	1	0	1	127	15	141	7.40e-64	224
M03997:68:000000000-G35DK:1:2103:13119:20102	extended_3UTR_DCG_Soc1_w_forward_primer	100.000	66	0	0	1	66	56	121	1.11e-32	120
M03997:68:000000000-G35DK:1:1102:10468:23255	extended_3UTR_DCG_Soc1_w_forward_primer	100.000	58	0	0	1	58	13	70	2.10e-28	105
M03997:68:000000000-G35DK:1:1102:26162:15306	extended_3UTR_DCG_Soc1_w_forward_primer	100.000	20	0	0	1	20	5	24	5.25e-07	37.4
M03997:68:000000000-G35DK:1:1103:15419:7671	extended_3UTR_DCG_Soc1_w_forward_primer	100.000	137	0	0	1	137	26	162	7.04e-71	248
M03997:68:000000000-G35DK:1:2101:12391:11581	extended_3UTR_DCG_Soc1_w_forward_primer	98.113	53	1	0	1	53	60	112	4.15e-24	91.5
M03997:68:000000000-G35DK:1:1101:17193:24107	extended_3UTR_DCG_Soc1_w_forward_primer	100.000	24	0	0	83	106	1	24	1.22e-09	44.6
M03997:68:000000000-G35DK:1:1102:7712:7679	extended_3UTR_DCG_Soc1_w_forward_primer	100.000	44	0	0	1	44	72	115	6.16e-21	80.6
M03997:68:000000000-G35DK:1:2101:22248:4039	extended_3UTR_DCG_Soc1_w_forward_primer	100.000	46	0	0	1	46	13	58	5.34e-22	84.2
M03997:68:000000000-G35DK:1:2104:26024:15940	extended_3UTR_DCG_Soc1_w_forward_primer	100.000	22	0	0	1	22	5	26	2.85e-09	41.0
M03997:68:000000000-G35DK:1:1102:13268:21244	extended_3UTR_DCG_Soc1_w_forward_primer	100.000	27	0	0	1	27	128	154	1.19e-11	50.0
M03997:68:000000000-G35DK:1:1102:13736:5450	extended_3UTR_DCG_Soc1_w_forward_primer	96.581	117	0	1	1	113	24	140	3.85e-54	192
M03997:68:000000000-G35DK:1:2104:16580:11538	extended_3UTR_DCG_Soc1_w_forward_primer	100.000	18	0	0	1	18	7	24	2.72e-06	33.7
M03997:68:000000000-G35DK:1:1104:2389:13494	extended_3UTR_DCG_Soc1_w_forward_primer	100.000	106	0	0	1	106	7	112	3.59e-54	192
M03997:68:000000000-G35DK:1:2101:23348:16140	extended_3UTR_DCG_Soc1_w_forward_primer	100.000	126	0	0	1	126	13	138	6.02e-65	228
M03997:68:000000000-G35DK:1:1102:16859:21535	extended_3UTR_DCG_Soc1_w_forward_primer	100.000	18	0	0	1	18	7	24	1.82e-06	33.7
M03997:68:000000000-G35DK:1:2101:20077:24009	extended_3UTR_DCG_Soc1_w_forward_primer	100.000	17	0	0	1	17	8	24	3.33e-06	31.9
M03997:68:000000000-G35DK:1:1103:14622:28716	extended_3UTR_DCG_Soc1_w_forward_primer	96.581	117	4	0	1	117	83	199	1.34e-54	194
M03997:68:000000000-G35DK:1:1103:21312:12416	extended_3UTR_DCG_Soc1_w_forward_primer	100.000	33	0	0	1	33	48	80	4.00e-15	60.8
M03997:68:000000000-G35DK:1:2103:29201:12599	extended_3UTR_DCG_Soc1_w_forward_primer	100.000	18	0	0	1	18	7	24	1.64e-06	33.7
M03997:68:000000000-G35DK:1:1102:15695:10498	extended_3UTR_DCG_Soc1_w_forward_primer	100.000	46	0	0	1	46	119	164	5.34e-22	84.2
M03997:68:000000000-G35DK:1:2104:12084:23625	extended_3UTR_DCG_Soc1_w_forward_primer	100.000	58	0	0	1	58	13	70	2.10e-28	105
M03997:68:000000000-G35DK:1:2102:3657:17236	extended_3UTR_DCG_Soc1_w_forward_primer	98.485	66	1	0	1	66	56	121	4.71e-31	114
M03997:68:000000000-G35DK:1:1101:8011:13449	extended_3UTR_DCG_Soc1_w_forward_primer	100.000	128	0	0	1	128	21	148	5.03e-66	232
M03997:68:000000000-G35DK:1:2103:26745:12686	extended_3UTR_DCG_Soc1_w_forward_primer	100.000	100	0	0	1	100	13	112	6.17e-51	181
M03997:68:000000000-G35DK:1:1102:16223:20102	extended_3UTR_DCG_Soc1_w_forward_primer	100.000	74	0	0	1	74	29	102	5.74e-37	134
M03997:68:000000000-G35DK:1:1104:9012:15806	extended_3UTR_DCG_Soc1_w_forward_primer	100.000	18	0	0	60	77	2	19	6.40e-06	33.7
M03997:68:000000000-G35DK:1:2101:21638:9425	extended_3UTR_DCG_Soc1_w_forward_primer	100.000	58	0	0	1	58	13	70	2.10e-28	105
M03997:68:000000000-G35DK:1:2103:28670:10814	extended_3UTR_DCG_Soc1_w_forward_primer	100.000	18	0	0	1	18	7	24	3.32e-06	33.7
M03997:68:000000000-G35DK:1:1103:6578:18806	extended_3UTR_DCG_Soc1_w_forward_primer	100.000	17	0	0	1	17	8	24	3.25e-06	31.9
M03997:68:000000000-G35DK:1:2104:21793:26793	extended_3UTR_DCG_Soc1_w_forward_primer	100.000	18	0	0	1	18	7	24	4.23e-07	33.7
M03997:68:000000000-G35DK:1:1101:18996:4167	extended_3UTR_DCG_Soc1_w_forward_primer	100.000	59	0	0	1	59	54	112	6.13e-29	107
M03997:68:000000000-G35DK:1:2104:9881:26627	extended_3UTR_DCG_Soc1_w_forward_primer	100.000	91	0	0	1	91	31	121	4.27e-46	165
M03997:68:000000000-G35DK:1:2102:25737:21758	extended_3UTR_DCG_Soc1_w_forward_primer	100.000	51	0	0	1	51	62	112	1.13e-24	93.3
M03997:68:000000000-G35DK:1:2102:23449:22264	extended_3UTR_DCG_Soc1_w_forward_primer	100.000	18	0	0	1	18	7	24	2.97e-06	33.7
M03997:68:000000000-G35DK:1:1103:22297:14796	extended_3UTR_DCG_Soc1_w_forward_primer	100.000	62	0	0	1	62	21	82	1.53e-30	113
M03997:68:000000000-G35DK:1:1104:28674:11589	extended_3UTR_DCG_Soc1_w_forward_primer	100.000	21	0	0	38	58	1	21	2.56e-08	39.2
M03997:68:000000000-G35DK:1:1102:17042:23097	extended_3UTR_DCG_Soc1_w_forward_primer	100.000	50	0	0	1	50	13	62	3.97e-24	91.5
M03997:68:000000000-G35DK:1:1104:21780:6003	extended_3UTR_DCG_Soc1_w_forward_primer	100.000	18	0	0	1	18	7	24	7.13e-07	33.7
M03997:68:000000000-G35DK:1:2101:23162:22879	extended_3UTR_DCG_Soc1_w_forward_primer	100.000	62	0	0	1	62	7	68	1.53e-30	113
M03997:68:000000000-G35DK:1:1101:6238:20481	extended_3UTR_DCG_Soc1_w_forward_primer	100.000	18	0	0	1	18	7	24	8.24e-07	33.7
M03997:68:000000000-G35DK:1:1103:27875:18714	extended_3UTR_DCG_Soc1_w_forward_primer	100.000	119	0	0	1	119	13	131	3.57e-61	215
M03997:68:000000000-G35DK:1:1101:8907:24067	extended_3UTR_DCG_Soc1_w_forward_primer	100.000	52	0	0	1	52	13	64	3.33e-25	95.1
M03997:68:000000000-G35DK:1:2104:9796:24791	extended_3UTR_DCG_Soc1_w_forward_primer	100.000	20	0	0	1	20	7	26	3.30e-08	37.4
M03997:68:000000000-G35DK:1:1103:18742:28507	extended_3UTR_DCG_Soc1_w_forward_primer	100.000	99	0	0	1	99	7	105	2.13e-50	179
M03997:68:000000000-G35DK:1:1102:20412:17199	extended_3UTR_DCG_Soc1_w_forward_primer	100.000	93	0	0	1	93	13	105	3.59e-47	168
M03997:68:000000000-G35DK:1:1101:8904:14600	extended_3UTR_DCG_Soc1_w_forward_primer	100.000	18	0	0	1	18	7	24	6.40e-06	33.7
M03997:68:000000000-G35DK:1:2102:12506:27548	extended_3UTR_DCG_Soc1_w_forward_primer	100.000	54	0	0	1	54	5	58	2.86e-26	98.7
M03997:68:000000000-G35DK:1:1103:18076:16408	extended_3UTR_DCG_Soc1_w_forward_primer	100.000	18	0	0	1	18	7	24	9.32e-07	33.7
M03997:68:000000000-G35DK:1:2102:7343:13302	extended_3UTR_DCG_Soc1_w_forward_primer	100.000	20	0	0	1	20	7	26	4.75e-08	37.4
M03997:68:000000000-G35DK:1:1102:21610:20666	extended_3UTR_DCG_Soc1_w_forward_primer	100.000	18	0	0	1	18	7	24	2.39e-06	33.7
M03997:68:000000000-G35DK:1:2103:27295:20461	extended_3UTR_DCG_Soc1_w_forward_primer	100.000	18	0	0	1	18	7	24	8.02e-07	33.7
M03997:68:000000000-G35DK:1:1101:18578:27553	extended_3UTR_DCG_Soc1_w_forward_primer	100.000	62	0	0	1	62	13	74	1.53e-30	113
M03997:68:000000000-G35DK:1:1103:21801:11975	extended_3UTR_DCG_Soc1_w_forward_primer	100.000	18	0	0	1	18	7	24	7.57e-07	33.7
M03997:68:000000000-G35DK:1:1104:10851:3307	extended_3UTR_DCG_Soc1_w_forward_primer	100.000	59	0	0	1	59	13	71	6.13e-29	107
M03997:68:000000000-G35DK:1:1102:18508:12782	extended_3UTR_DCG_Soc1_w_forward_primer	100.000	19	0	0	1	19	8	26	1.83e-06	35.6
M03997:68:000000000-G35DK:1:1102:25123:18339	extended_3UTR_DCG_Soc1_w_forward_primer	100.000	18	0	0	1	18	7	24	6.40e-06	33.7
M03997:68:000000000-G35DK:1:2104:26097:20607	extended_3UTR_DCG_Soc1_w_forward_primer	100.000	17	0	0	1	17	8	24	7.05e-06	31.9
M03997:68:000000000-G35DK:1:1104:23597:15937	extended_3UTR_DCG_Soc1_w_forward_primer	100.000	20	0	0	1	20	7	26	5.85e-08	37.4
M03997:68:000000000-G35DK:1:1103:22636:13289	extended_3UTR_DCG_Soc1_w_forward_primer	100.000	99	0	0	1	99	23	121	2.13e-50	179
M03997:68:000000000-G35DK:1:1104:19393:21217	extended_3UTR_DCG_Soc1_w_forward_primer	100.000	64	0	0	1	64	37	100	1.42e-31	116
M03997:68:000000000-G35DK:1:2104:13359:11973	extended_3UTR_DCG_Soc1_w_forward_primer	100.000	20	0	0	1	20	7	26	1.22e-07	37.4
M03997:68:000000000-G35DK:1:2102:10945:16787	extended_3UTR_DCG_Soc1_w_forward_primer	100.000	77	0	0	1	77	83	159	1.41e-38	140
M03997:68:000000000-G35DK:1:2103:25807:17870	extended_3UTR_DCG_Soc1_w_forward_primer	100.000	58	0	0	1	58	58	115	2.10e-28	105
M03997:68:000000000-G35DK:1:1103:18809:22241	extended_3UTR_DCG_Soc1_w_forward_primer	100.000	30	0	0	1	30	13	42	1.70e-13	55.4
M03997:68:000000000-G35DK:1:1101:3473:14521	extended_3UTR_DCG_Soc1_w_forward_primer	100.000	86	0	0	1	86	48	133	2.08e-43	156
M03997:68:000000000-G35DK:1:2104:20750:19232	extended_3UTR_DCG_Soc1_w_forward_primer	100.000	83	0	0	1	83	19	101	8.49e-42	150
M03997:68:000000000-G35DK:1:1104:20271:7102	extended_3UTR_DCG_Soc1_w_forward_primer	98.947	95	1	0	1	95	26	120	1.28e-46	167
M03997:68:000000000-G35DK:1:1101:7150:15282	extended_3UTR_DCG_Soc1_w_forward_primer	100.000	38	0	0	1	38	118	155	8.88e-17	69.8
M03997:68:000000000-G35DK:1:2104:13112:9789	extended_3UTR_DCG_Soc1_w_forward_primer	100.000	18	0	0	1	18	7	24	4.45e-07	33.7
M03997:68:000000000-G35DK:1:2101:5111:21866	extended_3UTR_DCG_Soc1_w_forward_primer	100.000	17	0	0	1	17	10	26	2.72e-06	31.9
M03997:68:000000000-G35DK:1:2103:24421:8546	extended_3UTR_DCG_Soc1_w_forward_primer	100.000	53	0	0	1	53	8	60	9.76e-26	96.9
M03997:68:000000000-G35DK:1:1104:19052:22161	extended_3UTR_DCG_Soc1_w_forward_primer	100.000	22	0	0	1	22	5	26	3.00e-09	41.0
M03997:68:000000000-G35DK:1:1101:8145:20767	extended_3UTR_DCG_Soc1_w_forward_primer	100.000	21	0	0	174	194	1	21	9.58e-08	39.2
M03997:68:000000000-G35DK:1:2101:27694:10131	extended_3UTR_DCG_Soc1_w_forward_primer	100.000	44	0	0	1	44	62	105	6.16e-21	80.6
M03997:68:000000000-G35DK:1:1101:14554:13689	extended_3UTR_DCG_Soc1_w_forward_primer	100.000	68	0	0	1	68	23	90	1.42e-33	123
M03997:68:000000000-G35DK:1:1101:5966:11556	extended_3UTR_DCG_Soc1_w_forward_primer	100.000	20	0	0	1	20	7	26	3.84e-08	37.4
M03997:68:000000000-G35DK:1:2104:24636:12955	extended_3UTR_DCG_Soc1_w_forward_primer	99.296	142	1	0	1	142	23	164	6.00e-72	251
M03997:68:000000000-G35DK:1:1103:4935:22613	extended_3UTR_DCG_Soc1_w_forward_primer	98.529	68	1	0	1	68	54	121	4.00e-32	118
M03997:68:000000000-G35DK:1:1103:10894:23164	extended_3UTR_DCG_Soc1_w_forward_primer	100.000	35	0	0	1	35	52	86	3.55e-16	64.4
M03997:68:000000000-G35DK:1:2104:20171:12817	extended_3UTR_DCG_Soc1_w_forward_primer	100.000	20	0	0	1	20	5	24	3.47e-07	37.4
M03997:68:000000000-G35DK:1:1101:8687:16388	extended_3UTR_DCG_Soc1_w_forward_primer	100.000	18	0	0	1	18	7	24	4.90e-07	33.7
M03997:68:000000000-G35DK:1:2101:15844:17103	extended_3UTR_DCG_Soc1_w_forward_primer	98.824	85	1	0	1	85	20	104	3.04e-41	149
M03997:68:000000000-G35DK:1:1102:13521:15280	extended_3UTR_DCG_Soc1_w_forward_primer	100.000	18	0	0	1	18	7	24	5.34e-07	33.7
M03997:68:000000000-G35DK:1:2104:10224:8518	extended_3UTR_DCG_Soc1_w_forward_primer	100.000	95	0	0	1	95	5	99	3.02e-48	172
M03997:68:000000000-G35DK:1:2102:24146:14543	extended_3UTR_DCG_Soc1_w_forward_primer	98.864	88	1	0	1	88	56	143	7.44e-43	154
M03997:68:000000000-G35DK:1:2103:6656:21518	extended_3UTR_DCG_Soc1_w_forward_primer	98.837	86	1	0	1	86	48	133	8.84e-42	150
M03997:68:000000000-G35DK:1:2101:6434:7429	extended_3UTR_DCG_Soc1_w_forward_primer	100.000	20	0	0	1	20	7	26	5.25e-07	37.4
M03997:68:000000000-G35DK:1:1101:16475:5627	extended_3UTR_DCG_Soc1_w_forward_primer	100.000	85	0	0	1	85	15	99	7.16e-43	154
M03997:68:000000000-G35DK:1:1101:18487:17621	extended_3UTR_DCG_Soc1_w_forward_primer	100.000	95	0	0	1	95	13	107	3.02e-48	172
M03997:68:000000000-G35DK:1:2103:26460:12019	extended_3UTR_DCG_Soc1_w_forward_primer	100.000	72	0	0	1	72	50	121	6.77e-36	131
M03997:68:000000000-G35DK:1:2101:8837:13673	extended_3UTR_DCG_Soc1_w_forward_primer	100.000	18	0	0	1	18	7	24	1.66e-06	33.7
M03997:68:000000000-G35DK:1:1102:6264:24070	extended_3UTR_DCG_Soc1_w_forward_primer	100.000	82	0	0	1	82	29	110	2.92e-41	149
M03997:68:000000000-G35DK:1:2101:9801:7578	extended_3UTR_DCG_Soc1_w_forward_primer	100.000	82	0	0	1	82	31	112	2.92e-41	149
M03997:68:000000000-G35DK:1:2102:15648:12081	extended_3UTR_DCG_Soc1_w_forward_primer	100.000	18	0	0	1	18	7	24	1.15e-06	33.7
M03997:68:000000000-G35DK:1:1103:8989:19969	extended_3UTR_DCG_Soc1_w_forward_primer	100.000	60	0	0	1	60	74	133	1.79e-29	109
M03997:68:000000000-G35DK:1:2104:13457:27663	extended_3UTR_DCG_Soc1_w_forward_primer	97.727	44	1	0	1	44	13	56	2.62e-19	75.2
M03997:68:000000000-G35DK:1:1104:15011:17095	extended_3UTR_DCG_Soc1_w_forward_primer	100.000	42	0	0	1	42	113	154	7.92e-20	77.0
M03997:68:000000000-G35DK:1:1102:21276:15507	extended_3UTR_DCG_Soc1_w_forward_primer	97.436	117	3	0	1	117	83	199	2.54e-55	197
M03997:68:000000000-G35DK:1:2104:8074:21981	extended_3UTR_DCG_Soc1_w_forward_primer	100.000	54	0	0	1	54	13	66	2.86e-26	98.7
M03997:68:000000000-G35DK:1:2104:5373:8927	extended_3UTR_DCG_Soc1_w_forward_primer	100.000	30	0	0	1	30	27	56	1.50e-13	55.4
M03997:68:000000000-G35DK:1:2103:15227:2104	extended_3UTR_DCG_Soc1_w_forward_primer	100.000	63	0	0	1	63	29	91	4.46e-31	114
M03997:68:000000000-G35DK:1:2104:9320:17269	extended_3UTR_DCG_Soc1_w_forward_primer	100.000	73	0	0	1	73	48	120	1.97e-36	132
M03997:68:000000000-G35DK:1:2101:12275:25450	extended_3UTR_DCG_Soc1_w_forward_primer	100.000	74	0	0	1	74	18	91	5.74e-37	134
M03997:68:000000000-G35DK:1:1104:14414:14808	extended_3UTR_DCG_Soc1_w_forward_primer	100.000	19	0	0	1	19	8	26	2.30e-07	35.6
M03997:68:000000000-G35DK:1:1102:12634:23329	extended_3UTR_DCG_Soc1_w_forward_primer	100.000	95	0	0	1	95	42	136	3.02e-48	172
M03997:68:000000000-G35DK:1:2103:18011:20018	extended_3UTR_DCG_Soc1_w_forward_primer	100.000	28	0	0	1	28	19	46	1.66e-12	51.8
M03997:68:000000000-G35DK:1:1103:18208:25626	extended_3UTR_DCG_Soc1_w_forward_primer	100.000	18	0	0	1	18	7	24	2.90e-06	33.7
M03997:68:000000000-G35DK:1:1102:20652:12829	extended_3UTR_DCG_Soc1_w_forward_primer	98.148	108	2	0	1	108	13	120	4.59e-52	187
M03997:68:000000000-G35DK:1:2104:23690:4787	extended_3UTR_DCG_Soc1_w_forward_primer	100.000	82	0	0	1	82	31	112	2.92e-41	149
M03997:68:000000000-G35DK:1:1102:6996:6531	extended_3UTR_DCG_Soc1_w_forward_primer	100.000	40	0	0	1	40	29	68	8.12e-19	73.4
M03997:68:000000000-G35DK:1:2104:11978:9296	extended_3UTR_DCG_Soc1_w_forward_primer	96.040	101	4	0	1	101	99	199	1.50e-45	165
M03997:68:000000000-G35DK:1:2102:23908:7104	extended_3UTR_DCG_Soc1_w_forward_primer	100.000	93	0	0	1	93	68	160	4.14e-47	168
M03997:68:000000000-G35DK:1:1104:2992:11764	extended_3UTR_DCG_Soc1_w_forward_primer	100.000	18	0	0	1	18	7	24	4.23e-07	33.7
M03997:68:000000000-G35DK:1:2103:11731:20820	extended_3UTR_DCG_Soc1_w_forward_primer	98.649	74	1	0	1	74	37	110	2.44e-35	129
M03997:68:000000000-G35DK:1:1101:25427:25139	extended_3UTR_DCG_Soc1_w_forward_primer	100.000	20	0	0	1	20	7	26	6.03e-08	37.4
M03997:68:000000000-G35DK:1:1103:14258:4219	extended_3UTR_DCG_Soc1_w_forward_primer	98.837	86	1	0	1	86	58	143	8.84e-42	150
M03997:68:000000000-G35DK:1:2104:16225:19009	extended_3UTR_DCG_Soc1_w_forward_primer	100.000	102	0	0	1	102	64	165	5.10e-52	185
M03997:68:000000000-G35DK:1:2102:20074:11496	extended_3UTR_DCG_Soc1_w_forward_primer	98.958	96	1	0	1	96	48	143	3.72e-47	168
M03997:68:000000000-G35DK:1:2102:6085:24072	extended_3UTR_DCG_Soc1_w_forward_primer	100.000	73	0	0	1	73	58	130	2.43e-36	132
M03997:68:000000000-G35DK:1:2102:5925:21999	extended_3UTR_DCG_Soc1_w_forward_primer	88.462	26	3	0	52	77	1	26	6.40e-06	33.7
M03997:68:000000000-G35DK:1:2102:26013:12274	extended_3UTR_DCG_Soc1_w_forward_primer	99.160	119	1	0	1	119	37	155	1.59e-59	210
M03997:68:000000000-G35DK:1:1101:21053:13980	extended_3UTR_DCG_Soc1_w_forward_primer	100.000	44	0	0	1	44	93	136	6.16e-21	80.6
M03997:68:000000000-G35DK:1:1103:12924:16312	extended_3UTR_DCG_Soc1_w_forward_primer	98.214	56	1	0	1	56	13	68	1.04e-25	96.9
M03997:68:000000000-G35DK:1:2104:18604:17185	extended_3UTR_DCG_Soc1_w_forward_primer	100.000	55	0	0	1	55	56	110	8.37e-27	100
M03997:68:000000000-G35DK:1:1103:15338:16817	extended_3UTR_DCG_Soc1_w_forward_primer	98.438	64	1	0	1	64	42	105	5.54e-30	111
M03997:68:000000000-G35DK:1:2104:17011:10550	extended_3UTR_DCG_Soc1_w_forward_primer	99.145	117	1	0	1	117	60	176	1.82e-58	206
M03997:68:000000000-G35DK:1:1103:27136:16955	extended_3UTR_DCG_Soc1_w_forward_primer	100.000	17	0	0	1	17	10	26	3.25e-06	31.9
M03997:68:000000000-G35DK:1:2101:7312:13684	extended_3UTR_DCG_Soc1_w_forward_primer	100.000	18	0	0	1	18	7	24	1.15e-06	33.7
M03997:68:000000000-G35DK:1:1101:16594:15092	extended_3UTR_DCG_Soc1_w_forward_primer	96.250	80	3	0	1	80	62	141	7.85e-36	131
M03997:68:000000000-G35DK:1:1104:17128:19957	extended_3UTR_DCG_Soc1_w_forward_primer	100.000	61	0	0	1	61	83	143	5.24e-30	111
M03997:68:000000000-G35DK:1:2103:26698:8697	extended_3UTR_DCG_Soc1_w_forward_primer	100.000	114	0	0	1	114	8	121	1.76e-58	206
M03997:68:000000000-G35DK:1:2104:3097:18048	extended_3UTR_DCG_Soc1_w_forward_primer	100.000	18	0	0	1	18	7	24	4.90e-07	33.7
M03997:68:000000000-G35DK:1:1102:12411:4590	extended_3UTR_DCG_Soc1_w_forward_primer	100.000	93	0	0	1	93	13	105	3.59e-47	168
M03997:68:000000000-G35DK:1:2101:24360:9410	extended_3UTR_DCG_Soc1_w_forward_primer	100.000	74	0	0	1	74	18	91	5.74e-37	134
M03997:68:000000000-G35DK:1:1101:27859:11031	extended_3UTR_DCG_Soc1_w_forward_primer	100.000	60	0	0	1	60	7	66	1.79e-29	109
M03997:68:000000000-G35DK:1:2104:8620:12681	extended_3UTR_DCG_Soc1_w_forward_primer	98.864	88	1	0	1	88	68	155	8.39e-43	154
M03997:68:000000000-G35DK:1:1102:18223:2323	extended_3UTR_DCG_Soc1_w_forward_primer	100.000	19	0	0	1	19	7	25	2.80e-07	35.6
M03997:68:000000000-G35DK:1:2104:19520:21701	extended_3UTR_DCG_Soc1_w_forward_primer	100.000	21	0	0	140	160	1	21	7.81e-08	39.2
M03997:68:000000000-G35DK:1:2101:19165:6279	extended_3UTR_DCG_Soc1_w_forward_primer	100.000	98	0	0	1	98	13	110	7.35e-50	178
M03997:68:000000000-G35DK:1:2101:23641:17598	extended_3UTR_DCG_Soc1_w_forward_primer	100.000	20	0	0	1	20	7	26	3.47e-08	37.4
M03997:68:000000000-G35DK:1:1102:12552:25609	extended_3UTR_DCG_Soc1_w_forward_primer	100.000	71	0	0	1	71	10	80	2.33e-35	129
M03997:68:000000000-G35DK:1:2102:22189:22157	extended_3UTR_DCG_Soc1_w_forward_primer	100.000	36	0	0	1	36	23	58	1.05e-16	66.2
M03997:68:000000000-G35DK:1:1103:9828:13666	extended_3UTR_DCG_Soc1_w_forward_primer	100.000	20	0	0	1	20	7	26	5.25e-07	37.4
M03997:68:000000000-G35DK:1:2103:14582:8725	extended_3UTR_DCG_Soc1_w_forward_primer	98.824	85	1	0	1	85	54	138	3.04e-41	149
M03997:68:000000000-G35DK:1:2104:23366:13133	extended_3UTR_DCG_Soc1_w_forward_primer	100.000	18	0	0	1	18	7	24	5.34e-07	33.7
M03997:68:000000000-G35DK:1:1101:20595:24310	extended_3UTR_DCG_Soc1_w_forward_primer	100.000	57	0	0	1	57	54	110	7.17e-28	104
M03997:68:000000000-G35DK:1:2103:28537:17010	extended_3UTR_DCG_Soc1_w_forward_primer	100.000	35	0	0	1	35	13	47	3.55e-16	64.4
M03997:68:000000000-G35DK:1:1104:6296:12566	extended_3UTR_DCG_Soc1_w_forward_primer	100.000	109	0	0	1	109	13	121	8.70e-56	197
M03997:68:000000000-G35DK:1:2103:15292:5116	extended_3UTR_DCG_Soc1_w_forward_primer	100.000	17	0	0	1	17	10	26	2.88e-06	31.9
M03997:68:000000000-G35DK:1:1101:23764:22182	extended_3UTR_DCG_Soc1_w_forward_primer	100.000	31	0	0	1	31	91	121	4.49e-14	57.2
M03997:68:000000000-G35DK:1:1104:11555:13688	extended_3UTR_DCG_Soc1_w_forward_primer	97.849	93	0	1	1	91	13	105	2.21e-43	156
M03997:68:000000000-G35DK:1:1101:16265:25080	extended_3UTR_DCG_Soc1_w_forward_primer	100.000	19	0	0	1	19	7	25	7.73e-07	35.6
M03997:68:000000000-G35DK:1:1101:9563:25626	extended_3UTR_DCG_Soc1_w_forward_primer	100.000	48	0	0	1	48	58	105	4.61e-23	87.8
M03997:68:000000000-G35DK:1:1102:22073:11497	extended_3UTR_DCG_Soc1_w_forward_primer	100.000	18	0	0	1	18	7	24	5.12e-07	33.7
M03997:68:000000000-G35DK:1:2104:28005:14834	extended_3UTR_DCG_Soc1_w_forward_primer	100.000	19	0	0	1	19	8	26	1.47e-07	35.6
M03997:68:000000000-G35DK:1:1101:24811:24143	extended_3UTR_DCG_Soc1_w_forward_primer	100.000	63	0	0	1	63	29	91	4.46e-31	114
M03997:68:000000000-G35DK:1:1102:14258:26097	extended_3UTR_DCG_Soc1_w_forward_primer	100.000	18	0	0	1	18	7	24	6.90e-07	33.7
M03997:68:000000000-G35DK:1:1102:26051:22238	extended_3UTR_DCG_Soc1_w_forward_primer	100.000	45	0	0	1	45	74	118	2.64e-21	82.4
M03997:68:000000000-G35DK:1:2101:5571:18266	extended_3UTR_DCG_Soc1_w_forward_primer	98.473	131	2	0	1	131	13	143	6.28e-65	228
M03997:68:000000000-G35DK:1:1104:8686:13331	extended_3UTR_DCG_Soc1_w_forward_primer	100.000	48	0	0	1	48	13	60	4.61e-23	87.8
M03997:68:000000000-G35DK:1:2102:21179:23796	extended_3UTR_DCG_Soc1_w_forward_primer	100.000	18	0	0	94	111	1	18	2.23e-06	33.7
M03997:68:000000000-G35DK:1:2104:26237:20389	extended_3UTR_DCG_Soc1_w_forward_primer	100.000	62	0	0	1	62	91	152	1.53e-30	113
M03997:68:000000000-G35DK:1:1102:8071:23704	extended_3UTR_DCG_Soc1_w_forward_primer	100.000	85	0	0	1	85	29	113	7.16e-43	154
M03997:68:000000000-G35DK:1:2103:17646:27936	extended_3UTR_DCG_Soc1_w_forward_primer	100.000	18	0	0	1	18	7	24	8.68e-07	33.7
M03997:68:000000000-G35DK:1:2103:25947:18150	extended_3UTR_DCG_Soc1_w_forward_primer	100.000	18	0	0	1	18	7	24	4.23e-07	33.7
M03997:68:000000000-G35DK:1:1101:25948:5785	extended_3UTR_DCG_Soc1_w_forward_primer	100.000	18	0	0	1	18	7	24	8.68e-07	33.7
M03997:68:000000000-G35DK:1:2103:14420:22952	extended_3UTR_DCG_Soc1_w_forward_primer	100.000	96	0	0	1	96	26	121	8.75e-49	174
M03997:68:000000000-G35DK:1:1103:20614:15542	extended_3UTR_DCG_Soc1_w_forward_primer	100.000	96	0	0	1	96	26	121	8.75e-49	174
M03997:68:000000000-G35DK:1:2101:22140:6804	extended_3UTR_DCG_Soc1_w_forward_primer	100.000	24	0	0	98	121	1	24	1.57e-09	44.6
M03997:68:000000000-G35DK:1:2102:22298:11149	extended_3UTR_DCG_Soc1_w_forward_primer	95.455	22	1	0	1	22	7	28	2.49e-07	35.6
M03997:68:000000000-G35DK:1:2104:17889:25753	extended_3UTR_DCG_Soc1_w_forward_primer	100.000	46	0	0	1	46	31	76	5.34e-22	84.2
M03997:68:000000000-G35DK:1:1102:9445:10923	extended_3UTR_DCG_Soc1_w_forward_primer	100.000	60	0	0	1	60	23	82	1.79e-29	109
M03997:68:000000000-G35DK:1:2104:11769:10546	extended_3UTR_DCG_Soc1_w_forward_primer	96.154	52	2	0	1	52	54	105	1.72e-22	86.0
M03997:68:000000000-G35DK:1:1102:27427:11976	extended_3UTR_DCG_Soc1_w_forward_primer	100.000	21	0	0	33	53	1	21	2.30e-08	39.2
M03997:68:000000000-G35DK:1:2101:24713:9884	extended_3UTR_DCG_Soc1_w_forward_primer	100.000	66	0	0	1	66	56	121	1.11e-32	120
M03997:68:000000000-G35DK:1:2101:14537:3054	extended_3UTR_DCG_Soc1_w_forward_primer	96.154	52	2	0	1	52	54	105	1.72e-22	86.0
M03997:68:000000000-G35DK:1:2102:4165:11448	extended_3UTR_DCG_Soc1_w_forward_primer	100.000	21	0	0	67	87	1	21	4.07e-08	39.2
M03997:68:000000000-G35DK:1:1103:23420:22955	extended_3UTR_DCG_Soc1_w_forward_primer	100.000	44	0	0	1	44	13	56	6.16e-21	80.6
M03997:68:000000000-G35DK:1:1101:14869:24011	extended_3UTR_DCG_Soc1_w_forward_primer	100.000	21	0	0	45	65	1	21	2.92e-08	39.2
M03997:68:000000000-G35DK:1:2103:19907:18318	extended_3UTR_DCG_Soc1_w_forward_primer	100.000	48	0	0	1	48	13	60	4.61e-23	87.8
M03997:68:000000000-G35DK:1:1104:20855:7596	extended_3UTR_DCG_Soc1_w_forward_primer	100.000	46	0	0	1	46	68	113	5.34e-22	84.2
M03997:68:000000000-G35DK:1:1101:29165:18816	extended_3UTR_DCG_Soc1_w_forward_primer	100.000	21	0	0	41	61	1	21	2.71e-08	39.2
M03997:68:000000000-G35DK:1:1102:23436:12051	extended_3UTR_DCG_Soc1_w_forward_primer	100.000	21	0	0	47	67	1	21	3.03e-08	39.2
M03997:68:000000000-G35DK:1:2101:23660:26126	extended_3UTR_DCG_Soc1_w_forward_primer	100.000	48	0	0	1	48	13	60	4.61e-23	87.8
M03997:68:000000000-G35DK:1:1103:16993:8598	extended_3UTR_DCG_Soc1_w_forward_primer	100.000	56	0	0	1	56	7	62	2.45e-27	102
M03997:68:000000000-G35DK:1:1101:18210:5629	extended_3UTR_DCG_Soc1_w_forward_primer	99.083	109	1	0	1	109	13	121	3.70e-54	192
M03997:68:000000000-G35DK:1:2103:9078:3843	extended_3UTR_DCG_Soc1_w_forward_primer	100.000	118	0	0	1	118	37	154	1.34e-60	214
M03997:68:000000000-G35DK:1:2104:26567:16989	extended_3UTR_DCG_Soc1_w_forward_primer	98.485	66	1	0	1	66	15	80	4.71e-31	114
M03997:68:000000000-G35DK:1:2104:12982:10407	extended_3UTR_DCG_Soc1_w_forward_primer	99.083	109	1	0	1	109	13	121	3.70e-54	192
M03997:68:000000000-G35DK:1:2101:18546:19540	extended_3UTR_DCG_Soc1_w_forward_primer	100.000	17	0	0	1	17	8	24	1.63e-06	31.9
M03997:68:000000000-G35DK:1:2102:19497:23194	extended_3UTR_DCG_Soc1_w_forward_primer	98.438	64	1	0	1	64	50	113	5.54e-30	111
M03997:68:000000000-G35DK:1:1101:17414:26253	extended_3UTR_DCG_Soc1_w_forward_primer	100.000	20	0	0	1	20	5	24	6.21e-08	37.4
M03997:68:000000000-G35DK:1:2102:16716:27797	extended_3UTR_DCG_Soc1_w_forward_primer	100.000	39	0	0	1	39	135	173	2.75e-18	71.6
M03997:68:000000000-G35DK:1:1104:24595:8042	extended_3UTR_DCG_Soc1_w_forward_primer	100.000	18	0	0	1	18	7	24	1.29e-06	33.7
M03997:68:000000000-G35DK:1:1104:9846:25505	extended_3UTR_DCG_Soc1_w_forward_primer	100.000	72	0	0	1	72	62	133	6.77e-36	131
M03997:68:000000000-G35DK:1:1103:11088:17578	extended_3UTR_DCG_Soc1_w_forward_primer	100.000	27	0	0	1	27	112	138	5.50e-12	50.0
M03997:68:000000000-G35DK:1:1104:18281:21383	extended_3UTR_DCG_Soc1_w_forward_primer	100.000	43	0	0	1	43	99	141	2.09e-20	78.8
M03997:68:000000000-G35DK:1:2101:7074:13239	extended_3UTR_DCG_Soc1_w_forward_primer	100.000	25	0	0	82	106	1	25	3.40e-10	46.4
M03997:68:000000000-G35DK:1:1102:13456:24882	extended_3UTR_DCG_Soc1_w_forward_primer	100.000	39	0	0	1	39	7	45	2.75e-18	71.6
M03997:68:000000000-G35DK:1:2103:12588:9553	extended_3UTR_DCG_Soc1_w_forward_primer	100.000	72	0	0	1	72	60	131	6.77e-36	131
M03997:68:000000000-G35DK:1:2102:16342:23497	extended_3UTR_DCG_Soc1_w_forward_primer	100.000	18	0	0	1	18	7	24	1.09e-06	33.7
M03997:68:000000000-G35DK:1:1104:11735:9245	extended_3UTR_DCG_Soc1_w_forward_primer	95.918	49	0	1	1	47	27	75	8.13e-20	77.0
M03997:68:000000000-G35DK:1:1101:22323:24978	extended_3UTR_DCG_Soc1_w_forward_primer	100.000	93	0	0	1	93	13	105	3.59e-47	168
M03997:68:000000000-G35DK:1:1103:18514:18284	extended_3UTR_DCG_Soc1_w_forward_primer	100.000	106	0	0	1	106	13	118	1.08e-53	192
M03997:68:000000000-G35DK:1:1101:12808:27342	extended_3UTR_DCG_Soc1_w_forward_primer	100.000	88	0	0	1	88	26	113	1.75e-44	159
M03997:68:000000000-G35DK:1:2104:28122:11145	extended_3UTR_DCG_Soc1_w_forward_primer	100.000	100	0	0	1	100	13	112	6.17e-51	181
M03997:68:000000000-G35DK:1:2102:7748:13353	extended_3UTR_DCG_Soc1_w_forward_primer	100.000	87	0	0	1	87	13	99	6.03e-44	158
M03997:68:000000000-G35DK:1:1102:18598:8850	extended_3UTR_DCG_Soc1_w_forward_primer	100.000	73	0	0	1	73	66	138	1.97e-36	132
M03997:68:000000000-G35DK:1:2103:22191:21629	extended_3UTR_DCG_Soc1_w_forward_primer	100.000	18	0	0	1	18	7	24	1.49e-06	33.7
M03997:68:000000000-G35DK:1:2104:12710:9454	extended_3UTR_DCG_Soc1_w_forward_primer	100.000	24	0	0	31	54	1	24	5.52e-10	44.6
M03997:68:000000000-G35DK:1:1104:2680:11665	extended_3UTR_DCG_Soc1_w_forward_primer	100.000	75	0	0	1	75	83	157	1.67e-37	136
M03997:68:000000000-G35DK:1:2101:23097:16861	extended_3UTR_DCG_Soc1_w_forward_primer	100.000	63	0	0	1	63	48	110	4.46e-31	114
M03997:68:000000000-G35DK:1:1103:8582:16649	extended_3UTR_DCG_Soc1_w_forward_primer	100.000	51	0	0	1	51	112	162	7.79e-24	93.3
M03997:68:000000000-G35DK:1:1101:14036:4799	extended_3UTR_DCG_Soc1_w_forward_primer	100.000	22	0	0	1	22	5	26	3.15e-09	41.0
M03997:68:000000000-G35DK:1:1104:23475:22185	extended_3UTR_DCG_Soc1_w_forward_primer	100.000	20	0	0	1	20	7	26	3.30e-08	37.4
M03997:68:000000000-G35DK:1:2104:13121:21044	extended_3UTR_DCG_Soc1_w_forward_primer	100.000	21	0	0	47	67	1	21	3.03e-08	39.2
M03997:68:000000000-G35DK:1:1101:22916:17422	extended_3UTR_DCG_Soc1_w_forward_primer	100.000	18	0	0	1	18	7	24	1.66e-06	33.7
M03997:68:000000000-G35DK:1:2102:25207:23570	extended_3UTR_DCG_Soc1_w_forward_primer	100.000	18	0	0	1	18	7	24	4.45e-07	33.7
M03997:68:000000000-G35DK:1:1102:8010:9658	extended_3UTR_DCG_Soc1_w_forward_primer	98.473	131	2	0	1	131	13	143	6.28e-65	228
M03997:68:000000000-G35DK:1:2104:16232:8817	extended_3UTR_DCG_Soc1_w_forward_primer	100.000	23	0	0	63	85	1	23	3.26e-09	42.8
M03997:68:000000000-G35DK:1:1102:16788:22962	extended_3UTR_DCG_Soc1_w_forward_primer	100.000	28	0	0	1	28	15	42	1.66e-12	51.8
M03997:68:000000000-G35DK:1:2103:27982:12538	extended_3UTR_DCG_Soc1_w_forward_primer	100.000	69	0	0	1	69	75	143	2.74e-34	125
M03997:68:000000000-G35DK:1:1103:21560:14589	extended_3UTR_DCG_Soc1_w_forward_primer	100.000	85	0	0	1	85	31	115	7.16e-43	154
M03997:68:000000000-G35DK:1:1102:4252:16874	extended_3UTR_DCG_Soc1_w_forward_primer	100.000	46	0	0	1	46	37	82	5.34e-22	84.2
M03997:68:000000000-G35DK:1:2101:7751:22314	extended_3UTR_DCG_Soc1_w_forward_primer	99.180	122	1	0	1	122	56	177	3.67e-61	215
M03997:68:000000000-G35DK:1:1102:20279:6592	extended_3UTR_DCG_Soc1_w_forward_primer	100.000	68	0	0	1	68	13	80	9.41e-34	123
M03997:68:000000000-G35DK:1:2103:7010:10155	extended_3UTR_DCG_Soc1_w_forward_primer	100.000	22	0	0	1	22	5	26	2.85e-09	41.0
M03997:68:000000000-G35DK:1:1103:20899:16952	extended_3UTR_DCG_Soc1_w_forward_primer	99.315	146	1	0	1	146	10	155	8.86e-74	259
M03997:68:000000000-G35DK:1:1103:25151:21598	extended_3UTR_DCG_Soc1_w_forward_primer	100.000	34	0	0	1	34	13	46	1.19e-15	62.6
M03997:68:000000000-G35DK:1:2103:19066:17425	extended_3UTR_DCG_Soc1_w_forward_primer	100.000	20	0	0	1	20	7	26	5.25e-07	37.4
M03997:68:000000000-G35DK:1:2102:6006:18205	extended_3UTR_DCG_Soc1_w_forward_primer	98.936	94	1	0	1	94	50	143	4.43e-46	165
M03997:68:000000000-G35DK:1:1102:7982:19509	extended_3UTR_DCG_Soc1_w_forward_primer	100.000	22	0	0	1	22	135	156	3.45e-09	41.0
M03997:68:000000000-G35DK:1:1104:19370:10700	extended_3UTR_DCG_Soc1_w_forward_primer	100.000	102	0	0	1	102	37	138	5.10e-52	185
M03997:68:000000000-G35DK:1:2102:13502:11057	extended_3UTR_DCG_Soc1_w_forward_primer	100.000	111	0	0	1	111	68	178	7.29e-57	201
M03997:68:000000000-G35DK:1:2104:17560:13189	extended_3UTR_DCG_Soc1_w_forward_primer	100.000	36	0	0	1	36	31	66	1.05e-16	66.2
M03997:68:000000000-G35DK:1:1104:26036:18236	extended_3UTR_DCG_Soc1_w_forward_primer	100.000	20	0	0	1	20	7	26	8.38e-08	37.4
M03997:68:000000000-G35DK:1:1103:24541:11901	extended_3UTR_DCG_Soc1_w_forward_primer	98.925	93	1	0	1	93	29	121	1.53e-45	163
M03997:68:000000000-G35DK:1:1102:4686:20919	extended_3UTR_DCG_Soc1_w_forward_primer	100.000	38	0	0	1	38	13	50	9.28e-18	69.8
M03997:68:000000000-G35DK:1:2104:25227:6902	extended_3UTR_DCG_Soc1_w_forward_primer	100.000	20	0	0	1	20	7	26	7.31e-08	37.4
M03997:68:000000000-G35DK:1:2104:10559:6867	extended_3UTR_DCG_Soc1_w_forward_primer	100.000	59	0	0	1	59	62	120	6.13e-29	107
M03997:68:000000000-G35DK:1:2104:8978:18925	extended_3UTR_DCG_Soc1_w_forward_primer	100.000	19	0	0	1	19	6	24	4.20e-07	35.6
M03997:68:000000000-G35DK:1:1101:8013:9088	extended_3UTR_DCG_Soc1_w_forward_primer	100.000	109	0	0	1	109	13	121	8.70e-56	197
M03997:68:000000000-G35DK:1:1101:13690:27981	extended_3UTR_DCG_Soc1_w_forward_primer	100.000	77	0	0	1	77	31	107	1.41e-38	140
M03997:68:000000000-G35DK:1:1103:21445:27697	extended_3UTR_DCG_Soc1_w_forward_primer	100.000	41	0	0	1	41	60	100	2.40e-19	75.2
M03997:68:000000000-G35DK:1:1104:15316:13338	extended_3UTR_DCG_Soc1_w_forward_primer	98.276	58	1	0	1	58	97	154	5.25e-26	100
M03997:68:000000000-G35DK:1:2102:8924:17696	extended_3UTR_DCG_Soc1_w_forward_primer	100.000	60	0	0	1	60	13	72	1.79e-29	109
M03997:68:000000000-G35DK:1:2104:16337:19890	extended_3UTR_DCG_Soc1_w_forward_primer	97.248	109	1	1	1	107	13	121	6.55e-51	181
M03997:68:000000000-G35DK:1:1104:18857:27081	extended_3UTR_DCG_Soc1_w_forward_primer	100.000	44	0	0	1	44	133	176	6.16e-21	80.6
M03997:68:000000000-G35DK:1:2101:17220:19626	extended_3UTR_DCG_Soc1_w_forward_primer	100.000	86	0	0	1	86	17	102	2.08e-43	156
M03997:68:000000000-G35DK:1:2102:20653:20056	extended_3UTR_DCG_Soc1_w_forward_primer	100.000	52	0	0	1	52	13	64	3.33e-25	95.1
M03997:68:000000000-G35DK:1:1103:20006:8539	extended_3UTR_DCG_Soc1_w_forward_primer	100.000	18	0	0	1	18	7	24	7.13e-07	33.7
M03997:68:000000000-G35DK:1:1103:5017:11347	extended_3UTR_DCG_Soc1_w_forward_primer	100.000	65	0	0	1	65	48	112	3.80e-32	118
M03997:68:000000000-G35DK:1:1104:13276:6779	extended_3UTR_DCG_Soc1_w_forward_primer	100.000	44	0	0	1	44	7	50	6.16e-21	80.6
M03997:68:000000000-G35DK:1:1104:20066:15603	extended_3UTR_DCG_Soc1_w_forward_primer	100.000	19	0	0	1	19	8	26	2.11e-07	35.6
M03997:68:000000000-G35DK:1:2104:9661:13174	extended_3UTR_DCG_Soc1_w_forward_primer	100.000	44	0	0	1	44	13	56	6.16e-21	80.6
M03997:68:000000000-G35DK:1:1102:15543:14545	extended_3UTR_DCG_Soc1_w_forward_primer	100.000	52	0	0	1	52	13	64	3.64e-25	95.1
M03997:68:000000000-G35DK:1:1101:28005:9030	extended_3UTR_DCG_Soc1_w_forward_primer	100.000	40	0	0	1	40	97	136	8.12e-19	73.4
M03997:68:000000000-G35DK:1:2102:14197:11521	extended_3UTR_DCG_Soc1_w_forward_primer	100.000	80	0	0	1	80	41	120	3.90e-40	145
M03997:68:000000000-G35DK:1:1101:17585:15728	extended_3UTR_DCG_Soc1_w_forward_primer	100.000	54	0	0	1	54	13	66	2.86e-26	98.7
M03997:68:000000000-G35DK:1:1104:17601:21626	extended_3UTR_DCG_Soc1_w_forward_primer	100.000	71	0	0	1	71	66	136	2.33e-35	129
M03997:68:000000000-G35DK:1:2102:7467:19338	extended_3UTR_DCG_Soc1_w_forward_primer	100.000	75	0	0	1	75	38	112	1.67e-37	136
M03997:68:000000000-G35DK:1:1104:22052:10272	extended_3UTR_DCG_Soc1_w_forward_primer	100.000	18	0	0	1	18	7	24	2.63e-06	33.7
M03997:68:000000000-G35DK:1:1104:11524:23110	extended_3UTR_DCG_Soc1_w_forward_primer	100.000	40	0	0	1	40	52	91	8.12e-19	73.4
M03997:68:000000000-G35DK:1:1104:20176:16153	extended_3UTR_DCG_Soc1_w_forward_primer	100.000	25	0	0	1	25	10	34	6.37e-11	46.4
M03997:68:000000000-G35DK:1:1101:26082:23611	extended_3UTR_DCG_Soc1_w_forward_primer	100.000	84	0	0	1	84	13	96	2.47e-42	152
M03997:68:000000000-G35DK:1:2101:18441:15319	extended_3UTR_DCG_Soc1_w_forward_primer	100.000	52	0	0	1	52	13	64	3.33e-25	95.1
M03997:68:000000000-G35DK:1:2104:28733:18315	extended_3UTR_DCG_Soc1_w_forward_primer	100.000	20	0	0	1	20	7	26	1.18e-07	37.4
M03997:68:000000000-G35DK:1:1102:26022:23798	extended_3UTR_DCG_Soc1_w_forward_primer	98.333	60	1	0	1	60	56	115	7.62e-28	104
M03997:68:000000000-G35DK:1:1102:14416:13870	extended_3UTR_DCG_Soc1_w_forward_primer	100.000	19	0	0	1	19	7	25	2.42e-07	35.6
M03997:68:000000000-G35DK:1:1104:29082:14253	extended_3UTR_DCG_Soc1_w_forward_primer	100.000	33	0	0	1	33	50	82	4.00e-15	60.8
M03997:68:000000000-G35DK:1:1102:24544:5327	extended_3UTR_DCG_Soc1_w_forward_primer	100.000	20	0	0	1	20	5	24	5.30e-08	37.4
M03997:68:000000000-G35DK:1:2101:6850:9924	extended_3UTR_DCG_Soc1_w_forward_primer	100.000	30	0	0	1	30	86	115	1.50e-13	55.4
M03997:68:000000000-G35DK:1:1101:17812:23125	extended_3UTR_DCG_Soc1_w_forward_primer	100.000	77	0	0	1	77	62	138	1.41e-38	140
M03997:68:000000000-G35DK:1:1101:22018:21429	extended_3UTR_DCG_Soc1_w_forward_primer	76.190	42	5	1	1	42	13	49	5.81e-06	31.9
M03997:68:000000000-G35DK:1:1103:6272:12274	extended_3UTR_DCG_Soc1_w_forward_primer	100.000	87	0	0	1	87	5	91	6.03e-44	158
M03997:68:000000000-G35DK:1:1104:5053:11189	extended_3UTR_DCG_Soc1_w_forward_primer	100.000	18	0	0	1	18	7	24	8.02e-07	33.7
M03997:68:000000000-G35DK:1:2103:25615:12962	extended_3UTR_DCG_Soc1_w_forward_primer	100.000	42	0	0	1	42	13	54	7.08e-20	77.0
M03997:68:000000000-G35DK:1:1101:7878:7593	extended_3UTR_DCG_Soc1_w_forward_primer	100.000	18	0	0	1	18	7	24	2.90e-06	33.7
M03997:68:000000000-G35DK:1:1101:21863:6125	extended_3UTR_DCG_Soc1_w_forward_primer	100.000	79	0	0	1	79	88	166	1.60e-39	143
M03997:68:000000000-G35DK:1:1104:18376:23371	extended_3UTR_DCG_Soc1_w_forward_primer	98.113	53	1	0	1	53	91	143	4.15e-24	91.5
M03997:68:000000000-G35DK:1:1104:12936:19131	extended_3UTR_DCG_Soc1_w_forward_primer	100.000	76	0	0	1	76	37	112	4.85e-38	138
M03997:68:000000000-G35DK:1:1104:8039:26095	extended_3UTR_DCG_Soc1_w_forward_primer	100.000	79	0	0	1	79	23	101	1.19e-39	143
M03997:68:000000000-G35DK:1:1104:8005:11749	extended_3UTR_DCG_Soc1_w_forward_primer	100.000	33	0	0	1	33	83	115	4.00e-15	60.8
M03997:68:000000000-G35DK:1:2104:22207:22785	extended_3UTR_DCG_Soc1_w_forward_primer	100.000	17	0	0	1	17	8	24	2.88e-06	31.9
M03997:68:000000000-G35DK:1:1102:16155:21752	extended_3UTR_DCG_Soc1_w_forward_primer	100.000	18	0	0	1	18	7	24	5.34e-07	33.7
M03997:68:000000000-G35DK:1:2101:7021:6501	extended_3UTR_DCG_Soc1_w_forward_primer	100.000	66	0	0	1	66	26	91	1.11e-32	120
M03997:68:000000000-G35DK:1:2102:20578:10267	extended_3UTR_DCG_Soc1_w_forward_primer	99.091	110	1	0	1	110	26	135	1.07e-54	194
M03997:68:000000000-G35DK:1:1103:11861:21435	extended_3UTR_DCG_Soc1_w_forward_primer	100.000	131	0	0	1	131	13	143	1.21e-67	237
M03997:68:000000000-G35DK:1:1101:17241:7006	extended_3UTR_DCG_Soc1_w_forward_primer	100.000	109	0	0	1	109	7	115	8.70e-56	197
M03997:68:000000000-G35DK:1:2103:23991:24362	extended_3UTR_DCG_Soc1_w_forward_primer	100.000	69	0	0	1	69	37	105	2.74e-34	125
M03997:68:000000000-G35DK:1:1101:2946:15706	extended_3UTR_DCG_Soc1_w_forward_primer	100.000	62	0	0	1	62	60	121	1.53e-30	113
M03997:68:000000000-G35DK:1:2104:27014:20238	extended_3UTR_DCG_Soc1_w_forward_primer	100.000	55	0	0	1	55	72	126	8.37e-27	100
M03997:68:000000000-G35DK:1:1104:13275:8145	extended_3UTR_DCG_Soc1_w_forward_primer	100.000	19	0	0	1	19	7	25	4.07e-07	35.6
M03997:68:000000000-G35DK:1:1101:24448:25017	extended_3UTR_DCG_Soc1_w_forward_primer	92.000	25	0	1	1	25	7	29	1.49e-06	33.7
