M03997:68:000000000-G35DK:1:2102:11051:9315	extended_3UTR_DCG_Soc1_w_forward_primer	100.000	34	0	0	1	34	113	146	2.33e-15	62.6
M03997:68:000000000-G35DK:1:1104:15644:25998	extended_3UTR_DCG_Soc1_w_forward_primer	100.000	72	0	0	1	72	13	84	6.77e-36	131
M03997:68:000000000-G35DK:1:1103:19491:10028	extended_3UTR_DCG_Soc1_w_forward_primer	100.000	20	0	0	1	20	7	26	6.58e-08	37.4
M03997:68:000000000-G35DK:1:1101:14743:6558	extended_3UTR_DCG_Soc1_w_forward_primer	100.000	50	0	0	1	50	13	62	3.97e-24	91.5
M03997:68:000000000-G35DK:1:2102:8546:22751	extended_3UTR_DCG_Soc1_w_forward_primer	100.000	67	0	0	1	67	62	128	3.23e-33	122
M03997:68:000000000-G35DK:1:2102:17140:18282	extended_3UTR_DCG_Soc1_w_forward_primer	100.000	40	0	0	1	40	113	152	8.63e-19	73.4
M03997:68:000000000-G35DK:1:2101:16384:11371	extended_3UTR_DCG_Soc1_w_forward_primer	100.000	21	0	0	38	58	1	21	2.56e-08	39.2
M03997:68:000000000-G35DK:1:2102:12119:9644	extended_3UTR_DCG_Soc1_w_forward_primer	100.000	24	0	0	137	160	1	24	1.86e-09	44.6
M03997:68:000000000-G35DK:1:2103:12920:19694	extended_3UTR_DCG_Soc1_w_forward_primer	100.000	20	0	0	1	20	7	26	8.38e-08	37.4
M03997:68:000000000-G35DK:1:2102:6490:13469	extended_3UTR_DCG_Soc1_w_forward_primer	100.000	46	0	0	1	46	67	112	5.34e-22	84.2
M03997:68:000000000-G35DK:1:1101:17107:22391	extended_3UTR_DCG_Soc1_w_forward_primer	98.347	121	2	0	1	121	13	133	1.55e-59	210
M03997:68:000000000-G35DK:1:1102:4066:16264	extended_3UTR_DCG_Soc1_w_forward_primer	100.000	50	0	0	1	50	56	105	3.97e-24	91.5
M03997:68:000000000-G35DK:1:1103:19262:6944	extended_3UTR_DCG_Soc1_w_forward_primer	100.000	53	0	0	1	53	83	135	9.76e-26	96.9
M03997:68:000000000-G35DK:1:2101:23249:21459	extended_3UTR_DCG_Soc1_w_forward_primer	98.077	52	1	0	1	52	133	184	2.27e-23	89.7
M03997:68:000000000-G35DK:1:2102:16565:17490	extended_3UTR_DCG_Soc1_w_forward_primer	100.000	89	0	0	1	89	12	100	5.08e-45	161
M03997:68:000000000-G35DK:1:2101:7646:14953	extended_3UTR_DCG_Soc1_w_forward_primer	100.000	41	0	0	1	41	42	82	2.40e-19	75.2
M03997:68:000000000-G35DK:1:2102:14977:14921	extended_3UTR_DCG_Soc1_w_forward_primer	98.824	85	1	0	1	85	37	121	3.04e-41	149
M03997:68:000000000-G35DK:1:1102:16388:28586	extended_3UTR_DCG_Soc1_w_forward_primer	100.000	18	0	0	1	18	7	24	8.91e-07	33.7
M03997:68:000000000-G35DK:1:1102:3655:17197	extended_3UTR_DCG_Soc1_w_forward_primer	94.624	93	4	1	1	92	107	199	5.51e-39	141
M03997:68:000000000-G35DK:1:1102:24726:20846	extended_3UTR_DCG_Soc1_w_forward_primer	100.000	69	0	0	1	69	31	99	2.74e-34	125
M03997:68:000000000-G35DK:1:2104:10602:9650	extended_3UTR_DCG_Soc1_w_forward_primer	100.000	84	0	0	1	84	88	171	2.47e-42	152
M03997:68:000000000-G35DK:1:1101:14639:17552	extended_3UTR_DCG_Soc1_w_forward_primer	100.000	53	0	0	1	53	106	158	9.76e-26	96.9
M03997:68:000000000-G35DK:1:1102:19252:24212	extended_3UTR_DCG_Soc1_w_forward_primer	100.000	50	0	0	1	50	113	162	6.32e-24	91.5
M03997:68:000000000-G35DK:1:2104:24466:7413	extended_3UTR_DCG_Soc1_w_forward_primer	100.000	117	0	0	1	117	5	121	4.27e-60	212
M03997:68:000000000-G35DK:1:1102:10723:19595	extended_3UTR_DCG_Soc1_w_forward_primer	100.000	94	0	0	1	94	56	149	1.04e-47	170
M03997:68:000000000-G35DK:1:2104:23363:14314	extended_3UTR_DCG_Soc1_w_forward_primer	100.000	77	0	0	1	77	29	105	1.41e-38	140
M03997:68:000000000-G35DK:1:1102:15365:23569	extended_3UTR_DCG_Soc1_w_forward_primer	100.000	22	0	0	1	22	5	26	2.85e-09	41.0
M03997:68:000000000-G35DK:1:1102:15058:22074	extended_3UTR_DCG_Soc1_w_forward_primer	100.000	60	0	0	1	60	5	64	1.79e-29	109
M03997:68:000000000-G35DK:1:1103:13486:14192	extended_3UTR_DCG_Soc1_w_forward_primer	100.000	18	0	0	1	18	7	24	2.12e-06	33.7
M03997:68:000000000-G35DK:1:1103:16627:9622	extended_3UTR_DCG_Soc1_w_forward_primer	100.000	20	0	0	1	20	7	26	5.12e-08	37.4
M03997:68:000000000-G35DK:1:2103:21121:15293	extended_3UTR_DCG_Soc1_w_forward_primer	99.363	157	1	0	1	157	29	185	4.88e-80	279
M03997:68:000000000-G35DK:1:1104:18618:14341	extended_3UTR_DCG_Soc1_w_forward_primer	100.000	113	0	0	1	113	31	143	6.10e-58	205
M03997:68:000000000-G35DK:1:2104:6131:19730	extended_3UTR_DCG_Soc1_w_forward_primer	98.113	53	1	0	1	53	83	135	6.32e-24	91.5
M03997:68:000000000-G35DK:1:1103:28298:15755	extended_3UTR_DCG_Soc1_w_forward_primer	100.000	20	0	0	1	20	7	26	5.25e-07	37.4
M03997:68:000000000-G35DK:1:2104:23430:24072	extended_3UTR_DCG_Soc1_w_forward_primer	100.000	24	0	0	45	68	1	24	7.49e-10	44.6
M03997:68:000000000-G35DK:1:1101:16767:4105	extended_3UTR_DCG_Soc1_w_forward_primer	100.000	63	0	0	1	63	52	114	4.46e-31	114
M03997:68:000000000-G35DK:1:1101:21556:19437	extended_3UTR_DCG_Soc1_w_forward_primer	100.000	20	0	0	1	20	7	26	7.68e-08	37.4
M03997:68:000000000-G35DK:1:1103:23320:4803	extended_3UTR_DCG_Soc1_w_forward_primer	100.000	22	0	0	1	22	5	26	3.75e-09	41.0
M03997:68:000000000-G35DK:1:2104:15902:10341	extended_3UTR_DCG_Soc1_w_forward_primer	100.000	20	0	0	1	20	7	26	7.31e-08	37.4
M03997:68:000000000-G35DK:1:1104:25402:14476	extended_3UTR_DCG_Soc1_w_forward_primer	100.000	19	0	0	1	19	6	24	2.30e-07	35.6
M03997:68:000000000-G35DK:1:2102:4272:19015	extended_3UTR_DCG_Soc1_w_forward_primer	100.000	114	0	0	1	114	23	136	1.76e-58	206
M03997:68:000000000-G35DK:1:1103:12911:4529	extended_3UTR_DCG_Soc1_w_forward_primer	100.000	20	0	0	1	20	5	24	9.11e-08	37.4
M03997:68:000000000-G35DK:1:2102:21424:4772	extended_3UTR_DCG_Soc1_w_forward_primer	100.000	26	0	0	32	57	1	26	4.84e-11	48.2
M03997:68:000000000-G35DK:1:1103:27216:11632	extended_3UTR_DCG_Soc1_w_forward_primer	100.000	71	0	0	1	71	13	83	2.33e-35	129
M03997:68:000000000-G35DK:1:2103:17660:3901	extended_3UTR_DCG_Soc1_w_forward_primer	100.000	42	0	0	1	42	72	113	7.29e-20	77.0
M03997:68:000000000-G35DK:1:1102:17382:24623	extended_3UTR_DCG_Soc1_w_forward_primer	100.000	34	0	0	1	34	113	146	1.32e-14	62.6
M03997:68:000000000-G35DK:1:1101:6637:5721	extended_3UTR_DCG_Soc1_w_forward_primer	97.917	96	2	0	1	96	15	110	4.53e-46	165
M03997:68:000000000-G35DK:1:2103:19601:11740	extended_3UTR_DCG_Soc1_w_forward_primer	100.000	47	0	0	1	47	12	58	1.57e-22	86.0
M03997:68:000000000-G35DK:1:2102:7851:25834	extended_3UTR_DCG_Soc1_w_forward_primer	100.000	20	0	0	1	20	5	24	1.11e-07	37.4
M03997:68:000000000-G35DK:1:1103:20662:24802	extended_3UTR_DCG_Soc1_w_forward_primer	100.000	21	0	0	1	21	19	39	1.89e-08	39.2
M03997:68:000000000-G35DK:1:2102:26169:14355	extended_3UTR_DCG_Soc1_w_forward_primer	100.000	42	0	0	1	42	74	115	1.20e-19	77.0
M03997:68:000000000-G35DK:1:1104:10361:4117	extended_3UTR_DCG_Soc1_w_forward_primer	100.000	91	0	0	1	91	15	105	4.27e-46	165
M03997:68:000000000-G35DK:1:1102:7109:11903	extended_3UTR_DCG_Soc1_w_forward_primer	100.000	74	0	0	1	74	31	104	5.74e-37	134
M03997:68:000000000-G35DK:1:2102:20438:20279	extended_3UTR_DCG_Soc1_w_forward_primer	100.000	115	0	0	1	115	62	176	5.10e-59	208
M03997:68:000000000-G35DK:1:1103:15787:20319	extended_3UTR_DCG_Soc1_w_forward_primer	100.000	18	0	0	1	18	7	24	1.31e-06	33.7
M03997:68:000000000-G35DK:1:2101:12324:11466	extended_3UTR_DCG_Soc1_w_forward_primer	97.826	46	1	0	1	46	113	158	3.81e-20	78.8
M03997:68:000000000-G35DK:1:1103:25049:9171	extended_3UTR_DCG_Soc1_w_forward_primer	100.000	50	0	0	1	50	58	107	3.97e-24	91.5
M03997:68:000000000-G35DK:1:2102:18042:8780	extended_3UTR_DCG_Soc1_w_forward_primer	100.000	39	0	0	1	39	83	121	2.75e-18	71.6
M03997:68:000000000-G35DK:1:2104:12532:16437	extended_3UTR_DCG_Soc1_w_forward_primer	100.000	18	0	0	1	18	7	24	1.29e-06	33.7
M03997:68:000000000-G35DK:1:2101:20671:25597	extended_3UTR_DCG_Soc1_w_forward_primer	100.000	27	0	0	1	27	91	117	7.24e-12	50.0
M03997:68:000000000-G35DK:1:2101:8471:18260	extended_3UTR_DCG_Soc1_w_forward_primer	98.969	97	1	0	1	97	74	170	1.34e-47	170
M03997:68:000000000-G35DK:1:1103:10064:5833	extended_3UTR_DCG_Soc1_w_forward_primer	100.000	52	0	0	1	52	13	64	3.33e-25	95.1
M03997:68:000000000-G35DK:1:2103:14027:8440	extended_3UTR_DCG_Soc1_w_forward_primer	100.000	18	0	0	1	18	7	24	1.13e-06	33.7
M03997:68:000000000-G35DK:1:1103:3610:8339	extended_3UTR_DCG_Soc1_w_forward_primer	100.000	48	0	0	1	48	54	101	4.61e-23	87.8
M03997:68:000000000-G35DK:1:1104:13559:27605	extended_3UTR_DCG_Soc1_w_forward_primer	100.000	20	0	0	1	20	5	24	2.74e-07	37.4
M03997:68:000000000-G35DK:1:2103:12263:17301	extended_3UTR_DCG_Soc1_w_forward_primer	99.115	113	1	0	1	113	54	166	3.25e-56	199
M03997:68:000000000-G35DK:1:2104:16417:11999	extended_3UTR_DCG_Soc1_w_forward_primer	95.402	87	4	0	1	87	113	199	1.89e-38	140
M03997:68:000000000-G35DK:1:1101:25988:22968	extended_3UTR_DCG_Soc1_w_forward_primer	98.507	134	2	0	1	134	37	170	1.76e-66	233
M03997:68:000000000-G35DK:1:1103:10319:4104	extended_3UTR_DCG_Soc1_w_forward_primer	100.000	16	0	0	1	16	13	28	9.49e-06	30.1
M03997:68:000000000-G35DK:1:2101:24379:14682	extended_3UTR_DCG_Soc1_w_forward_primer	100.000	100	0	0	1	100	29	128	7.43e-51	181
M03997:68:000000000-G35DK:1:1103:9549:5354	extended_3UTR_DCG_Soc1_w_forward_primer	95.890	73	1	1	1	73	37	107	1.52e-31	116
M03997:68:000000000-G35DK:1:1102:22916:20001	extended_3UTR_DCG_Soc1_w_forward_primer	98.246	57	1	0	1	57	13	69	3.05e-26	98.7
M03997:68:000000000-G35DK:1:2102:17091:25688	extended_3UTR_DCG_Soc1_w_forward_primer	100.000	103	0	0	1	103	13	115	1.48e-52	187
M03997:68:000000000-G35DK:1:1102:8544:7907	extended_3UTR_DCG_Soc1_w_forward_primer	100.000	110	0	0	1	110	74	183	2.52e-56	199
M03997:68:000000000-G35DK:1:1101:25952:15946	extended_3UTR_DCG_Soc1_w_forward_primer	100.000	17	0	0	1	17	10	26	1.55e-06	31.9
M03997:68:000000000-G35DK:1:2103:12788:24151	extended_3UTR_DCG_Soc1_w_forward_primer	97.647	85	2	0	1	85	37	121	3.71e-40	145
M03997:68:000000000-G35DK:1:1103:19326:8425	extended_3UTR_DCG_Soc1_w_forward_primer	100.000	36	0	0	1	36	102	137	1.05e-16	66.2
M03997:68:000000000-G35DK:1:1104:11701:20195	extended_3UTR_DCG_Soc1_w_forward_primer	100.000	18	0	0	1	18	7	24	9.77e-07	33.7
M03997:68:000000000-G35DK:1:1101:9619:16845	extended_3UTR_DCG_Soc1_w_forward_primer	95.402	87	4	0	1	87	113	199	1.68e-38	140
M03997:68:000000000-G35DK:1:1103:12474:10785	extended_3UTR_DCG_Soc1_w_forward_primer	100.000	18	0	0	1	18	7	24	2.66e-06	33.7
M03997:68:000000000-G35DK:1:2103:17206:24477	extended_3UTR_DCG_Soc1_w_forward_primer	100.000	19	0	0	1	19	7	25	7.48e-07	35.6
M03997:68:000000000-G35DK:1:2103:13820:14245	extended_3UTR_DCG_Soc1_w_forward_primer	100.000	19	0	0	1	19	8	26	2.55e-07	35.6
M03997:68:000000000-G35DK:1:1102:7674:19987	extended_3UTR_DCG_Soc1_w_forward_primer	98.077	52	1	0	1	52	13	64	1.42e-23	89.7
M03997:68:000000000-G35DK:1:1101:18171:14897	extended_3UTR_DCG_Soc1_w_forward_primer	100.000	17	0	0	1	17	8	24	8.11e-06	31.9
M03997:68:000000000-G35DK:1:1104:20806:22868	extended_3UTR_DCG_Soc1_w_forward_primer	100.000	24	0	0	77	100	1	24	1.21e-09	44.6
M03997:68:000000000-G35DK:1:1104:16837:24554	extended_3UTR_DCG_Soc1_w_forward_primer	96.471	85	3	0	1	85	107	191	1.58e-38	140
M03997:68:000000000-G35DK:1:1103:7532:15393	extended_3UTR_DCG_Soc1_w_forward_primer	100.000	83	0	0	1	83	23	105	8.49e-42	150
M03997:68:000000000-G35DK:1:1102:17942:18901	extended_3UTR_DCG_Soc1_w_forward_primer	100.000	61	0	0	1	61	104	164	7.65e-30	111
M03997:68:000000000-G35DK:1:2101:5949:5487	extended_3UTR_DCG_Soc1_w_forward_primer	76.190	42	5	1	1	42	13	49	8.11e-06	31.9
M03997:68:000000000-G35DK:1:1101:14222:24045	extended_3UTR_DCG_Soc1_w_forward_primer	100.000	84	0	0	1	84	132	215	2.47e-42	152
M03997:68:000000000-G35DK:1:2102:14521:19513	extended_3UTR_DCG_Soc1_w_forward_primer	100.000	54	0	0	1	54	13	66	2.86e-26	98.7
M03997:68:000000000-G35DK:1:2101:22959:25262	extended_3UTR_DCG_Soc1_w_forward_primer	98.507	67	1	0	1	67	93	159	6.82e-31	116
M03997:68:000000000-G35DK:1:1104:9625:15784	extended_3UTR_DCG_Soc1_w_forward_primer	95.455	22	1	0	1	22	7	28	5.66e-07	35.6
M03997:68:000000000-G35DK:1:1103:8894:25897	extended_3UTR_DCG_Soc1_w_forward_primer	98.901	91	1	0	1	91	12	102	1.82e-44	159
M03997:68:000000000-G35DK:1:2102:22778:6422	extended_3UTR_DCG_Soc1_w_forward_primer	100.000	79	0	0	1	79	37	115	1.19e-39	143
M03997:68:000000000-G35DK:1:1101:5878:6831	extended_3UTR_DCG_Soc1_w_forward_primer	96.512	86	1	1	1	84	48	133	1.56e-38	140
M03997:68:000000000-G35DK:1:1103:14442:18556	extended_3UTR_DCG_Soc1_w_forward_primer	100.000	30	0	0	1	30	8	37	2.52e-13	55.4
M03997:68:000000000-G35DK:1:1103:25472:13271	extended_3UTR_DCG_Soc1_w_forward_primer	99.010	101	0	1	1	100	83	183	9.15e-49	174
M03997:68:000000000-G35DK:1:2104:9148:6940	extended_3UTR_DCG_Soc1_w_forward_primer	98.438	64	1	0	1	64	52	115	5.54e-30	111
M03997:68:000000000-G35DK:1:1104:15981:17159	extended_3UTR_DCG_Soc1_w_forward_primer	100.000	19	0	0	1	19	8	26	2.67e-07	35.6
M03997:68:000000000-G35DK:1:2101:19751:28512	extended_3UTR_DCG_Soc1_w_forward_primer	100.000	38	0	0	1	38	54	91	9.28e-18	69.8
M03997:68:000000000-G35DK:1:1101:11423:17825	extended_3UTR_DCG_Soc1_w_forward_primer	100.000	122	0	0	1	122	7	128	2.23e-62	221
M03997:68:000000000-G35DK:1:1103:11828:6245	extended_3UTR_DCG_Soc1_w_forward_primer	98.980	98	1	0	1	98	21	118	4.03e-48	172
M03997:68:000000000-G35DK:1:2103:3185:13874	extended_3UTR_DCG_Soc1_w_forward_primer	100.000	70	0	0	1	70	13	82	7.99e-35	127
M03997:68:000000000-G35DK:1:1104:15798:10650	extended_3UTR_DCG_Soc1_w_forward_primer	98.214	56	1	0	1	56	66	121	1.04e-25	96.9
M03997:68:000000000-G35DK:1:2102:27093:7923	extended_3UTR_DCG_Soc1_w_forward_primer	100.000	70	0	0	1	70	58	127	3.58e-34	127
M03997:68:000000000-G35DK:1:1104:15114:10217	extended_3UTR_DCG_Soc1_w_forward_primer	100.000	56	0	0	1	56	58	113	2.45e-27	102
M03997:68:000000000-G35DK:1:1104:8259:23476	extended_3UTR_DCG_Soc1_w_forward_primer	98.611	72	1	0	1	72	107	178	2.88e-34	125
M03997:68:000000000-G35DK:1:1103:8637:15328	extended_3UTR_DCG_Soc1_w_forward_primer	100.000	24	0	0	62	85	1	24	9.58e-10	44.6
M03997:68:000000000-G35DK:1:1101:12563:5824	extended_3UTR_DCG_Soc1_w_forward_primer	99.000	100	0	1	1	99	91	190	3.16e-48	172
M03997:68:000000000-G35DK:1:1102:28133:17860	extended_3UTR_DCG_Soc1_w_forward_primer	98.649	74	1	0	1	74	48	121	2.44e-35	129
M03997:68:000000000-G35DK:1:1102:23606:14800	extended_3UTR_DCG_Soc1_w_forward_primer	100.000	39	0	0	1	39	58	96	2.75e-18	71.6
M03997:68:000000000-G35DK:1:2102:25414:14407	extended_3UTR_DCG_Soc1_w_forward_primer	100.000	55	0	0	1	55	68	122	1.33e-26	100
M03997:68:000000000-G35DK:1:1102:7246:15588	extended_3UTR_DCG_Soc1_w_forward_primer	100.000	16	0	0	1	16	13	28	8.41e-06	30.1
M03997:68:000000000-G35DK:1:2101:13390:15646	extended_3UTR_DCG_Soc1_w_forward_primer	100.000	32	0	0	1	32	29	60	1.34e-14	59.0
M03997:68:000000000-G35DK:1:1103:19059:16202	extended_3UTR_DCG_Soc1_w_forward_primer	100.000	18	0	0	83	100	1	18	2.02e-06	33.7
M03997:68:000000000-G35DK:1:2104:7324:16188	extended_3UTR_DCG_Soc1_w_forward_primer	100.000	22	0	0	1	22	5	26	4.31e-08	41.0
M03997:68:000000000-G35DK:1:2102:14186:11901	extended_3UTR_DCG_Soc1_w_forward_primer	76.190	42	5	1	1	42	13	49	3.87e-06	31.9
M03997:68:000000000-G35DK:1:1104:16405:18916	extended_3UTR_DCG_Soc1_w_forward_primer	98.571	70	1	0	1	70	83	152	3.73e-33	122
M03997:68:000000000-G35DK:1:1101:15876:19946	extended_3UTR_DCG_Soc1_w_forward_primer	100.000	121	0	0	1	121	23	143	2.98e-62	219
M03997:68:000000000-G35DK:1:2103:7471:7183	extended_3UTR_DCG_Soc1_w_forward_primer	100.000	107	0	0	1	107	13	119	1.04e-54	194
M03997:68:000000000-G35DK:1:1104:14757:6996	extended_3UTR_DCG_Soc1_w_forward_primer	100.000	67	0	0	1	67	125	191	1.60e-32	122
M03997:68:000000000-G35DK:1:1101:5939:17522	extended_3UTR_DCG_Soc1_w_forward_primer	98.529	68	1	0	1	68	99	166	4.95e-32	118
M03997:68:000000000-G35DK:1:1104:23196:10951	extended_3UTR_DCG_Soc1_w_forward_primer	100.000	54	0	0	1	54	13	66	2.86e-26	98.7
M03997:68:000000000-G35DK:1:1104:26901:17241	extended_3UTR_DCG_Soc1_w_forward_primer	97.727	44	1	0	1	44	13	56	2.62e-19	75.2
M03997:68:000000000-G35DK:1:1102:20171:16554	extended_3UTR_DCG_Soc1_w_forward_primer	97.386	153	3	1	1	153	48	199	5.83e-73	255
M03997:68:000000000-G35DK:1:1104:15420:25099	extended_3UTR_DCG_Soc1_w_forward_primer	100.000	28	0	0	1	28	10	37	1.66e-12	51.8
M03997:68:000000000-G35DK:1:2103:21228:12123	extended_3UTR_DCG_Soc1_w_forward_primer	98.734	79	1	0	1	79	13	91	5.07e-38	138
M03997:68:000000000-G35DK:1:2103:6584:9157	extended_3UTR_DCG_Soc1_w_forward_primer	100.000	109	0	0	1	109	13	121	8.70e-56	197
M03997:68:000000000-G35DK:1:1102:14045:21460	extended_3UTR_DCG_Soc1_w_forward_primer	97.297	37	1	0	1	37	54	90	2.33e-15	62.6
M03997:68:000000000-G35DK:1:1104:18647:27785	extended_3UTR_DCG_Soc1_w_forward_primer	94.681	94	5	0	1	94	106	199	1.35e-40	147
M03997:68:000000000-G35DK:1:2101:9330:14226	extended_3UTR_DCG_Soc1_w_forward_primer	100.000	74	0	0	1	74	56	129	6.35e-37	134
M03997:68:000000000-G35DK:1:1103:18821:20964	extended_3UTR_DCG_Soc1_w_forward_primer	100.000	53	0	0	1	53	83	135	9.76e-26	96.9
M03997:68:000000000-G35DK:1:2101:21456:6429	extended_3UTR_DCG_Soc1_w_forward_primer	100.000	77	0	0	1	77	97	173	1.41e-38	140
M03997:68:000000000-G35DK:1:1104:24533:23149	extended_3UTR_DCG_Soc1_w_forward_primer	98.387	62	1	0	1	62	54	115	6.50e-29	107
M03997:68:000000000-G35DK:1:2103:12457:12600	extended_3UTR_DCG_Soc1_w_forward_primer	98.182	55	1	0	1	55	56	110	3.56e-25	95.1
M03997:68:000000000-G35DK:1:2104:15275:12547	extended_3UTR_DCG_Soc1_w_forward_primer	100.000	17	0	0	1	17	10	26	4.73e-06	31.9
M03997:68:000000000-G35DK:1:2102:20354:13953	extended_3UTR_DCG_Soc1_w_forward_primer	100.000	44	0	0	1	44	56	99	6.16e-21	80.6
M03997:68:000000000-G35DK:1:2102:8365:7376	extended_3UTR_DCG_Soc1_w_forward_primer	100.000	130	0	0	1	130	54	183	4.72e-67	235
M03997:68:000000000-G35DK:1:2102:11769:14069	extended_3UTR_DCG_Soc1_w_forward_primer	77.778	45	5	1	1	45	10	49	1.06e-07	37.4
M03997:68:000000000-G35DK:1:1101:13457:20194	extended_3UTR_DCG_Soc1_w_forward_primer	100.000	18	0	0	1	18	7	24	2.21e-06	33.7
M03997:68:000000000-G35DK:1:1104:27770:12337	extended_3UTR_DCG_Soc1_w_forward_primer	100.000	155	0	0	1	155	56	210	1.36e-80	280
M03997:68:000000000-G35DK:1:1104:21279:24839	extended_3UTR_DCG_Soc1_w_forward_primer	100.000	76	0	0	1	76	37	112	4.85e-38	138
M03997:68:000000000-G35DK:1:1103:25233:10975	extended_3UTR_DCG_Soc1_w_forward_primer	100.000	71	0	0	1	71	29	99	2.33e-35	129
M03997:68:000000000-G35DK:1:2104:29039:18237	extended_3UTR_DCG_Soc1_w_forward_primer	100.000	25	0	0	74	98	1	25	3.17e-10	46.4
M03997:68:000000000-G35DK:1:2101:24573:6967	extended_3UTR_DCG_Soc1_w_forward_primer	100.000	20	0	0	1	20	7	26	5.67e-08	37.4
M03997:68:000000000-G35DK:1:1103:15365:16691	extended_3UTR_DCG_Soc1_w_forward_primer	100.000	20	0	0	1	20	7	26	7.13e-08	37.4
M03997:68:000000000-G35DK:1:1104:13121:18030	extended_3UTR_DCG_Soc1_w_forward_primer	100.000	19	0	0	1	19	97	115	1.66e-07	35.6
M03997:68:000000000-G35DK:1:2101:11888:10296	extended_3UTR_DCG_Soc1_w_forward_primer	100.000	18	0	0	1	18	7	24	6.46e-07	33.7
M03997:68:000000000-G35DK:1:1102:2935:14909	extended_3UTR_DCG_Soc1_w_forward_primer	100.000	20	0	0	1	20	8	27	4.29e-07	37.4
M03997:68:000000000-G35DK:1:1101:5621:13029	extended_3UTR_DCG_Soc1_w_forward_primer	76.190	42	5	1	1	42	13	49	4.26e-06	31.9
M03997:68:000000000-G35DK:1:1101:7222:4357	extended_3UTR_DCG_Soc1_w_forward_primer	76.190	42	5	1	1	42	13	49	5.35e-06	31.9
M03997:68:000000000-G35DK:1:2104:11591:21121	extended_3UTR_DCG_Soc1_w_forward_primer	100.000	21	0	0	156	176	1	21	8.64e-08	39.2
M03997:68:000000000-G35DK:1:2103:8080:19880	extended_3UTR_DCG_Soc1_w_forward_primer	100.000	20	0	0	1	20	7	26	7.68e-08	37.4
M03997:68:000000000-G35DK:1:2103:12699:3831	extended_3UTR_DCG_Soc1_w_forward_primer	100.000	50	0	0	1	50	58	107	3.97e-24	91.5
M03997:68:000000000-G35DK:1:2104:19689:22793	extended_3UTR_DCG_Soc1_w_forward_primer	100.000	58	0	0	1	58	13	70	2.10e-28	105
M03997:68:000000000-G35DK:1:1104:13219:23371	extended_3UTR_DCG_Soc1_w_forward_primer	100.000	21	0	0	45	65	1	21	2.92e-08	39.2
M03997:68:000000000-G35DK:1:2101:18018:14045	extended_3UTR_DCG_Soc1_w_forward_primer	94.792	96	4	1	1	95	104	199	1.34e-40	147
M03997:68:000000000-G35DK:1:2101:10786:5559	extended_3UTR_DCG_Soc1_w_forward_primer	97.826	46	1	0	1	46	107	152	2.27e-20	78.8
M03997:68:000000000-G35DK:1:1103:24538:24550	extended_3UTR_DCG_Soc1_w_forward_primer	100.000	121	0	0	1	121	58	178	2.98e-62	219
M03997:68:000000000-G35DK:1:1101:26794:20691	extended_3UTR_DCG_Soc1_w_forward_primer	100.000	16	0	0	1	16	151	166	8.95e-06	30.1
M03997:68:000000000-G35DK:1:1104:5402:8544	extended_3UTR_DCG_Soc1_w_forward_primer	97.222	36	1	0	1	36	13	48	4.49e-15	60.8
M03997:68:000000000-G35DK:1:2104:14947:26648	extended_3UTR_DCG_Soc1_w_forward_primer	100.000	68	0	0	1	68	97	164	9.41e-34	123
M03997:68:000000000-G35DK:1:1103:15562:15515	extended_3UTR_DCG_Soc1_w_forward_primer	100.000	66	0	0	3	68	50	115	1.15e-32	120
M03997:68:000000000-G35DK:1:1103:28674:19201	extended_3UTR_DCG_Soc1_w_forward_primer	100.000	19	0	0	1	19	8	26	2.55e-07	35.6
M03997:68:000000000-G35DK:1:1104:14522:16868	extended_3UTR_DCG_Soc1_w_forward_primer	100.000	56	0	0	1	56	7	62	2.45e-27	102
M03997:68:000000000-G35DK:1:1102:7447:19288	extended_3UTR_DCG_Soc1_w_forward_primer	100.000	73	0	0	1	73	113	185	2.13e-36	132
M03997:68:000000000-G35DK:1:1101:6169:16736	extended_3UTR_DCG_Soc1_w_forward_primer	100.000	30	0	0	1	30	130	159	3.33e-13	55.4
M03997:68:000000000-G35DK:1:2104:4739:11717	extended_3UTR_DCG_Soc1_w_forward_primer	100.000	18	0	0	1	18	7	24	1.38e-06	33.7
M03997:68:000000000-G35DK:1:1104:12394:9601	extended_3UTR_DCG_Soc1_w_forward_primer	95.327	107	5	0	1	107	93	199	1.36e-47	170
M03997:68:000000000-G35DK:1:2101:10001:8123	extended_3UTR_DCG_Soc1_w_forward_primer	100.000	20	0	0	1	20	7	26	7.13e-08	37.4
M03997:68:000000000-G35DK:1:1104:26258:19834	extended_3UTR_DCG_Soc1_w_forward_primer	100.000	60	0	0	1	60	60	119	1.86e-29	109
M03997:68:000000000-G35DK:1:1104:8249:11453	extended_3UTR_DCG_Soc1_w_forward_primer	100.000	88	0	0	1	88	39	126	1.75e-44	159
M03997:68:000000000-G35DK:1:2101:7846:18307	extended_3UTR_DCG_Soc1_w_forward_primer	96.250	80	3	0	1	80	112	191	9.46e-36	131
M03997:68:000000000-G35DK:1:2101:26930:7917	extended_3UTR_DCG_Soc1_w_forward_primer	100.000	20	0	0	1	20	7	26	6.76e-08	37.4
M03997:68:000000000-G35DK:1:1103:21864:13010	extended_3UTR_DCG_Soc1_w_forward_primer	98.864	88	1	0	1	88	48	135	7.44e-43	154
M03997:68:000000000-G35DK:1:1103:8796:8248	extended_3UTR_DCG_Soc1_w_forward_primer	97.297	74	0	1	1	72	29	102	3.51e-33	122
M03997:68:000000000-G35DK:1:1102:14939:18937	extended_3UTR_DCG_Soc1_w_forward_primer	100.000	16	0	0	1	16	110	125	8.14e-06	30.1
M03997:68:000000000-G35DK:1:2102:11063:22117	extended_3UTR_DCG_Soc1_w_forward_primer	100.000	22	0	0	80	101	3	24	1.49e-08	41.0
M03997:68:000000000-G35DK:1:1104:6472:10184	extended_3UTR_DCG_Soc1_w_forward_primer	100.000	21	0	0	1	21	5	25	1.10e-08	39.2
M03997:68:000000000-G35DK:1:2101:16492:24597	extended_3UTR_DCG_Soc1_w_forward_primer	100.000	98	0	0	1	98	15	112	7.35e-50	178
M03997:68:000000000-G35DK:1:2103:17585:23880	extended_3UTR_DCG_Soc1_w_forward_primer	100.000	85	0	0	1	85	92	176	7.16e-43	154
M03997:68:000000000-G35DK:1:2103:25767:12280	extended_3UTR_DCG_Soc1_w_forward_primer	100.000	109	0	0	1	109	13	121	8.70e-56	197
M03997:68:000000000-G35DK:1:2102:27883:16230	extended_3UTR_DCG_Soc1_w_forward_primer	99.010	101	1	0	1	101	20	120	9.47e-50	178
M03997:68:000000000-G35DK:1:1104:19782:15323	extended_3UTR_DCG_Soc1_w_forward_primer	100.000	20	0	0	1	20	7	26	3.84e-08	37.4
M03997:68:000000000-G35DK:1:1104:19238:19231	extended_3UTR_DCG_Soc1_w_forward_primer	100.000	85	0	0	1	85	31	115	7.16e-43	154
M03997:68:000000000-G35DK:1:1103:15876:16133	extended_3UTR_DCG_Soc1_w_forward_primer	100.000	66	0	0	1	66	62	127	1.11e-32	120
M03997:68:000000000-G35DK:1:1101:11233:18260	extended_3UTR_DCG_Soc1_w_forward_primer	100.000	61	0	0	1	61	31	91	5.24e-30	111
M03997:68:000000000-G35DK:1:2103:18620:12456	extended_3UTR_DCG_Soc1_w_forward_primer	100.000	20	0	0	1	20	7	26	2.69e-07	37.4
M03997:68:000000000-G35DK:1:2101:12662:19891	extended_3UTR_DCG_Soc1_w_forward_primer	100.000	21	0	0	129	149	4	24	7.49e-08	39.2
M03997:68:000000000-G35DK:1:2101:18021:4061	extended_3UTR_DCG_Soc1_w_forward_primer	100.000	54	0	0	1	54	13	66	2.86e-26	98.7
M03997:68:000000000-G35DK:1:1102:9007:20319	extended_3UTR_DCG_Soc1_w_forward_primer	98.734	79	1	0	1	79	13	91	5.07e-38	138
M03997:68:000000000-G35DK:1:2104:27307:16200	extended_3UTR_DCG_Soc1_w_forward_primer	100.000	35	0	0	1	35	83	117	6.95e-16	64.4
M03997:68:000000000-G35DK:1:1101:7640:18640	extended_3UTR_DCG_Soc1_w_forward_primer	100.000	46	0	0	1	46	128	173	5.34e-22	84.2
M03997:68:000000000-G35DK:1:1101:9100:17732	extended_3UTR_DCG_Soc1_w_forward_primer	100.000	113	0	0	1	113	13	125	7.34e-58	205
M03997:68:000000000-G35DK:1:2104:22509:9152	extended_3UTR_DCG_Soc1_w_forward_primer	95.238	21	1	0	45	65	1	21	1.24e-06	33.7
M03997:68:000000000-G35DK:1:1101:22036:19476	extended_3UTR_DCG_Soc1_w_forward_primer	100.000	24	0	0	46	69	1	24	7.61e-10	44.6
M03997:68:000000000-G35DK:1:1101:27672:10576	extended_3UTR_DCG_Soc1_w_forward_primer	100.000	89	0	0	1	89	13	101	5.08e-45	161
M03997:68:000000000-G35DK:1:1104:10375:12413	extended_3UTR_DCG_Soc1_w_forward_primer	100.000	95	0	0	1	95	62	156	3.09e-48	172
M03997:68:000000000-G35DK:1:2103:22037:25663	extended_3UTR_DCG_Soc1_w_forward_primer	100.000	18	0	0	1	18	7	24	1.09e-06	33.7
M03997:68:000000000-G35DK:1:2101:17353:12788	extended_3UTR_DCG_Soc1_w_forward_primer	98.876	89	1	0	1	89	74	162	2.77e-43	156
M03997:68:000000000-G35DK:1:2102:24507:18496	extended_3UTR_DCG_Soc1_w_forward_primer	100.000	60	0	0	1	60	119	178	1.79e-29	109
M03997:68:000000000-G35DK:1:1101:15573:19425	extended_3UTR_DCG_Soc1_w_forward_primer	100.000	65	0	0	1	65	37	101	3.80e-32	118
M03997:68:000000000-G35DK:1:1102:23087:24398	extended_3UTR_DCG_Soc1_w_forward_primer	100.000	100	0	0	1	100	27	126	7.84e-51	181
M03997:68:000000000-G35DK:1:2103:24390:23738	extended_3UTR_DCG_Soc1_w_forward_primer	100.000	71	0	0	1	71	29	99	2.33e-35	129
M03997:68:000000000-G35DK:1:1103:22914:5965	extended_3UTR_DCG_Soc1_w_forward_primer	100.000	18	0	0	1	18	7	24	7.79e-07	33.7
M03997:68:000000000-G35DK:1:2103:25144:6156	extended_3UTR_DCG_Soc1_w_forward_primer	100.000	48	0	0	1	48	15	62	4.61e-23	87.8
M03997:68:000000000-G35DK:1:2101:16065:16027	extended_3UTR_DCG_Soc1_w_forward_primer	76.190	42	5	1	1	42	13	49	9.81e-06	31.9
M03997:68:000000000-G35DK:1:2102:10346:12862	extended_3UTR_DCG_Soc1_w_forward_primer	100.000	60	0	0	1	60	106	165	2.64e-29	109
M03997:68:000000000-G35DK:1:1103:19675:21455	extended_3UTR_DCG_Soc1_w_forward_primer	99.254	134	1	0	1	134	29	162	1.46e-67	237
M03997:68:000000000-G35DK:1:2101:15981:12669	extended_3UTR_DCG_Soc1_w_forward_primer	100.000	103	0	0	1	103	62	164	1.48e-52	187
M03997:68:000000000-G35DK:1:1104:11809:12713	extended_3UTR_DCG_Soc1_w_forward_primer	100.000	91	0	0	1	91	31	121	4.27e-46	165
M03997:68:000000000-G35DK:1:2103:13115:27184	extended_3UTR_DCG_Soc1_w_forward_primer	98.936	94	1	0	1	94	13	106	4.43e-46	165
M03997:68:000000000-G35DK:1:2102:15678:25704	extended_3UTR_DCG_Soc1_w_forward_primer	100.000	64	0	0	1	64	12	75	1.30e-31	116
M03997:68:000000000-G35DK:1:2104:24863:18338	extended_3UTR_DCG_Soc1_w_forward_primer	97.333	75	2	0	1	75	26	100	8.64e-35	127
M03997:68:000000000-G35DK:1:1104:11423:21515	extended_3UTR_DCG_Soc1_w_forward_primer	100.000	43	0	0	1	43	91	133	2.09e-20	78.8
M03997:68:000000000-G35DK:1:2103:9194:4974	extended_3UTR_DCG_Soc1_w_forward_primer	100.000	18	0	0	1	18	7	24	1.82e-06	33.7
M03997:68:000000000-G35DK:1:1104:8816:21217	extended_3UTR_DCG_Soc1_w_forward_primer	98.795	83	1	0	1	83	88	170	4.67e-40	145
M03997:68:000000000-G35DK:1:1103:6817:8327	extended_3UTR_DCG_Soc1_w_forward_primer	100.000	18	0	0	1	18	7	24	8.46e-07	33.7
M03997:68:000000000-G35DK:1:2102:9399:20792	extended_3UTR_DCG_Soc1_w_forward_primer	99.346	153	1	0	1	153	31	183	6.95e-78	271
M03997:68:000000000-G35DK:1:2104:16301:6667	extended_3UTR_DCG_Soc1_w_forward_primer	98.214	112	2	0	1	112	27	138	1.09e-54	194
M03997:68:000000000-G35DK:1:1103:5461:12183	extended_3UTR_DCG_Soc1_w_forward_primer	100.000	41	0	0	1	41	72	112	2.40e-19	75.2
M03997:68:000000000-G35DK:1:1103:25561:11885	extended_3UTR_DCG_Soc1_w_forward_primer	94.444	90	5	0	1	90	110	199	1.88e-38	140
M03997:68:000000000-G35DK:1:1102:22462:20786	extended_3UTR_DCG_Soc1_w_forward_primer	100.000	86	0	0	1	86	27	112	2.08e-43	156
M03997:68:000000000-G35DK:1:2102:22146:9741	extended_3UTR_DCG_Soc1_w_forward_primer	100.000	24	0	0	33	56	1	24	5.77e-10	44.6
M03997:68:000000000-G35DK:1:2103:9371:13893	extended_3UTR_DCG_Soc1_w_forward_primer	100.000	20	0	0	1	20	7	26	5.48e-08	37.4
M03997:68:000000000-G35DK:1:1104:10214:8416	extended_3UTR_DCG_Soc1_w_forward_primer	100.000	18	0	0	1	18	7	24	7.35e-07	33.7
M03997:68:000000000-G35DK:1:2102:12131:20079	extended_3UTR_DCG_Soc1_w_forward_primer	100.000	21	0	0	9	29	1	21	1.10e-08	39.2
M03997:68:000000000-G35DK:1:1101:10041:21508	extended_3UTR_DCG_Soc1_w_forward_primer	100.000	20	0	0	1	20	6	25	5.85e-08	37.4
M03997:68:000000000-G35DK:1:1101:4406:14231	extended_3UTR_DCG_Soc1_w_forward_primer	97.959	98	2	0	1	98	29	126	4.82e-47	168
M03997:68:000000000-G35DK:1:1101:12625:12162	extended_3UTR_DCG_Soc1_w_forward_primer	100.000	32	0	0	1	32	123	154	1.34e-14	59.0
M03997:68:000000000-G35DK:1:1102:21268:20286	extended_3UTR_DCG_Soc1_w_forward_primer	100.000	34	0	0	1	34	13	46	1.19e-15	62.6
M03997:68:000000000-G35DK:1:2103:26186:7053	extended_3UTR_DCG_Soc1_w_forward_primer	100.000	71	0	0	1	71	26	96	2.33e-35	129
M03997:68:000000000-G35DK:1:2104:15368:28300	extended_3UTR_DCG_Soc1_w_forward_primer	100.000	33	0	0	1	33	91	123	4.00e-15	60.8
M03997:68:000000000-G35DK:1:1101:25074:24163	extended_3UTR_DCG_Soc1_w_forward_primer	100.000	91	0	0	1	91	15	105	4.27e-46	165
M03997:68:000000000-G35DK:1:2103:22278:25061	extended_3UTR_DCG_Soc1_w_forward_primer	100.000	16	0	0	1	16	149	164	7.05e-06	30.1
M03997:68:000000000-G35DK:1:1101:18989:20727	extended_3UTR_DCG_Soc1_w_forward_primer	100.000	55	0	0	1	55	53	107	8.37e-27	100
M03997:68:000000000-G35DK:1:2101:18614:16366	extended_3UTR_DCG_Soc1_w_forward_primer	100.000	72	0	0	1	72	13	84	7.63e-36	131
M03997:68:000000000-G35DK:1:2102:12864:12234	extended_3UTR_DCG_Soc1_w_forward_primer	100.000	20	0	0	1	20	7	26	7.68e-08	37.4
M03997:68:000000000-G35DK:1:2102:3101:10742	extended_3UTR_DCG_Soc1_w_forward_primer	100.000	50	0	0	1	50	7	56	3.97e-24	91.5
M03997:68:000000000-G35DK:1:2102:21783:14186	extended_3UTR_DCG_Soc1_w_forward_primer	98.837	86	1	0	1	86	23	108	8.84e-42	150
M03997:68:000000000-G35DK:1:2102:19205:18508	extended_3UTR_DCG_Soc1_w_forward_primer	100.000	20	0	0	1	20	5	24	7.68e-08	37.4
M03997:68:000000000-G35DK:1:1104:10711:22630	extended_3UTR_DCG_Soc1_w_forward_primer	100.000	30	0	0	1	30	83	112	1.50e-13	55.4
M03997:68:000000000-G35DK:1:1102:22869:21768	extended_3UTR_DCG_Soc1_w_forward_primer	100.000	81	0	0	1	81	56	136	1.01e-40	147
M03997:68:000000000-G35DK:1:1103:25666:10388	extended_3UTR_DCG_Soc1_w_forward_primer	100.000	18	0	0	1	18	7	24	7.13e-07	33.7
M03997:68:000000000-G35DK:1:2102:25171:19582	extended_3UTR_DCG_Soc1_w_forward_primer	98.333	60	1	0	1	60	46	105	7.62e-28	104
M03997:68:000000000-G35DK:1:1103:29393:17317	extended_3UTR_DCG_Soc1_w_forward_primer	100.000	18	0	0	1	18	7	24	1.09e-06	33.7
M03997:68:000000000-G35DK:1:1104:15570:14611	extended_3UTR_DCG_Soc1_w_forward_primer	100.000	42	0	0	1	42	13	54	7.08e-20	77.0
M03997:68:000000000-G35DK:1:1104:26434:11703	extended_3UTR_DCG_Soc1_w_forward_primer	100.000	28	0	0	1	28	12	39	1.66e-12	51.8
M03997:68:000000000-G35DK:1:1104:12945:19089	extended_3UTR_DCG_Soc1_w_forward_primer	100.000	25	0	0	1	25	8	32	6.70e-11	46.4
M03997:68:000000000-G35DK:1:1104:19646:4589	extended_3UTR_DCG_Soc1_w_forward_primer	99.020	102	1	0	1	102	23	124	2.76e-50	179
M03997:68:000000000-G35DK:1:1103:4134:13512	extended_3UTR_DCG_Soc1_w_forward_primer	100.000	85	0	0	1	85	26	110	7.16e-43	154
M03997:68:000000000-G35DK:1:1102:11537:8556	extended_3UTR_DCG_Soc1_w_forward_primer	100.000	114	0	0	1	114	13	126	2.19e-58	206
M03997:68:000000000-G35DK:1:1104:15129:22024	extended_3UTR_DCG_Soc1_w_forward_primer	100.000	18	0	0	1	18	7	24	6.40e-06	33.7
M03997:68:000000000-G35DK:1:2103:24897:15279	extended_3UTR_DCG_Soc1_w_forward_primer	76.190	42	5	1	1	42	13	49	5.81e-06	31.9
M03997:68:000000000-G35DK:1:1102:8225:21009	extended_3UTR_DCG_Soc1_w_forward_primer	100.000	106	0	0	1	106	13	118	4.04e-54	192
M03997:68:000000000-G35DK:1:1101:5425:19411	extended_3UTR_DCG_Soc1_w_forward_primer	96.774	31	1	0	1	31	23	53	2.38e-11	51.8
M03997:68:000000000-G35DK:1:1101:6943:19507	extended_3UTR_DCG_Soc1_w_forward_primer	100.000	135	0	0	1	135	42	176	8.44e-70	244
M03997:68:000000000-G35DK:1:2102:15504:16650	extended_3UTR_DCG_Soc1_w_forward_primer	79.592	49	5	1	1	49	6	49	5.16e-10	44.6
M03997:68:000000000-G35DK:1:1102:21304:3996	extended_3UTR_DCG_Soc1_w_forward_primer	100.000	82	0	0	1	82	29	110	2.92e-41	149
M03997:68:000000000-G35DK:1:1102:15977:19820	extended_3UTR_DCG_Soc1_w_forward_primer	100.000	42	0	0	1	42	41	82	7.08e-20	77.0
M03997:68:000000000-G35DK:1:2104:7383:15066	extended_3UTR_DCG_Soc1_w_forward_primer	100.000	18	0	0	1	18	7	24	9.99e-07	33.7
M03997:68:000000000-G35DK:1:1101:11805:14053	extended_3UTR_DCG_Soc1_w_forward_primer	100.000	50	0	0	1	50	56	105	3.97e-24	91.5
M03997:68:000000000-G35DK:1:1104:6388:22807	extended_3UTR_DCG_Soc1_w_forward_primer	100.000	45	0	0	1	45	62	106	2.93e-21	82.4
M03997:68:000000000-G35DK:1:2101:17160:8411	extended_3UTR_DCG_Soc1_w_forward_primer	100.000	17	0	0	1	17	8	24	2.88e-06	31.9
M03997:68:000000000-G35DK:1:2102:10598:9773	extended_3UTR_DCG_Soc1_w_forward_primer	100.000	97	0	0	1	97	31	127	3.28e-49	176
M03997:68:000000000-G35DK:1:1103:27173:19663	extended_3UTR_DCG_Soc1_w_forward_primer	100.000	57	0	0	1	57	8	64	7.77e-28	104
M03997:68:000000000-G35DK:1:2103:16409:4591	extended_3UTR_DCG_Soc1_w_forward_primer	100.000	18	0	0	1	18	7	24	9.99e-07	33.7
M03997:68:000000000-G35DK:1:1103:6778:25161	extended_3UTR_DCG_Soc1_w_forward_primer	100.000	20	0	0	1	20	7	26	7.31e-08	37.4
M03997:68:000000000-G35DK:1:1102:15409:18649	extended_3UTR_DCG_Soc1_w_forward_primer	100.000	20	0	0	1	20	7	26	7.65e-08	37.4
M03997:68:000000000-G35DK:1:2102:22006:11515	extended_3UTR_DCG_Soc1_w_forward_primer	100.000	42	0	0	1	42	15	56	7.08e-20	77.0
M03997:68:000000000-G35DK:1:2104:14107:13983	extended_3UTR_DCG_Soc1_w_forward_primer	100.000	20	0	0	1	20	5	24	6.21e-08	37.4
M03997:68:000000000-G35DK:1:2102:18161:23982	extended_3UTR_DCG_Soc1_w_forward_primer	95.455	22	1	0	1	22	170	191	1.83e-06	35.6
M03997:68:000000000-G35DK:1:2104:21923:5940	extended_3UTR_DCG_Soc1_w_forward_primer	100.000	18	0	0	1	18	7	24	1.38e-06	33.7
M03997:68:000000000-G35DK:1:1102:4681:13697	extended_3UTR_DCG_Soc1_w_forward_primer	99.254	134	1	0	1	134	37	170	1.47e-67	237
M03997:68:000000000-G35DK:1:1101:25480:14172	extended_3UTR_DCG_Soc1_w_forward_primer	100.000	54	0	0	1	54	74	127	4.38e-26	98.7
M03997:68:000000000-G35DK:1:1103:8789:14227	extended_3UTR_DCG_Soc1_w_forward_primer	100.000	40	0	0	1	40	7	46	8.12e-19	73.4
M03997:68:000000000-G35DK:1:1104:29308:17697	extended_3UTR_DCG_Soc1_w_forward_primer	100.000	19	0	0	1	19	8	26	2.86e-07	35.6
M03997:68:000000000-G35DK:1:1104:7909:9645	extended_3UTR_DCG_Soc1_w_forward_primer	100.000	69	0	0	1	69	68	136	2.74e-34	125
M03997:68:000000000-G35DK:1:2103:26646:15698	extended_3UTR_DCG_Soc1_w_forward_primer	100.000	18	0	0	1	18	7	24	2.61e-06	33.7
M03997:68:000000000-G35DK:1:2104:13624:18270	extended_3UTR_DCG_Soc1_w_forward_primer	100.000	68	0	0	1	68	54	121	9.41e-34	123
M03997:68:000000000-G35DK:1:1101:9892:17282	extended_3UTR_DCG_Soc1_w_forward_primer	100.000	27	0	0	1	27	6	32	5.50e-12	50.0
M03997:68:000000000-G35DK:1:2101:10422:7050	extended_3UTR_DCG_Soc1_w_forward_primer	99.020	102	1	0	1	102	42	143	2.17e-50	179
M03997:68:000000000-G35DK:1:1101:14132:23464	extended_3UTR_DCG_Soc1_w_forward_primer	100.000	24	0	0	36	59	1	24	6.38e-10	44.6
M03997:68:000000000-G35DK:1:1103:28693:18424	extended_3UTR_DCG_Soc1_w_forward_primer	83.333	30	5	0	1	30	170	199	2.56e-06	31.9
M03997:68:000000000-G35DK:1:1104:17773:26017	extended_3UTR_DCG_Soc1_w_forward_primer	100.000	60	0	0	1	60	7	66	1.79e-29	109
M03997:68:000000000-G35DK:1:2102:11013:12788	extended_3UTR_DCG_Soc1_w_forward_primer	97.297	111	3	0	1	111	23	133	1.61e-52	187
M03997:68:000000000-G35DK:1:2101:17971:25341	extended_3UTR_DCG_Soc1_w_forward_primer	100.000	29	0	0	2	30	17	45	5.23e-13	53.6
M03997:68:000000000-G35DK:1:2104:5437:5869	extended_3UTR_DCG_Soc1_w_forward_primer	98.333	60	1	0	1	60	74	133	7.62e-28	104
M03997:68:000000000-G35DK:1:2102:20335:15212	extended_3UTR_DCG_Soc1_w_forward_primer	100.000	21	0	0	64	84	1	21	3.92e-08	39.2
M03997:68:000000000-G35DK:1:2102:5965:12751	extended_3UTR_DCG_Soc1_w_forward_primer	100.000	120	0	0	1	120	7	126	1.03e-61	217
M03997:68:000000000-G35DK:1:1101:24205:22044	extended_3UTR_DCG_Soc1_w_forward_primer	100.000	18	0	0	1	18	7	24	7.35e-07	33.7
M03997:68:000000000-G35DK:1:2102:27889:22039	extended_3UTR_DCG_Soc1_w_forward_primer	100.000	21	0	0	74	94	1	21	4.44e-08	39.2
M03997:68:000000000-G35DK:1:1104:22748:18793	extended_3UTR_DCG_Soc1_w_forward_primer	76.190	42	5	1	1	42	13	49	8.96e-06	31.9
M03997:68:000000000-G35DK:1:1104:18707:23821	extended_3UTR_DCG_Soc1_w_forward_primer	100.000	36	0	0	1	36	56	91	1.05e-16	66.2
M03997:68:000000000-G35DK:1:1102:4035:15823	extended_3UTR_DCG_Soc1_w_forward_primer	100.000	145	0	0	1	145	23	167	3.40e-75	262
M03997:68:000000000-G35DK:1:2102:12757:14175	extended_3UTR_DCG_Soc1_w_forward_primer	100.000	18	0	0	1	18	7	24	2.90e-06	33.7
M03997:68:000000000-G35DK:1:1102:10525:14093	extended_3UTR_DCG_Soc1_w_forward_primer	100.000	74	0	0	1	74	48	121	5.74e-37	134
M03997:68:000000000-G35DK:1:2103:16274:20363	extended_3UTR_DCG_Soc1_w_forward_primer	100.000	18	0	0	1	18	7	24	7.79e-07	33.7
M03997:68:000000000-G35DK:1:2102:14760:21122	extended_3UTR_DCG_Soc1_w_forward_primer	76.190	42	5	1	1	42	13	49	9.11e-06	31.9
M03997:68:000000000-G35DK:1:2103:18199:26176	extended_3UTR_DCG_Soc1_w_forward_primer	100.000	31	0	0	1	31	7	37	4.49e-14	57.2
M03997:68:000000000-G35DK:1:2101:20536:19784	extended_3UTR_DCG_Soc1_w_forward_primer	100.000	54	0	0	1	54	13	66	2.86e-26	98.7
M03997:68:000000000-G35DK:1:2102:24177:6516	extended_3UTR_DCG_Soc1_w_forward_primer	100.000	58	0	0	1	58	23	80	2.10e-28	105
M03997:68:000000000-G35DK:1:2104:19509:2116	extended_3UTR_DCG_Soc1_w_forward_primer	100.000	93	0	0	1	93	29	121	3.59e-47	168
M03997:68:000000000-G35DK:1:2102:14298:7509	extended_3UTR_DCG_Soc1_w_forward_primer	100.000	18	0	0	65	82	1	18	1.62e-06	33.7
M03997:68:000000000-G35DK:1:2102:4765:13865	extended_3UTR_DCG_Soc1_w_forward_primer	100.000	74	0	0	1	74	48	121	5.74e-37	134
M03997:68:000000000-G35DK:1:2102:17161:6822	extended_3UTR_DCG_Soc1_w_forward_primer	95.050	101	5	0	1	101	99	199	2.30e-44	159
M03997:68:000000000-G35DK:1:1103:12573:9258	extended_3UTR_DCG_Soc1_w_forward_primer	97.436	117	1	1	1	115	48	164	4.05e-55	196
M03997:68:000000000-G35DK:1:1102:17101:19958	extended_3UTR_DCG_Soc1_w_forward_primer	100.000	20	0	0	1	20	7	26	7.68e-08	37.4
M03997:68:000000000-G35DK:1:2102:15137:23275	extended_3UTR_DCG_Soc1_w_forward_primer	100.000	20	0	0	1	20	5	24	3.47e-08	37.4
M03997:68:000000000-G35DK:1:1102:8888:21888	extended_3UTR_DCG_Soc1_w_forward_primer	100.000	20	0	0	1	20	99	118	5.25e-07	37.4
M03997:68:000000000-G35DK:1:2101:21136:20196	extended_3UTR_DCG_Soc1_w_forward_primer	100.000	79	0	0	1	79	13	91	1.19e-39	143
M03997:68:000000000-G35DK:1:2102:24449:14919	extended_3UTR_DCG_Soc1_w_forward_primer	100.000	18	0	0	1	18	7	24	9.77e-07	33.7
M03997:68:000000000-G35DK:1:1103:19015:18768	extended_3UTR_DCG_Soc1_w_forward_primer	100.000	38	0	0	1	38	13	50	1.73e-17	69.8
M03997:68:000000000-G35DK:1:2102:28419:18609	extended_3UTR_DCG_Soc1_w_forward_primer	100.000	115	0	0	1	115	7	121	5.10e-59	208
M03997:68:000000000-G35DK:1:1102:25194:19089	extended_3UTR_DCG_Soc1_w_forward_primer	76.190	42	5	1	1	42	13	49	9.27e-06	31.9
M03997:68:000000000-G35DK:1:2101:15575:18429	extended_3UTR_DCG_Soc1_w_forward_primer	100.000	40	0	0	1	40	31	70	8.12e-19	73.4
M03997:68:000000000-G35DK:1:1104:9430:26091	extended_3UTR_DCG_Soc1_w_forward_primer	100.000	77	0	0	1	77	23	99	1.92e-38	140
M03997:68:000000000-G35DK:1:1104:23823:12661	extended_3UTR_DCG_Soc1_w_forward_primer	100.000	77	0	0	1	77	31	107	1.41e-38	140
M03997:68:000000000-G35DK:1:2101:22565:25969	extended_3UTR_DCG_Soc1_w_forward_primer	98.333	60	1	0	1	60	13	72	7.62e-28	104
M03997:68:000000000-G35DK:1:1102:14919:6803	extended_3UTR_DCG_Soc1_w_forward_primer	95.833	24	1	0	64	87	1	24	4.18e-08	39.2
M03997:68:000000000-G35DK:1:2103:6373:13507	extended_3UTR_DCG_Soc1_w_forward_primer	100.000	65	0	0	1	65	62	126	3.80e-32	118
M03997:68:000000000-G35DK:1:1101:20276:23415	extended_3UTR_DCG_Soc1_w_forward_primer	98.113	106	0	1	1	104	13	118	2.22e-50	179
M03997:68:000000000-G35DK:1:1101:21631:24294	extended_3UTR_DCG_Soc1_w_forward_primer	100.000	103	0	0	1	103	26	128	1.56e-52	187
M03997:68:000000000-G35DK:1:2101:21398:11035	extended_3UTR_DCG_Soc1_w_forward_primer	100.000	18	0	0	1	18	7	24	6.46e-07	33.7
M03997:68:000000000-G35DK:1:2104:22445:22103	extended_3UTR_DCG_Soc1_w_forward_primer	100.000	23	0	0	1	23	104	126	1.55e-09	42.8
M03997:68:000000000-G35DK:1:2103:3978:21725	extended_3UTR_DCG_Soc1_w_forward_primer	100.000	20	0	0	1	20	7	26	7.65e-08	37.4
M03997:68:000000000-G35DK:1:2102:6639:13496	extended_3UTR_DCG_Soc1_w_forward_primer	100.000	17	0	0	1	17	8	24	1.63e-06	31.9
M03997:68:000000000-G35DK:1:1104:24578:10975	extended_3UTR_DCG_Soc1_w_forward_primer	100.000	61	0	0	1	61	10	70	5.24e-30	111
M03997:68:000000000-G35DK:1:2102:5096:22044	extended_3UTR_DCG_Soc1_w_forward_primer	100.000	18	0	0	1	18	7	24	2.66e-06	33.7
M03997:68:000000000-G35DK:1:2104:22869:6485	extended_3UTR_DCG_Soc1_w_forward_primer	99.270	137	1	0	1	137	48	184	3.44e-69	242
M03997:68:000000000-G35DK:1:2101:5167:18187	extended_3UTR_DCG_Soc1_w_forward_primer	100.000	111	0	0	1	111	23	133	7.29e-57	201
M03997:68:000000000-G35DK:1:1102:11198:10560	extended_3UTR_DCG_Soc1_w_forward_primer	97.391	115	1	1	1	113	48	162	4.75e-54	192
M03997:68:000000000-G35DK:1:1102:13689:21240	extended_3UTR_DCG_Soc1_w_forward_primer	100.000	36	0	0	1	36	83	118	2.03e-16	66.2
M03997:68:000000000-G35DK:1:2102:6509:9752	extended_3UTR_DCG_Soc1_w_forward_primer	100.000	18	0	0	1	18	7	24	7.13e-07	33.7
M03997:68:000000000-G35DK:1:2104:6974:19486	extended_3UTR_DCG_Soc1_w_forward_primer	100.000	19	0	0	1	19	6	24	3.75e-07	35.6
M03997:68:000000000-G35DK:1:1103:21110:14790	extended_3UTR_DCG_Soc1_w_forward_primer	100.000	17	0	0	1	17	8	24	3.87e-06	31.9
M03997:68:000000000-G35DK:1:1101:27849:9230	extended_3UTR_DCG_Soc1_w_forward_primer	100.000	52	0	0	1	52	13	64	3.33e-25	95.1
M03997:68:000000000-G35DK:1:1103:23067:22869	extended_3UTR_DCG_Soc1_w_forward_primer	100.000	52	0	0	1	52	13	64	3.33e-25	95.1
M03997:68:000000000-G35DK:1:2104:20032:26989	extended_3UTR_DCG_Soc1_w_forward_primer	100.000	22	0	0	1	22	107	128	4.31e-08	41.0
M03997:68:000000000-G35DK:1:1103:9936:26554	extended_3UTR_DCG_Soc1_w_forward_primer	100.000	122	0	0	1	122	38	159	8.63e-63	221
M03997:68:000000000-G35DK:1:2102:7327:12165	extended_3UTR_DCG_Soc1_w_forward_primer	98.193	166	3	0	1	166	26	191	3.70e-82	286
M03997:68:000000000-G35DK:1:2101:27111:17092	extended_3UTR_DCG_Soc1_w_forward_primer	100.000	51	0	0	1	51	88	138	1.13e-24	93.3
M03997:68:000000000-G35DK:1:1102:14588:16651	extended_3UTR_DCG_Soc1_w_forward_primer	100.000	29	0	0	1	29	113	141	4.99e-13	53.6
M03997:68:000000000-G35DK:1:2104:16108:12434	extended_3UTR_DCG_Soc1_w_forward_primer	98.947	95	1	0	1	95	64	158	1.36e-46	167
M03997:68:000000000-G35DK:1:2102:21802:20104	extended_3UTR_DCG_Soc1_w_forward_primer	100.000	53	0	0	1	53	56	108	1.02e-25	96.9
M03997:68:000000000-G35DK:1:1104:23377:19375	extended_3UTR_DCG_Soc1_w_forward_primer	100.000	53	0	0	1	53	83	135	9.76e-26	96.9
M03997:68:000000000-G35DK:1:1104:9813:24909	extended_3UTR_DCG_Soc1_w_forward_primer	100.000	93	0	0	1	93	66	158	3.59e-47	168
M03997:68:000000000-G35DK:1:1102:23459:20037	extended_3UTR_DCG_Soc1_w_forward_primer	100.000	30	0	0	1	30	31	60	1.50e-13	55.4
M03997:68:000000000-G35DK:1:1104:22699:17362	extended_3UTR_DCG_Soc1_w_forward_primer	100.000	93	0	0	1	93	13	105	3.59e-47	168
M03997:68:000000000-G35DK:1:2101:16644:10318	extended_3UTR_DCG_Soc1_w_forward_primer	96.429	28	1	0	1	28	26	53	1.51e-10	46.4
M03997:68:000000000-G35DK:1:1103:13495:23780	extended_3UTR_DCG_Soc1_w_forward_primer	100.000	38	0	0	1	38	13	50	9.28e-18	69.8
M03997:68:000000000-G35DK:1:1104:3188:11114	extended_3UTR_DCG_Soc1_w_forward_primer	98.990	99	1	0	1	99	12	110	9.05e-49	174
M03997:68:000000000-G35DK:1:2103:22442:25338	extended_3UTR_DCG_Soc1_w_forward_primer	100.000	50	0	0	1	50	13	62	3.97e-24	91.5
M03997:68:000000000-G35DK:1:2104:5982:11044	extended_3UTR_DCG_Soc1_w_forward_primer	100.000	64	0	0	1	64	58	121	1.30e-31	116
M03997:68:000000000-G35DK:1:1101:13879:15548	extended_3UTR_DCG_Soc1_w_forward_primer	100.000	66	0	0	1	66	26	91	1.11e-32	120
M03997:68:000000000-G35DK:1:1101:14818:18474	extended_3UTR_DCG_Soc1_w_forward_primer	96.774	31	1	0	1	31	23	53	3.32e-12	51.8
M03997:68:000000000-G35DK:1:1101:12715:17318	extended_3UTR_DCG_Soc1_w_forward_primer	100.000	17	0	0	1	17	8	24	5.73e-06	31.9
M03997:68:000000000-G35DK:1:2102:24563:9481	extended_3UTR_DCG_Soc1_w_forward_primer	100.000	103	0	0	1	103	13	115	1.48e-52	187
M03997:68:000000000-G35DK:1:1102:7105:20529	extended_3UTR_DCG_Soc1_w_forward_primer	97.778	45	1	0	1	45	99	143	7.71e-20	77.0
M03997:68:000000000-G35DK:1:1102:22378:20392	extended_3UTR_DCG_Soc1_w_forward_primer	100.000	17	0	0	1	17	8	24	1.63e-06	31.9
M03997:68:000000000-G35DK:1:2104:20796:22272	extended_3UTR_DCG_Soc1_w_forward_primer	100.000	32	0	0	1	32	97	128	2.79e-14	59.0
M03997:68:000000000-G35DK:1:1103:17873:20628	extended_3UTR_DCG_Soc1_w_forward_primer	100.000	58	0	0	1	58	48	105	2.10e-28	105
M03997:68:000000000-G35DK:1:2102:20704:26694	extended_3UTR_DCG_Soc1_w_forward_primer	100.000	104	0	0	1	104	62	165	1.32e-52	188
M03997:68:000000000-G35DK:1:1102:16805:5900	extended_3UTR_DCG_Soc1_w_forward_primer	100.000	18	0	0	1	18	7	24	1.35e-06	33.7
M03997:68:000000000-G35DK:1:1102:10298:3933	extended_3UTR_DCG_Soc1_w_forward_primer	100.000	79	0	0	1	79	13	91	1.19e-39	143
M03997:68:000000000-G35DK:1:2101:21096:17529	extended_3UTR_DCG_Soc1_w_forward_primer	100.000	18	0	0	1	18	7	24	2.21e-06	33.7
M03997:68:000000000-G35DK:1:2102:16511:17276	extended_3UTR_DCG_Soc1_w_forward_primer	100.000	60	0	0	1	60	7	66	1.79e-29	109
M03997:68:000000000-G35DK:1:1104:6584:12806	extended_3UTR_DCG_Soc1_w_forward_primer	100.000	66	0	0	1	66	54	119	1.22e-32	120
M03997:68:000000000-G35DK:1:1102:17413:26571	extended_3UTR_DCG_Soc1_w_forward_primer	98.936	94	1	0	1	94	83	176	4.43e-46	165
M03997:68:000000000-G35DK:1:1103:4847:15369	extended_3UTR_DCG_Soc1_w_forward_primer	98.148	54	1	0	1	54	13	66	1.22e-24	93.3
M03997:68:000000000-G35DK:1:1101:19241:8774	extended_3UTR_DCG_Soc1_w_forward_primer	100.000	44	0	0	1	44	48	91	6.16e-21	80.6
M03997:68:000000000-G35DK:1:2104:29675:16426	extended_3UTR_DCG_Soc1_w_forward_primer	99.265	136	1	0	1	136	56	191	1.04e-68	241
M03997:68:000000000-G35DK:1:2102:13149:23753	extended_3UTR_DCG_Soc1_w_forward_primer	100.000	66	0	0	1	66	56	121	1.11e-32	120
M03997:68:000000000-G35DK:1:1104:19587:16265	extended_3UTR_DCG_Soc1_w_forward_primer	98.148	54	1	0	1	54	13	66	1.22e-24	93.3
M03997:68:000000000-G35DK:1:1101:22261:27657	extended_3UTR_DCG_Soc1_w_forward_primer	100.000	46	0	0	1	46	13	58	5.34e-22	84.2
M03997:68:000000000-G35DK:1:1104:25413:10753	extended_3UTR_DCG_Soc1_w_forward_primer	100.000	42	0	0	1	42	113	154	3.79e-19	77.0
M03997:68:000000000-G35DK:1:2104:22712:5293	extended_3UTR_DCG_Soc1_w_forward_primer	100.000	74	0	0	1	74	48	121	5.74e-37	134
M03997:68:000000000-G35DK:1:1102:12941:6296	extended_3UTR_DCG_Soc1_w_forward_primer	98.387	62	1	0	1	62	97	158	3.54e-28	107
M03997:68:000000000-G35DK:1:1104:13107:11541	extended_3UTR_DCG_Soc1_w_forward_primer	100.000	100	0	0	1	100	74	173	6.17e-51	181
M03997:68:000000000-G35DK:1:1103:12194:24776	extended_3UTR_DCG_Soc1_w_forward_primer	100.000	119	0	0	1	119	58	176	3.57e-61	215
M03997:68:000000000-G35DK:1:2104:24248:8549	extended_3UTR_DCG_Soc1_w_forward_primer	100.000	72	0	0	1	72	107	178	6.77e-36	131
M03997:68:000000000-G35DK:1:2103:25169:25219	extended_3UTR_DCG_Soc1_w_forward_primer	100.000	55	0	0	1	55	58	112	8.37e-27	100
M03997:68:000000000-G35DK:1:2104:10406:16090	extended_3UTR_DCG_Soc1_w_forward_primer	100.000	18	0	0	1	18	7	24	1.22e-06	33.7
M03997:68:000000000-G35DK:1:1102:8395:6882	extended_3UTR_DCG_Soc1_w_forward_primer	100.000	70	0	0	1	70	107	176	7.99e-35	127
M03997:68:000000000-G35DK:1:2101:21761:14292	extended_3UTR_DCG_Soc1_w_forward_primer	98.734	79	1	0	1	79	27	105	5.07e-38	138
M03997:68:000000000-G35DK:1:1102:26124:13985	extended_3UTR_DCG_Soc1_w_forward_primer	100.000	33	0	0	1	33	83	115	4.00e-15	60.8
M03997:68:000000000-G35DK:1:2102:7951:9386	extended_3UTR_DCG_Soc1_w_forward_primer	100.000	18	0	0	1	18	7	24	2.90e-06	33.7
M03997:68:000000000-G35DK:1:1102:18223:11669	extended_3UTR_DCG_Soc1_w_forward_primer	99.160	119	1	0	1	119	52	170	1.55e-59	210
M03997:68:000000000-G35DK:1:2101:15484:7638	extended_3UTR_DCG_Soc1_w_forward_primer	100.000	50	0	0	1	50	13	62	3.97e-24	91.5
M03997:68:000000000-G35DK:1:2104:19700:8755	extended_3UTR_DCG_Soc1_w_forward_primer	100.000	60	0	0	1	60	56	115	1.79e-29	109
M03997:68:000000000-G35DK:1:1101:21713:20258	extended_3UTR_DCG_Soc1_w_forward_primer	100.000	33	0	0	1	33	13	45	4.00e-15	60.8
M03997:68:000000000-G35DK:1:2103:18177:12827	extended_3UTR_DCG_Soc1_w_forward_primer	100.000	79	0	0	1	79	58	136	1.19e-39	143
M03997:68:000000000-G35DK:1:2102:13355:4112	extended_3UTR_DCG_Soc1_w_forward_primer	100.000	95	0	0	1	95	56	150	1.01e-47	172
M03997:68:000000000-G35DK:1:1102:22292:10439	extended_3UTR_DCG_Soc1_w_forward_primer	100.000	18	0	0	1	18	7	24	8.02e-07	33.7
M03997:68:000000000-G35DK:1:2102:19838:25248	extended_3UTR_DCG_Soc1_w_forward_primer	100.000	36	0	0	1	36	13	48	1.95e-16	66.2
M03997:68:000000000-G35DK:1:2104:27733:15343	extended_3UTR_DCG_Soc1_w_forward_primer	100.000	93	0	0	1	93	13	105	3.59e-47	168
M03997:68:000000000-G35DK:1:2103:27862:11394	extended_3UTR_DCG_Soc1_w_forward_primer	100.000	60	0	0	1	60	23	82	1.79e-29	109
M03997:68:000000000-G35DK:1:1104:10119:17898	extended_3UTR_DCG_Soc1_w_forward_primer	100.000	50	0	0	1	50	15	64	3.97e-24	91.5
M03997:68:000000000-G35DK:1:1103:15127:12412	extended_3UTR_DCG_Soc1_w_forward_primer	100.000	20	0	0	1	20	5	24	9.29e-08	37.4
M03997:68:000000000-G35DK:1:1104:5986:17239	extended_3UTR_DCG_Soc1_w_forward_primer	100.000	18	0	0	1	18	7	24	1.60e-06	33.7
M03997:68:000000000-G35DK:1:1101:18998:17453	extended_3UTR_DCG_Soc1_w_forward_primer	100.000	71	0	0	1	71	113	183	2.33e-35	129
M03997:68:000000000-G35DK:1:2103:23986:10766	extended_3UTR_DCG_Soc1_w_forward_primer	100.000	20	0	0	1	20	7	26	6.58e-08	37.4
M03997:68:000000000-G35DK:1:1102:10833:9060	extended_3UTR_DCG_Soc1_w_forward_primer	100.000	17	0	0	1	17	83	99	2.80e-06	31.9
M03997:68:000000000-G35DK:1:1102:24252:14485	extended_3UTR_DCG_Soc1_w_forward_primer	95.122	41	2	0	1	41	151	191	1.77e-16	66.2
M03997:68:000000000-G35DK:1:1103:14499:10932	extended_3UTR_DCG_Soc1_w_forward_primer	98.980	98	1	0	1	98	23	120	3.13e-48	172
M03997:68:000000000-G35DK:1:1101:15218:16919	extended_3UTR_DCG_Soc1_w_forward_primer	100.000	28	0	0	1	28	7	34	1.66e-12	51.8
M03997:68:000000000-G35DK:1:2104:13481:11026	extended_3UTR_DCG_Soc1_w_forward_primer	100.000	60	0	0	1	60	13	72	1.79e-29	109
M03997:68:000000000-G35DK:1:1101:18343:4967	extended_3UTR_DCG_Soc1_w_forward_primer	100.000	154	0	0	1	154	23	176	4.71e-80	279
M03997:68:000000000-G35DK:1:1101:24999:16373	extended_3UTR_DCG_Soc1_w_forward_primer	100.000	108	0	0	1	108	66	173	3.01e-55	196
M03997:68:000000000-G35DK:1:2104:16041:12780	extended_3UTR_DCG_Soc1_w_forward_primer	100.000	52	0	0	1	52	70	121	3.33e-25	95.1
M03997:68:000000000-G35DK:1:1104:25008:14282	extended_3UTR_DCG_Soc1_w_forward_primer	100.000	33	0	0	1	33	83	115	4.00e-15	60.8
M03997:68:000000000-G35DK:1:1103:21464:18035	extended_3UTR_DCG_Soc1_w_forward_primer	76.190	42	5	1	1	42	13	49	7.34e-06	31.9
M03997:68:000000000-G35DK:1:2102:13000:15503	extended_3UTR_DCG_Soc1_w_forward_primer	99.346	153	1	0	1	153	13	165	7.19e-78	271
M03997:68:000000000-G35DK:1:2102:16395:15998	extended_3UTR_DCG_Soc1_w_forward_primer	100.000	34	0	0	1	34	13	46	2.20e-15	62.6
M03997:68:000000000-G35DK:1:1102:11395:19548	extended_3UTR_DCG_Soc1_w_forward_primer	100.000	18	0	0	1	18	7	24	6.40e-06	33.7
M03997:68:000000000-G35DK:1:2104:21833:7370	extended_3UTR_DCG_Soc1_w_forward_primer	100.000	47	0	0	1	47	97	143	1.57e-22	86.0
M03997:68:000000000-G35DK:1:2102:12545:25320	extended_3UTR_DCG_Soc1_w_forward_primer	100.000	33	0	0	1	33	13	45	4.00e-15	60.8
M03997:68:000000000-G35DK:1:2103:11443:12928	extended_3UTR_DCG_Soc1_w_forward_primer	100.000	51	0	0	1	51	83	133	1.13e-24	93.3
M03997:68:000000000-G35DK:1:2104:22496:22140	extended_3UTR_DCG_Soc1_w_forward_primer	100.000	20	0	0	1	20	7	26	1.55e-07	37.4
M03997:68:000000000-G35DK:1:2104:1930:14674	extended_3UTR_DCG_Soc1_w_forward_primer	100.000	103	0	0	1	103	13	115	1.48e-52	187
M03997:68:000000000-G35DK:1:2104:20421:3997	extended_3UTR_DCG_Soc1_w_forward_primer	98.925	93	1	0	1	93	13	105	1.53e-45	163
M03997:68:000000000-G35DK:1:2104:17816:27183	extended_3UTR_DCG_Soc1_w_forward_primer	98.851	87	1	0	1	87	19	105	2.57e-42	152
M03997:68:000000000-G35DK:1:2102:8978:12677	extended_3UTR_DCG_Soc1_w_forward_primer	100.000	27	0	0	1	27	56	82	5.50e-12	50.0
M03997:68:000000000-G35DK:1:2104:10963:13768	extended_3UTR_DCG_Soc1_w_forward_primer	100.000	34	0	0	1	34	13	46	1.19e-15	62.6
M03997:68:000000000-G35DK:1:2102:22150:26281	extended_3UTR_DCG_Soc1_w_forward_primer	100.000	18	0	0	1	18	7	24	4.68e-07	33.7
M03997:68:000000000-G35DK:1:2104:11924:10966	extended_3UTR_DCG_Soc1_w_forward_primer	95.000	20	1	0	42	61	1	20	9.89e-06	31.9
M03997:68:000000000-G35DK:1:2102:19271:7084	extended_3UTR_DCG_Soc1_w_forward_primer	98.750	80	1	0	1	80	26	105	1.47e-38	140
M03997:68:000000000-G35DK:1:1101:5455:21878	extended_3UTR_DCG_Soc1_w_forward_primer	100.000	111	0	0	1	111	56	166	9.02e-57	201
M03997:68:000000000-G35DK:1:1104:10029:4395	extended_3UTR_DCG_Soc1_w_forward_primer	98.667	75	1	0	1	75	88	162	9.78e-36	131
M03997:68:000000000-G35DK:1:2102:5113:18576	extended_3UTR_DCG_Soc1_w_forward_primer	100.000	146	0	0	1	146	13	158	9.80e-76	264
M03997:68:000000000-G35DK:1:2103:12849:13599	extended_3UTR_DCG_Soc1_w_forward_primer	98.701	77	1	0	1	77	83	159	6.00e-37	134
M03997:68:000000000-G35DK:1:2103:7788:7281	extended_3UTR_DCG_Soc1_w_forward_primer	100.000	59	0	0	1	59	66	124	6.75e-29	107
M03997:68:000000000-G35DK:1:2102:17245:18555	extended_3UTR_DCG_Soc1_w_forward_primer	100.000	54	0	0	1	54	13	66	2.86e-26	98.7
M03997:68:000000000-G35DK:1:2103:18612:23108	extended_3UTR_DCG_Soc1_w_forward_primer	100.000	21	0	0	1	21	7	27	2.24e-08	39.2
M03997:68:000000000-G35DK:1:1101:11338:16757	extended_3UTR_DCG_Soc1_w_forward_primer	100.000	18	0	0	1	18	7	24	2.08e-06	33.7
