M03997:68:000000000-G35DK:1:1101:22609:17014	extended_3UTR_DCG_Soc1_w_forward_primer	100.000	18	0	0	1	18	7	24	6.40e-06	33.7
M03997:68:000000000-G35DK:1:2102:19365:17900	extended_3UTR_DCG_Soc1_w_forward_primer	100.000	17	0	0	9	25	9	25	3.87e-06	31.9
M03997:68:000000000-G35DK:1:1101:9061:22544	extended_3UTR_DCG_Soc1_w_forward_primer	100.000	24	0	0	55	78	1	24	8.72e-10	44.6
M03997:68:000000000-G35DK:1:1104:27050:23005	extended_3UTR_DCG_Soc1_w_forward_primer	100.000	20	0	0	1	20	5	24	4.75e-08	37.4
M03997:68:000000000-G35DK:1:1102:13200:8179	extended_3UTR_DCG_Soc1_w_forward_primer	98.413	63	1	0	1	63	50	112	1.90e-29	109
M03997:68:000000000-G35DK:1:1101:8839:17197	extended_3UTR_DCG_Soc1_w_forward_primer	100.000	18	0	0	1	18	7	24	4.90e-07	33.7
M03997:68:000000000-G35DK:1:2102:14644:6646	extended_3UTR_DCG_Soc1_w_forward_primer	100.000	20	0	0	1	20	7	26	3.66e-08	37.4
M03997:68:000000000-G35DK:1:2102:22049:12837	extended_3UTR_DCG_Soc1_w_forward_primer	100.000	19	0	0	1	19	8	26	1.83e-06	35.6
M03997:68:000000000-G35DK:1:2102:24201:18813	extended_3UTR_DCG_Soc1_w_forward_primer	100.000	17	0	0	1	17	8	24	9.11e-06	31.9
M03997:68:000000000-G35DK:1:1103:15754:19273	extended_3UTR_DCG_Soc1_w_forward_primer	100.000	26	0	0	59	84	1	26	8.26e-11	48.2
M03997:68:000000000-G35DK:1:2101:23596:4269	extended_3UTR_DCG_Soc1_w_forward_primer	100.000	17	0	0	1	17	10	26	2.41e-06	31.9
M03997:68:000000000-G35DK:1:1101:15511:22338	extended_3UTR_DCG_Soc1_w_forward_primer	100.000	18	0	0	1	18	7	24	6.68e-07	33.7
M03997:68:000000000-G35DK:1:1101:26019:9314	extended_3UTR_DCG_Soc1_w_forward_primer	100.000	18	0	0	1	18	7	24	8.02e-07	33.7
M03997:68:000000000-G35DK:1:1101:8826:15978	extended_3UTR_DCG_Soc1_w_forward_primer	100.000	90	0	0	1	90	26	115	1.47e-45	163
M03997:68:000000000-G35DK:1:1103:20469:12388	extended_3UTR_DCG_Soc1_w_forward_primer	100.000	18	0	0	1	18	7	24	4.23e-07	33.7
M03997:68:000000000-G35DK:1:1104:13810:25369	extended_3UTR_DCG_Soc1_w_forward_primer	100.000	17	0	0	1	17	10	26	1.63e-06	31.9
M03997:68:000000000-G35DK:1:2101:26237:7264	extended_3UTR_DCG_Soc1_w_forward_primer	100.000	17	0	0	1	17	8	24	4.49e-06	31.9
M03997:68:000000000-G35DK:1:2102:11292:24828	extended_3UTR_DCG_Soc1_w_forward_primer	100.000	18	0	0	1	18	7	24	2.39e-06	33.7
M03997:68:000000000-G35DK:1:2102:10517:17350	extended_3UTR_DCG_Soc1_w_forward_primer	100.000	58	0	0	1	58	58	115	2.10e-28	105
M03997:68:000000000-G35DK:1:2102:13304:14196	extended_3UTR_DCG_Soc1_w_forward_primer	100.000	18	0	0	1	18	7	24	9.35e-07	33.7
M03997:68:000000000-G35DK:1:1104:23352:21993	extended_3UTR_DCG_Soc1_w_forward_primer	100.000	18	0	0	1	18	7	24	4.45e-07	33.7
M03997:68:000000000-G35DK:1:2103:11614:9590	extended_3UTR_DCG_Soc1_w_forward_primer	99.000	100	1	0	1	100	13	112	2.62e-49	176
M03997:68:000000000-G35DK:1:1102:19238:26357	extended_3UTR_DCG_Soc1_w_forward_primer	100.000	20	0	0	1	20	5	24	3.47e-08	37.4
M03997:68:000000000-G35DK:1:1101:20344:15165	extended_3UTR_DCG_Soc1_w_forward_primer	98.396	187	3	0	1	187	13	199	2.54e-93	324
M03997:68:000000000-G35DK:1:2101:14561:3497	extended_3UTR_DCG_Soc1_w_forward_primer	100.000	18	0	0	1	18	7	24	2.50e-06	33.7
M03997:68:000000000-G35DK:1:2101:26715:20337	extended_3UTR_DCG_Soc1_w_forward_primer	100.000	65	0	0	1	65	37	101	3.80e-32	118
M03997:68:000000000-G35DK:1:1101:20215:5199	extended_3UTR_DCG_Soc1_w_forward_primer	100.000	64	0	0	1	64	37	100	1.30e-31	116
M03997:68:000000000-G35DK:1:2101:12241:17305	extended_3UTR_DCG_Soc1_w_forward_primer	100.000	55	0	0	1	55	37	91	8.37e-27	100
M03997:68:000000000-G35DK:1:1102:22823:27027	extended_3UTR_DCG_Soc1_w_forward_primer	100.000	60	0	0	1	60	13	72	1.79e-29	109
M03997:68:000000000-G35DK:1:2104:26270:20737	extended_3UTR_DCG_Soc1_w_forward_primer	100.000	85	0	0	1	85	7	91	7.16e-43	154
M03997:68:000000000-G35DK:1:2101:21547:14794	extended_3UTR_DCG_Soc1_w_forward_primer	97.849	93	2	0	1	93	13	105	1.86e-44	159
M03997:68:000000000-G35DK:1:1103:16611:23926	extended_3UTR_DCG_Soc1_w_forward_primer	100.000	19	0	0	1	19	8	26	5.90e-07	35.6
M03997:68:000000000-G35DK:1:1101:20680:16603	extended_3UTR_DCG_Soc1_w_forward_primer	100.000	18	0	0	1	18	7	24	1.02e-06	33.7
M03997:68:000000000-G35DK:1:2101:22474:26515	extended_3UTR_DCG_Soc1_w_forward_primer	100.000	62	0	0	1	62	54	115	1.53e-30	113
M03997:68:000000000-G35DK:1:2102:9074:5011	extended_3UTR_DCG_Soc1_w_forward_primer	100.000	17	0	0	1	17	8	24	2.88e-06	31.9
M03997:68:000000000-G35DK:1:1104:11838:12577	extended_3UTR_DCG_Soc1_w_forward_primer	100.000	108	0	0	1	108	29	136	3.01e-55	196
M03997:68:000000000-G35DK:1:1102:10391:11706	extended_3UTR_DCG_Soc1_w_forward_primer	100.000	20	0	0	1	20	7	26	9.84e-08	37.4
M03997:68:000000000-G35DK:1:2104:16871:23875	extended_3UTR_DCG_Soc1_w_forward_primer	90.323	31	0	1	1	31	5	32	1.70e-08	41.0
M03997:68:000000000-G35DK:1:1104:19603:9813	extended_3UTR_DCG_Soc1_w_forward_primer	100.000	95	0	0	1	95	13	107	3.02e-48	172
M03997:68:000000000-G35DK:1:1103:10609:25571	extended_3UTR_DCG_Soc1_w_forward_primer	100.000	18	0	0	1	18	7	24	7.79e-07	33.7
M03997:68:000000000-G35DK:1:2102:25892:24458	extended_3UTR_DCG_Soc1_w_forward_primer	100.000	36	0	0	1	36	21	56	1.05e-16	66.2
M03997:68:000000000-G35DK:1:2101:7663:24549	extended_3UTR_DCG_Soc1_w_forward_primer	100.000	45	0	0	1	45	91	135	1.96e-21	82.4
M03997:68:000000000-G35DK:1:2102:13914:3588	extended_3UTR_DCG_Soc1_w_forward_primer	100.000	18	0	0	1	18	7	24	4.45e-07	33.7
M03997:68:000000000-G35DK:1:1104:5529:13429	extended_3UTR_DCG_Soc1_w_forward_primer	100.000	17	0	0	1	17	8	24	3.41e-06	31.9
M03997:68:000000000-G35DK:1:1102:14166:23067	extended_3UTR_DCG_Soc1_w_forward_primer	100.000	82	0	0	1	82	10	91	2.92e-41	149
M03997:68:000000000-G35DK:1:1103:27186:21118	extended_3UTR_DCG_Soc1_w_forward_primer	100.000	90	0	0	1	90	13	102	1.47e-45	163
M03997:68:000000000-G35DK:1:1104:9393:15387	extended_3UTR_DCG_Soc1_w_forward_primer	99.174	121	1	0	1	121	37	157	1.27e-60	214
M03997:68:000000000-G35DK:1:2103:26098:16679	extended_3UTR_DCG_Soc1_w_forward_primer	100.000	20	0	0	1	20	7	26	3.48e-08	37.4
M03997:68:000000000-G35DK:1:1102:12005:10722	extended_3UTR_DCG_Soc1_w_forward_primer	100.000	100	0	0	1	100	13	112	6.17e-51	181
M03997:68:000000000-G35DK:1:2104:22054:9883	extended_3UTR_DCG_Soc1_w_forward_primer	100.000	18	0	0	1	18	8	25	1.15e-06	33.7
M03997:68:000000000-G35DK:1:2103:6131:14141	extended_3UTR_DCG_Soc1_w_forward_primer	100.000	20	0	0	1	20	7	26	7.68e-08	37.4
M03997:68:000000000-G35DK:1:2101:15338:25666	extended_3UTR_DCG_Soc1_w_forward_primer	100.000	31	0	0	16	46	12	42	7.42e-14	57.2
M03997:68:000000000-G35DK:1:2101:17959:9188	extended_3UTR_DCG_Soc1_w_forward_primer	100.000	93	0	0	1	93	13	105	3.59e-47	168
M03997:68:000000000-G35DK:1:2102:25907:10522	extended_3UTR_DCG_Soc1_w_forward_primer	100.000	38	0	0	1	38	99	136	9.28e-18	69.8
M03997:68:000000000-G35DK:1:1104:8559:17680	extended_3UTR_DCG_Soc1_w_forward_primer	100.000	24	0	0	94	117	1	24	1.33e-09	44.6
M03997:68:000000000-G35DK:1:1102:7194:7001	extended_3UTR_DCG_Soc1_w_forward_primer	98.750	80	1	0	1	80	31	110	1.47e-38	140
M03997:68:000000000-G35DK:1:1102:12555:24834	extended_3UTR_DCG_Soc1_w_forward_primer	100.000	18	0	0	1	18	7	24	2.68e-06	33.7
M03997:68:000000000-G35DK:1:1101:11597:13169	extended_3UTR_DCG_Soc1_w_forward_primer	100.000	17	0	0	1	17	8	24	2.02e-06	31.9
M03997:68:000000000-G35DK:1:1103:10025:10014	extended_3UTR_DCG_Soc1_w_forward_primer	100.000	20	0	0	1	20	7	26	6.03e-08	37.4
M03997:68:000000000-G35DK:1:1103:20786:20519	extended_3UTR_DCG_Soc1_w_forward_primer	100.000	21	0	0	1	21	5	25	2.87e-08	39.2
M03997:68:000000000-G35DK:1:1104:26167:12489	extended_3UTR_DCG_Soc1_w_forward_primer	100.000	20	0	0	1	20	7	26	5.25e-07	37.4
M03997:68:000000000-G35DK:1:2102:15842:12551	extended_3UTR_DCG_Soc1_w_forward_primer	100.000	54	0	0	1	54	13	66	2.86e-26	98.7
M03997:68:000000000-G35DK:1:2103:28186:20213	extended_3UTR_DCG_Soc1_w_forward_primer	99.333	150	1	0	1	150	13	162	5.97e-76	266
M03997:68:000000000-G35DK:1:1102:19102:17066	extended_3UTR_DCG_Soc1_w_forward_primer	98.148	54	1	0	1	54	62	115	1.22e-24	93.3
M03997:68:000000000-G35DK:1:2102:19827:10953	extended_3UTR_DCG_Soc1_w_forward_primer	100.000	33	0	0	1	33	7	39	4.00e-15	60.8
M03997:68:000000000-G35DK:1:2101:20056:7444	extended_3UTR_DCG_Soc1_w_forward_primer	100.000	24	0	0	35	58	1	24	6.26e-10	44.6
M03997:68:000000000-G35DK:1:1101:12259:2998	extended_3UTR_DCG_Soc1_w_forward_primer	100.000	101	0	0	3	103	54	154	5.60e-51	183
M03997:68:000000000-G35DK:1:2102:25972:11225	extended_3UTR_DCG_Soc1_w_forward_primer	96.667	60	2	0	1	60	7	66	9.65e-27	100
M03997:68:000000000-G35DK:1:1101:8856:5485	extended_3UTR_DCG_Soc1_w_forward_primer	100.000	68	0	0	1	68	13	80	9.41e-34	123
M03997:68:000000000-G35DK:1:2102:26790:11707	extended_3UTR_DCG_Soc1_w_forward_primer	100.000	90	0	0	1	90	23	112	1.47e-45	163
M03997:68:000000000-G35DK:1:1101:3189:12605	extended_3UTR_DCG_Soc1_w_forward_primer	100.000	37	0	0	1	37	58	94	3.13e-17	68.0
M03997:68:000000000-G35DK:1:1103:16302:13132	extended_3UTR_DCG_Soc1_w_forward_primer	100.000	52	0	0	1	52	13	64	3.33e-25	95.1
M03997:68:000000000-G35DK:1:1101:14313:24155	extended_3UTR_DCG_Soc1_w_forward_primer	100.000	36	0	0	1	36	29	64	1.05e-16	66.2
M03997:68:000000000-G35DK:1:2104:8303:11469	extended_3UTR_DCG_Soc1_w_forward_primer	99.065	107	1	0	1	107	29	135	4.42e-53	188
M03997:68:000000000-G35DK:1:2101:19648:5980	extended_3UTR_DCG_Soc1_w_forward_primer	100.000	97	0	0	1	97	37	133	2.54e-49	176
M03997:68:000000000-G35DK:1:1103:18467:25167	extended_3UTR_DCG_Soc1_w_forward_primer	100.000	21	0	0	75	95	1	21	4.49e-08	39.2
M03997:68:000000000-G35DK:1:2102:25388:22268	extended_3UTR_DCG_Soc1_w_forward_primer	100.000	18	0	0	1	18	7	24	4.68e-07	33.7
M03997:68:000000000-G35DK:1:1104:22784:5958	extended_3UTR_DCG_Soc1_w_forward_primer	100.000	19	0	0	1	19	8	26	3.37e-07	35.6
M03997:68:000000000-G35DK:1:1103:14049:16189	extended_3UTR_DCG_Soc1_w_forward_primer	100.000	55	0	0	1	55	74	128	8.37e-27	100
M03997:68:000000000-G35DK:1:1104:8757:11825	extended_3UTR_DCG_Soc1_w_forward_primer	100.000	18	0	0	1	18	7	24	7.13e-07	33.7
M03997:68:000000000-G35DK:1:1103:16641:13443	extended_3UTR_DCG_Soc1_w_forward_primer	100.000	18	0	0	1	18	7	24	7.13e-07	33.7
M03997:68:000000000-G35DK:1:1101:17000:18324	extended_3UTR_DCG_Soc1_w_forward_primer	100.000	72	0	0	1	72	83	154	3.10e-35	131
M03997:68:000000000-G35DK:1:1101:11411:12879	extended_3UTR_DCG_Soc1_w_forward_primer	98.000	50	1	0	1	50	13	62	1.69e-22	86.0
M03997:68:000000000-G35DK:1:1103:15960:16911	extended_3UTR_DCG_Soc1_w_forward_primer	100.000	25	0	0	1	25	7	31	6.37e-11	46.4
M03997:68:000000000-G35DK:1:1102:26119:21721	extended_3UTR_DCG_Soc1_w_forward_primer	100.000	18	0	0	1	18	7	24	4.90e-07	33.7
M03997:68:000000000-G35DK:1:1101:18108:12557	extended_3UTR_DCG_Soc1_w_forward_primer	100.000	18	0	0	1	18	7	24	1.82e-06	33.7
M03997:68:000000000-G35DK:1:1101:12688:18551	extended_3UTR_DCG_Soc1_w_forward_primer	100.000	19	0	0	1	19	7	25	1.59e-07	35.6
M03997:68:000000000-G35DK:1:2104:12447:19293	extended_3UTR_DCG_Soc1_w_forward_primer	100.000	18	0	0	1	18	7	24	9.99e-07	33.7
M03997:68:000000000-G35DK:1:2101:5472:21269	extended_3UTR_DCG_Soc1_w_forward_primer	100.000	42	0	0	1	42	80	121	7.08e-20	77.0
M03997:68:000000000-G35DK:1:2102:4796:23866	extended_3UTR_DCG_Soc1_w_forward_primer	100.000	18	0	0	1	18	7	24	7.57e-07	33.7
M03997:68:000000000-G35DK:1:1103:16514:23568	extended_3UTR_DCG_Soc1_w_forward_primer	100.000	52	0	0	1	52	13	64	3.33e-25	95.1
M03997:68:000000000-G35DK:1:2104:9894:24379	extended_3UTR_DCG_Soc1_w_forward_primer	100.000	66	0	0	1	66	56	121	1.11e-32	120
M03997:68:000000000-G35DK:1:1101:12985:11187	extended_3UTR_DCG_Soc1_w_forward_primer	100.000	21	0	0	81	101	1	21	4.74e-08	39.2
M03997:68:000000000-G35DK:1:1104:27945:17568	extended_3UTR_DCG_Soc1_w_forward_primer	100.000	17	0	0	1	17	8	24	4.03e-06	31.9
M03997:68:000000000-G35DK:1:2102:26761:8303	extended_3UTR_DCG_Soc1_w_forward_primer	100.000	51	0	0	1	51	62	112	1.13e-24	93.3
M03997:68:000000000-G35DK:1:2102:21482:12513	extended_3UTR_DCG_Soc1_w_forward_primer	98.969	97	1	0	1	97	42	138	1.08e-47	170
M03997:68:000000000-G35DK:1:2102:12694:2576	extended_3UTR_DCG_Soc1_w_forward_primer	100.000	18	0	0	1	18	7	24	1.80e-06	33.7
M03997:68:000000000-G35DK:1:1104:11648:14203	extended_3UTR_DCG_Soc1_w_forward_primer	100.000	38	0	0	1	38	125	162	9.90e-18	69.8
M03997:68:000000000-G35DK:1:1103:25201:20504	extended_3UTR_DCG_Soc1_w_forward_primer	100.000	66	0	0	1	66	50	115	1.11e-32	120
M03997:68:000000000-G35DK:1:1103:17903:25749	extended_3UTR_DCG_Soc1_w_forward_primer	100.000	17	0	0	1	17	8	24	7.18e-06	31.9
M03997:68:000000000-G35DK:1:2104:16701:23057	extended_3UTR_DCG_Soc1_w_forward_primer	100.000	21	0	0	59	79	1	21	3.65e-08	39.2
M03997:68:000000000-G35DK:1:2102:19522:19914	extended_3UTR_DCG_Soc1_w_forward_primer	100.000	18	0	0	1	18	7	24	6.40e-06	33.7
M03997:68:000000000-G35DK:1:2103:9458:15212	extended_3UTR_DCG_Soc1_w_forward_primer	100.000	55	0	0	1	55	58	112	8.37e-27	100
M03997:68:000000000-G35DK:1:2104:25957:11629	extended_3UTR_DCG_Soc1_w_forward_primer	76.190	42	5	1	1	42	13	49	9.73e-06	31.9
M03997:68:000000000-G35DK:1:2101:15245:5175	extended_3UTR_DCG_Soc1_w_forward_primer	100.000	18	0	0	1	18	7	24	9.35e-07	33.7
M03997:68:000000000-G35DK:1:2103:14047:7618	extended_3UTR_DCG_Soc1_w_forward_primer	100.000	20	0	0	1	20	5	24	5.25e-07	37.4
M03997:68:000000000-G35DK:1:1102:27066:11606	extended_3UTR_DCG_Soc1_w_forward_primer	76.190	42	5	1	1	42	13	49	3.72e-06	31.9
M03997:68:000000000-G35DK:1:2102:18866:27926	extended_3UTR_DCG_Soc1_w_forward_primer	100.000	17	0	0	1	17	8	24	3.64e-06	31.9
M03997:68:000000000-G35DK:1:2103:20880:10230	extended_3UTR_DCG_Soc1_w_forward_primer	100.000	18	0	0	1	18	7	24	7.13e-07	33.7
M03997:68:000000000-G35DK:1:2101:9173:19832	extended_3UTR_DCG_Soc1_w_forward_primer	100.000	18	0	0	1	18	7	24	2.04e-06	33.7
M03997:68:000000000-G35DK:1:1103:21139:25100	extended_3UTR_DCG_Soc1_w_forward_primer	100.000	21	0	0	37	57	1	21	2.51e-08	39.2
M03997:68:000000000-G35DK:1:1101:11158:8810	extended_3UTR_DCG_Soc1_w_forward_primer	100.000	18	0	0	1	18	7	24	1.09e-06	33.7
M03997:68:000000000-G35DK:1:2102:28369:12185	extended_3UTR_DCG_Soc1_w_forward_primer	100.000	18	0	0	1	18	7	24	3.57e-07	33.7
M03997:68:000000000-G35DK:1:2103:10506:13288	extended_3UTR_DCG_Soc1_w_forward_primer	100.000	79	0	0	1	79	13	91	1.19e-39	143
M03997:68:000000000-G35DK:1:1102:15400:23841	extended_3UTR_DCG_Soc1_w_forward_primer	100.000	20	0	0	1	20	5	24	4.39e-08	37.4
M03997:68:000000000-G35DK:1:2104:5326:14339	extended_3UTR_DCG_Soc1_w_forward_primer	100.000	25	0	0	43	67	1	25	2.04e-10	46.4
M03997:68:000000000-G35DK:1:2102:25709:16899	extended_3UTR_DCG_Soc1_w_forward_primer	100.000	115	0	0	1	115	29	143	5.10e-59	208
M03997:68:000000000-G35DK:1:1101:10228:20566	extended_3UTR_DCG_Soc1_w_forward_primer	100.000	18	0	0	1	18	7	24	9.32e-07	33.7
M03997:68:000000000-G35DK:1:1104:10904:4753	extended_3UTR_DCG_Soc1_w_forward_primer	97.059	68	0	1	1	66	48	115	5.74e-30	111
M03997:68:000000000-G35DK:1:2104:9398:27489	extended_3UTR_DCG_Soc1_w_forward_primer	100.000	90	0	0	1	90	10	99	1.47e-45	163
M03997:68:000000000-G35DK:1:2101:11733:17881	extended_3UTR_DCG_Soc1_w_forward_primer	100.000	60	0	0	1	60	50	109	1.79e-29	109
M03997:68:000000000-G35DK:1:2101:5111:10636	extended_3UTR_DCG_Soc1_w_forward_primer	100.000	39	0	0	1	39	7	45	2.75e-18	71.6
M03997:68:000000000-G35DK:1:1103:10228:15815	extended_3UTR_DCG_Soc1_w_forward_primer	100.000	56	0	0	1	56	52	107	2.45e-27	102
M03997:68:000000000-G35DK:1:1104:12930:11566	extended_3UTR_DCG_Soc1_w_forward_primer	100.000	67	0	0	1	67	52	118	3.23e-33	122
M03997:68:000000000-G35DK:1:2103:27119:21301	extended_3UTR_DCG_Soc1_w_forward_primer	100.000	18	0	0	1	18	7	24	4.02e-07	33.7
M03997:68:000000000-G35DK:1:2101:3910:16640	extended_3UTR_DCG_Soc1_w_forward_primer	100.000	18	0	0	1	18	7	24	1.22e-06	33.7
M03997:68:000000000-G35DK:1:1103:18610:25558	extended_3UTR_DCG_Soc1_w_forward_primer	100.000	61	0	0	1	61	83	143	5.24e-30	111
M03997:68:000000000-G35DK:1:1102:16371:5958	extended_3UTR_DCG_Soc1_w_forward_primer	100.000	21	0	0	64	84	1	21	3.92e-08	39.2
M03997:68:000000000-G35DK:1:1104:12041:15783	extended_3UTR_DCG_Soc1_w_forward_primer	100.000	18	0	0	1	18	7	24	1.15e-06	33.7
M03997:68:000000000-G35DK:1:1101:21828:11078	extended_3UTR_DCG_Soc1_w_forward_primer	100.000	21	0	0	115	135	1	21	6.51e-08	39.2
M03997:68:000000000-G35DK:1:1104:23001:24548	extended_3UTR_DCG_Soc1_w_forward_primer	100.000	45	0	0	1	45	83	127	1.81e-21	82.4
M03997:68:000000000-G35DK:1:1102:18266:8866	extended_3UTR_DCG_Soc1_w_forward_primer	100.000	36	0	0	1	36	23	58	1.05e-16	66.2
M03997:68:000000000-G35DK:1:2104:13693:12642	extended_3UTR_DCG_Soc1_w_forward_primer	100.000	81	0	0	1	81	13	93	1.01e-40	147
M03997:68:000000000-G35DK:1:1104:18388:21993	extended_3UTR_DCG_Soc1_w_forward_primer	100.000	18	0	0	1	18	7	24	5.34e-07	33.7
M03997:68:000000000-G35DK:1:1101:12116:5841	extended_3UTR_DCG_Soc1_w_forward_primer	100.000	21	0	0	85	105	1	21	4.94e-08	39.2
M03997:68:000000000-G35DK:1:1102:23024:20715	extended_3UTR_DCG_Soc1_w_forward_primer	100.000	70	0	0	1	70	13	82	7.99e-35	127
M03997:68:000000000-G35DK:1:2101:26290:7710	extended_3UTR_DCG_Soc1_w_forward_primer	100.000	20	0	0	1	20	7	26	9.84e-08	37.4
M03997:68:000000000-G35DK:1:2104:19585:19312	extended_3UTR_DCG_Soc1_w_forward_primer	100.000	21	0	0	30	50	1	21	2.20e-08	39.2
M03997:68:000000000-G35DK:1:1101:17545:18456	extended_3UTR_DCG_Soc1_w_forward_primer	100.000	20	0	0	1	20	5	24	3.75e-07	37.4
M03997:68:000000000-G35DK:1:1104:18728:15820	extended_3UTR_DCG_Soc1_w_forward_primer	100.000	84	0	0	1	84	31	114	2.47e-42	152
M03997:68:000000000-G35DK:1:2102:11041:6126	extended_3UTR_DCG_Soc1_w_forward_primer	98.750	80	1	0	1	80	26	105	1.47e-38	140
M03997:68:000000000-G35DK:1:2102:29539:14890	extended_3UTR_DCG_Soc1_w_forward_primer	100.000	17	0	0	1	17	10	26	3.49e-06	31.9
M03997:68:000000000-G35DK:1:2101:13568:22222	extended_3UTR_DCG_Soc1_w_forward_primer	100.000	20	0	0	1	20	7	26	1.22e-07	37.4
M03997:68:000000000-G35DK:1:1101:13257:14259	extended_3UTR_DCG_Soc1_w_forward_primer	100.000	66	0	0	1	66	23	88	1.11e-32	120
M03997:68:000000000-G35DK:1:2103:24175:8373	extended_3UTR_DCG_Soc1_w_forward_primer	100.000	42	0	0	1	42	113	154	7.08e-20	77.0
M03997:68:000000000-G35DK:1:1102:27891:19444	extended_3UTR_DCG_Soc1_w_forward_primer	100.000	42	0	0	1	42	72	113	7.08e-20	77.0
M03997:68:000000000-G35DK:1:2104:11217:6866	extended_3UTR_DCG_Soc1_w_forward_primer	98.734	79	1	0	1	79	13	91	5.07e-38	138
M03997:68:000000000-G35DK:1:2103:14673:13577	extended_3UTR_DCG_Soc1_w_forward_primer	100.000	20	0	0	1	20	5	24	1.17e-07	37.4
M03997:68:000000000-G35DK:1:2101:17604:15830	extended_3UTR_DCG_Soc1_w_forward_primer	100.000	78	0	0	1	78	72	149	1.71e-38	141
M03997:68:000000000-G35DK:1:2102:19340:2697	extended_3UTR_DCG_Soc1_w_forward_primer	98.925	93	1	0	1	93	13	105	1.53e-45	163
M03997:68:000000000-G35DK:1:2103:4171:12769	extended_3UTR_DCG_Soc1_w_forward_primer	100.000	18	0	0	1	18	7	24	9.77e-07	33.7
M03997:68:000000000-G35DK:1:1103:3748:10801	extended_3UTR_DCG_Soc1_w_forward_primer	100.000	18	0	0	1	18	7	24	6.40e-06	33.7
M03997:68:000000000-G35DK:1:2102:20733:26588	extended_3UTR_DCG_Soc1_w_forward_primer	100.000	18	0	0	1	18	7	24	8.91e-07	33.7
M03997:68:000000000-G35DK:1:1102:16127:6714	extended_3UTR_DCG_Soc1_w_forward_primer	100.000	21	0	0	34	54	1	21	2.35e-08	39.2
M03997:68:000000000-G35DK:1:2103:22593:25345	extended_3UTR_DCG_Soc1_w_forward_primer	100.000	18	0	0	1	18	7	24	7.79e-07	33.7
M03997:68:000000000-G35DK:1:1104:12911:15932	extended_3UTR_DCG_Soc1_w_forward_primer	98.246	57	1	0	1	57	54	110	3.05e-26	98.7
M03997:68:000000000-G35DK:1:1104:18961:12396	extended_3UTR_DCG_Soc1_w_forward_primer	76.190	42	5	1	1	42	13	49	9.73e-06	31.9
M03997:68:000000000-G35DK:1:1101:2595:19307	extended_3UTR_DCG_Soc1_w_forward_primer	100.000	63	0	0	1	63	58	120	2.38e-30	114
M03997:68:000000000-G35DK:1:1104:24857:25859	extended_3UTR_DCG_Soc1_w_forward_primer	100.000	69	0	0	1	69	23	91	2.74e-34	125
M03997:68:000000000-G35DK:1:1101:28421:9612	extended_3UTR_DCG_Soc1_w_forward_primer	100.000	17	0	0	1	17	8	24	1.63e-06	31.9
M03997:68:000000000-G35DK:1:1101:6013:19159	extended_3UTR_DCG_Soc1_w_forward_primer	100.000	29	0	0	1	29	56	84	4.99e-13	53.6
M03997:68:000000000-G35DK:1:2104:16007:16132	extended_3UTR_DCG_Soc1_w_forward_primer	97.403	77	2	0	1	77	29	105	7.31e-36	131
M03997:68:000000000-G35DK:1:1103:11189:23882	extended_3UTR_DCG_Soc1_w_forward_primer	98.413	63	1	0	1	63	72	134	1.93e-29	109
M03997:68:000000000-G35DK:1:2101:23491:19949	extended_3UTR_DCG_Soc1_w_forward_primer	100.000	50	0	0	1	50	13	62	3.97e-24	91.5
M03997:68:000000000-G35DK:1:2102:26122:22502	extended_3UTR_DCG_Soc1_w_forward_primer	100.000	18	0	0	1	18	7	24	5.57e-07	33.7
M03997:68:000000000-G35DK:1:1102:6705:15202	extended_3UTR_DCG_Soc1_w_forward_primer	100.000	17	0	0	1	17	8	24	1.63e-06	31.9
M03997:68:000000000-G35DK:1:1104:14556:22018	extended_3UTR_DCG_Soc1_w_forward_primer	98.148	54	1	0	1	54	83	136	1.22e-24	93.3
M03997:68:000000000-G35DK:1:1102:23434:9740	extended_3UTR_DCG_Soc1_w_forward_primer	100.000	18	0	0	1	18	7	24	8.24e-07	33.7
M03997:68:000000000-G35DK:1:1104:3214:16366	extended_3UTR_DCG_Soc1_w_forward_primer	100.000	17	0	0	1	17	10	26	5.11e-06	31.9
M03997:68:000000000-G35DK:1:2102:4028:21104	extended_3UTR_DCG_Soc1_w_forward_primer	100.000	97	0	0	1	97	58	154	2.54e-49	176
M03997:68:000000000-G35DK:1:2103:28313:17174	extended_3UTR_DCG_Soc1_w_forward_primer	97.980	99	2	0	1	99	64	162	3.53e-47	170
M03997:68:000000000-G35DK:1:2101:22809:12509	extended_3UTR_DCG_Soc1_w_forward_primer	100.000	21	0	0	31	51	1	21	2.19e-08	39.2
M03997:68:000000000-G35DK:1:1103:7001:23293	extended_3UTR_DCG_Soc1_w_forward_primer	99.000	100	1	0	1	100	13	112	2.62e-49	176
M03997:68:000000000-G35DK:1:1101:15464:17109	extended_3UTR_DCG_Soc1_w_forward_primer	100.000	19	0	0	1	19	7	25	1.83e-06	35.6
M03997:68:000000000-G35DK:1:1104:16927:4681	extended_3UTR_DCG_Soc1_w_forward_primer	100.000	18	0	0	1	18	7	24	1.24e-06	33.7
M03997:68:000000000-G35DK:1:2103:20224:13394	extended_3UTR_DCG_Soc1_w_forward_primer	100.000	20	0	0	1	20	7	26	5.85e-08	37.4
M03997:68:000000000-G35DK:1:1104:11417:18166	extended_3UTR_DCG_Soc1_w_forward_primer	100.000	69	0	0	1	69	42	110	2.74e-34	125
M03997:68:000000000-G35DK:1:1103:26011:22493	extended_3UTR_DCG_Soc1_w_forward_primer	100.000	28	0	0	1	28	7	34	1.66e-12	51.8
M03997:68:000000000-G35DK:1:2102:13131:19481	extended_3UTR_DCG_Soc1_w_forward_primer	100.000	55	0	0	1	55	12	66	8.37e-27	100
M03997:68:000000000-G35DK:1:1101:12337:9394	extended_3UTR_DCG_Soc1_w_forward_primer	100.000	20	0	0	1	20	5	24	1.11e-07	37.4
M03997:68:000000000-G35DK:1:2102:27134:10955	extended_3UTR_DCG_Soc1_w_forward_primer	100.000	137	0	0	1	137	7	143	7.04e-71	248
M03997:68:000000000-G35DK:1:2103:6402:9402	extended_3UTR_DCG_Soc1_w_forward_primer	100.000	69	0	0	1	69	23	91	2.74e-34	125
M03997:68:000000000-G35DK:1:1104:12169:19797	extended_3UTR_DCG_Soc1_w_forward_primer	95.652	23	1	0	1	23	104	126	5.25e-07	37.4
M03997:68:000000000-G35DK:1:1102:18000:8157	extended_3UTR_DCG_Soc1_w_forward_primer	100.000	61	0	0	1	61	102	162	2.90e-29	111
M03997:68:000000000-G35DK:1:2101:15621:5949	extended_3UTR_DCG_Soc1_w_forward_primer	100.000	19	0	0	1	19	8	26	3.18e-07	35.6
M03997:68:000000000-G35DK:1:2101:7027:15754	extended_3UTR_DCG_Soc1_w_forward_primer	100.000	109	0	0	1	109	13	121	8.70e-56	197
M03997:68:000000000-G35DK:1:2102:23293:7683	extended_3UTR_DCG_Soc1_w_forward_primer	100.000	33	0	0	1	33	13	45	4.00e-15	60.8
M03997:68:000000000-G35DK:1:1104:23481:10282	extended_3UTR_DCG_Soc1_w_forward_primer	100.000	61	0	0	1	61	83	143	5.24e-30	111
M03997:68:000000000-G35DK:1:1104:4205:7666	extended_3UTR_DCG_Soc1_w_forward_primer	100.000	57	0	0	1	57	26	82	7.17e-28	104
M03997:68:000000000-G35DK:1:1101:28887:17085	extended_3UTR_DCG_Soc1_w_forward_primer	100.000	91	0	0	1	91	31	121	4.27e-46	165
M03997:68:000000000-G35DK:1:1102:3670:11071	extended_3UTR_DCG_Soc1_w_forward_primer	100.000	18	0	0	1	18	7	24	4.90e-07	33.7
M03997:68:000000000-G35DK:1:2104:14814:22273	extended_3UTR_DCG_Soc1_w_forward_primer	100.000	18	0	0	1	18	7	24	6.40e-06	33.7
M03997:68:000000000-G35DK:1:1104:4602:7456	extended_3UTR_DCG_Soc1_w_forward_primer	100.000	18	0	0	1	18	7	24	1.42e-06	33.7
M03997:68:000000000-G35DK:1:1104:12316:8987	extended_3UTR_DCG_Soc1_w_forward_primer	100.000	18	0	0	1	18	8	25	9.99e-07	33.7
M03997:68:000000000-G35DK:1:1101:18455:15945	extended_3UTR_DCG_Soc1_w_forward_primer	100.000	51	0	0	1	51	99	149	7.79e-24	93.3
M03997:68:000000000-G35DK:1:1101:21229:3981	extended_3UTR_DCG_Soc1_w_forward_primer	100.000	17	0	0	1	17	10	26	5.73e-06	31.9
M03997:68:000000000-G35DK:1:1103:21583:15180	extended_3UTR_DCG_Soc1_w_forward_primer	100.000	58	0	0	1	58	7	64	2.10e-28	105
M03997:68:000000000-G35DK:1:1104:12537:18661	extended_3UTR_DCG_Soc1_w_forward_primer	100.000	21	0	0	82	102	1	21	4.79e-08	39.2
M03997:68:000000000-G35DK:1:2101:11303:27677	extended_3UTR_DCG_Soc1_w_forward_primer	100.000	51	0	0	1	51	83	133	1.13e-24	93.3
M03997:68:000000000-G35DK:1:2102:8056:18842	extended_3UTR_DCG_Soc1_w_forward_primer	100.000	17	0	0	1	17	10	26	1.63e-06	31.9
M03997:68:000000000-G35DK:1:1102:26952:14435	extended_3UTR_DCG_Soc1_w_forward_primer	100.000	17	0	0	1	17	8	24	7.72e-06	31.9
M03997:68:000000000-G35DK:1:2101:22017:27054	extended_3UTR_DCG_Soc1_w_forward_primer	100.000	20	0	0	1	20	5	24	6.21e-08	37.4
M03997:68:000000000-G35DK:1:2102:11302:13828	extended_3UTR_DCG_Soc1_w_forward_primer	100.000	18	0	0	1	18	7	24	2.19e-06	33.7
M03997:68:000000000-G35DK:1:2102:24647:18578	extended_3UTR_DCG_Soc1_w_forward_primer	100.000	20	0	0	1	20	7	26	1.22e-07	37.4
M03997:68:000000000-G35DK:1:1103:18084:27408	extended_3UTR_DCG_Soc1_w_forward_primer	100.000	24	0	0	44	67	1	24	7.37e-10	44.6
M03997:68:000000000-G35DK:1:2103:22227:19127	extended_3UTR_DCG_Soc1_w_forward_primer	100.000	91	0	0	1	91	31	121	4.27e-46	165
M03997:68:000000000-G35DK:1:1102:13789:27451	extended_3UTR_DCG_Soc1_w_forward_primer	100.000	19	0	0	1	19	6	24	2.11e-07	35.6
M03997:68:000000000-G35DK:1:2104:25553:8095	extended_3UTR_DCG_Soc1_w_forward_primer	100.000	18	0	0	1	18	7	24	6.40e-06	33.7
M03997:68:000000000-G35DK:1:2102:17636:20969	extended_3UTR_DCG_Soc1_w_forward_primer	100.000	21	0	0	36	56	1	21	2.45e-08	39.2
M03997:68:000000000-G35DK:1:2104:26887:20611	extended_3UTR_DCG_Soc1_w_forward_primer	100.000	22	0	0	1	22	5	26	3.00e-09	41.0
M03997:68:000000000-G35DK:1:1104:10858:9863	extended_3UTR_DCG_Soc1_w_forward_primer	100.000	21	0	0	30	50	1	21	2.20e-08	39.2
M03997:68:000000000-G35DK:1:2104:11597:8465	extended_3UTR_DCG_Soc1_w_forward_primer	100.000	17	0	0	1	17	8	24	1.63e-06	31.9
M03997:68:000000000-G35DK:1:1104:6870:14932	extended_3UTR_DCG_Soc1_w_forward_primer	100.000	22	0	0	1	22	5	26	4.31e-08	41.0
M03997:68:000000000-G35DK:1:1102:15186:10051	extended_3UTR_DCG_Soc1_w_forward_primer	100.000	17	0	0	1	17	8	24	3.95e-06	31.9
M03997:68:000000000-G35DK:1:2102:12620:22662	extended_3UTR_DCG_Soc1_w_forward_primer	100.000	49	0	0	1	49	72	120	1.91e-23	89.7
M03997:68:000000000-G35DK:1:1104:23265:16797	extended_3UTR_DCG_Soc1_w_forward_primer	100.000	72	0	0	1	72	83	154	3.10e-35	131
M03997:68:000000000-G35DK:1:1102:2161:18604	extended_3UTR_DCG_Soc1_w_forward_primer	100.000	21	0	0	72	92	1	21	4.33e-08	39.2
M03997:68:000000000-G35DK:1:2103:19495:14660	extended_3UTR_DCG_Soc1_w_forward_primer	100.000	57	0	0	1	57	10	66	7.17e-28	104
M03997:68:000000000-G35DK:1:2101:27423:18604	extended_3UTR_DCG_Soc1_w_forward_primer	100.000	20	0	0	1	20	5	24	2.67e-07	37.4
M03997:68:000000000-G35DK:1:1104:19192:23545	extended_3UTR_DCG_Soc1_w_forward_primer	100.000	25	0	0	1	25	7	31	6.37e-11	46.4
M03997:68:000000000-G35DK:1:1104:11526:23221	extended_3UTR_DCG_Soc1_w_forward_primer	100.000	20	0	0	1	20	5	24	4.39e-08	37.4
M03997:68:000000000-G35DK:1:2102:16948:11191	extended_3UTR_DCG_Soc1_w_forward_primer	100.000	66	0	0	1	66	106	171	1.11e-32	120
M03997:68:000000000-G35DK:1:2104:23944:10343	extended_3UTR_DCG_Soc1_w_forward_primer	100.000	18	0	0	1	18	7	24	2.50e-06	33.7
M03997:68:000000000-G35DK:1:2103:23202:16300	extended_3UTR_DCG_Soc1_w_forward_primer	100.000	19	0	0	1	19	7	25	2.55e-07	35.6
M03997:68:000000000-G35DK:1:1103:19241:6975	extended_3UTR_DCG_Soc1_w_forward_primer	98.592	142	2	0	1	142	13	154	7.43e-71	248
M03997:68:000000000-G35DK:1:2102:9410:15526	extended_3UTR_DCG_Soc1_w_forward_primer	100.000	18	0	0	1	18	7	24	1.49e-06	33.7
M03997:68:000000000-G35DK:1:2102:5589:7887	extended_3UTR_DCG_Soc1_w_forward_primer	100.000	21	0	0	122	142	1	21	6.87e-08	39.2
M03997:68:000000000-G35DK:1:1101:4879:14029	extended_3UTR_DCG_Soc1_w_forward_primer	100.000	44	0	0	1	44	13	56	6.16e-21	80.6
M03997:68:000000000-G35DK:1:1101:12583:7229	extended_3UTR_DCG_Soc1_w_forward_primer	100.000	63	0	0	1	63	58	120	2.38e-30	114
M03997:68:000000000-G35DK:1:1102:17651:10800	extended_3UTR_DCG_Soc1_w_forward_primer	76.190	42	5	1	1	42	13	49	5.19e-06	31.9
M03997:68:000000000-G35DK:1:2104:22486:21572	extended_3UTR_DCG_Soc1_w_forward_primer	100.000	110	0	0	1	110	6	115	2.52e-56	199
M03997:68:000000000-G35DK:1:1103:22633:23801	extended_3UTR_DCG_Soc1_w_forward_primer	100.000	18	0	0	1	18	7	24	2.39e-06	33.7
M03997:68:000000000-G35DK:1:1103:23551:16697	extended_3UTR_DCG_Soc1_w_forward_primer	76.190	42	5	1	1	42	13	49	4.26e-06	31.9
M03997:68:000000000-G35DK:1:2103:25798:21767	extended_3UTR_DCG_Soc1_w_forward_primer	100.000	20	0	0	1	20	7	26	5.25e-07	37.4
M03997:68:000000000-G35DK:1:1101:10751:20936	extended_3UTR_DCG_Soc1_w_forward_primer	100.000	20	0	0	1	20	5	24	5.25e-07	37.4
M03997:68:000000000-G35DK:1:2103:24750:18394	extended_3UTR_DCG_Soc1_w_forward_primer	100.000	19	0	0	1	19	8	26	1.47e-07	35.6
M03997:68:000000000-G35DK:1:2104:12636:18126	extended_3UTR_DCG_Soc1_w_forward_primer	100.000	19	0	0	1	19	7	25	2.04e-07	35.6
M03997:68:000000000-G35DK:1:1104:22090:18707	extended_3UTR_DCG_Soc1_w_forward_primer	100.000	19	0	0	1	19	6	24	3.82e-07	35.6
M03997:68:000000000-G35DK:1:2102:8087:24636	extended_3UTR_DCG_Soc1_w_forward_primer	100.000	52	0	0	1	52	13	64	3.33e-25	95.1
M03997:68:000000000-G35DK:1:1102:22669:25219	extended_3UTR_DCG_Soc1_w_forward_primer	100.000	18	0	0	1	18	7	24	1.49e-06	33.7
M03997:68:000000000-G35DK:1:1104:24092:23174	extended_3UTR_DCG_Soc1_w_forward_primer	100.000	18	0	0	1	18	7	24	1.93e-06	33.7
M03997:68:000000000-G35DK:1:2102:22090:7091	extended_3UTR_DCG_Soc1_w_forward_primer	100.000	21	0	0	1	21	5	25	9.98e-09	39.2
M03997:68:000000000-G35DK:1:1102:20368:3023	extended_3UTR_DCG_Soc1_w_forward_primer	100.000	98	0	0	1	98	26	123	7.35e-50	178
M03997:68:000000000-G35DK:1:2102:7253:17733	extended_3UTR_DCG_Soc1_w_forward_primer	100.000	18	0	0	1	18	7	24	1.93e-06	33.7
M03997:68:000000000-G35DK:1:1103:6909:25154	extended_3UTR_DCG_Soc1_w_forward_primer	100.000	81	0	0	1	81	58	138	1.01e-40	147
M03997:68:000000000-G35DK:1:2102:15623:10084	extended_3UTR_DCG_Soc1_w_forward_primer	100.000	37	0	0	1	37	117	153	3.10e-16	68.0
M03997:68:000000000-G35DK:1:1103:21701:7125	extended_3UTR_DCG_Soc1_w_forward_primer	100.000	22	0	0	1	22	5	26	6.30e-09	41.0
M03997:68:000000000-G35DK:1:1102:18983:25727	extended_3UTR_DCG_Soc1_w_forward_primer	92.000	25	0	1	1	25	7	29	2.26e-06	33.7
M03997:68:000000000-G35DK:1:1103:10727:20557	extended_3UTR_DCG_Soc1_w_forward_primer	98.387	62	1	0	1	62	5	66	6.50e-29	107
M03997:68:000000000-G35DK:1:1102:21268:7200	extended_3UTR_DCG_Soc1_w_forward_primer	98.889	90	1	0	1	90	54	143	6.26e-44	158
M03997:68:000000000-G35DK:1:2101:17310:27917	extended_3UTR_DCG_Soc1_w_forward_primer	100.000	20	0	0	1	20	5	24	9.29e-08	37.4
M03997:68:000000000-G35DK:1:2101:12170:24679	extended_3UTR_DCG_Soc1_w_forward_primer	92.308	26	2	0	1	26	5	30	1.05e-08	39.2
M03997:68:000000000-G35DK:1:2102:23134:13539	extended_3UTR_DCG_Soc1_w_forward_primer	100.000	60	0	0	1	60	37	96	1.79e-29	109
M03997:68:000000000-G35DK:1:1102:20237:19675	extended_3UTR_DCG_Soc1_w_forward_primer	100.000	51	0	0	1	51	62	112	1.13e-24	93.3
M03997:68:000000000-G35DK:1:2104:6516:15642	extended_3UTR_DCG_Soc1_w_forward_primer	95.455	22	1	0	1	22	5	26	1.83e-06	35.6
M03997:68:000000000-G35DK:1:2103:17341:11010	extended_3UTR_DCG_Soc1_w_forward_primer	100.000	58	0	0	1	58	13	70	2.10e-28	105
M03997:68:000000000-G35DK:1:1104:25092:10909	extended_3UTR_DCG_Soc1_w_forward_primer	100.000	82	0	0	1	82	19	100	2.92e-41	149
M03997:68:000000000-G35DK:1:1102:13994:27000	extended_3UTR_DCG_Soc1_w_forward_primer	100.000	18	0	0	1	18	7	24	8.46e-07	33.7
M03997:68:000000000-G35DK:1:2101:15856:2854	extended_3UTR_DCG_Soc1_w_forward_primer	100.000	98	0	0	1	98	31	128	7.35e-50	178
M03997:68:000000000-G35DK:1:1104:10069:7676	extended_3UTR_DCG_Soc1_w_forward_primer	100.000	54	0	0	1	54	13	66	2.86e-26	98.7
M03997:68:000000000-G35DK:1:1102:23255:17860	extended_3UTR_DCG_Soc1_w_forward_primer	100.000	33	0	0	1	33	83	115	4.00e-15	60.8
M03997:68:000000000-G35DK:1:2101:27065:17712	extended_3UTR_DCG_Soc1_w_forward_primer	100.000	58	0	0	1	58	13	70	2.10e-28	105
M03997:68:000000000-G35DK:1:2103:11350:9526	extended_3UTR_DCG_Soc1_w_forward_primer	94.030	67	0	1	1	67	29	91	3.03e-27	102
M03997:68:000000000-G35DK:1:1102:15750:17971	extended_3UTR_DCG_Soc1_w_forward_primer	100.000	22	0	0	1	22	5	26	2.85e-09	41.0
M03997:68:000000000-G35DK:1:2104:26268:21069	extended_3UTR_DCG_Soc1_w_forward_primer	100.000	19	0	0	1	19	102	120	2.30e-07	35.6
M03997:68:000000000-G35DK:1:2101:27221:13322	extended_3UTR_DCG_Soc1_w_forward_primer	100.000	57	0	0	1	57	10	66	7.17e-28	104
M03997:68:000000000-G35DK:1:2103:11853:7382	extended_3UTR_DCG_Soc1_w_forward_primer	100.000	18	0	0	1	18	7	24	4.07e-06	33.7
M03997:68:000000000-G35DK:1:2102:26328:9576	extended_3UTR_DCG_Soc1_w_forward_primer	100.000	28	0	0	1	28	7	34	1.66e-12	51.8
M03997:68:000000000-G35DK:1:1102:24336:23879	extended_3UTR_DCG_Soc1_w_forward_primer	100.000	149	0	0	1	149	23	171	2.36e-77	269
M03997:68:000000000-G35DK:1:2103:13721:28089	extended_3UTR_DCG_Soc1_w_forward_primer	100.000	19	0	0	1	19	7	25	4.26e-07	35.6
M03997:68:000000000-G35DK:1:2101:29668:14449	extended_3UTR_DCG_Soc1_w_forward_primer	100.000	109	0	0	1	109	13	121	8.70e-56	197
M03997:68:000000000-G35DK:1:1104:26457:15674	extended_3UTR_DCG_Soc1_w_forward_primer	100.000	18	0	0	1	18	8	25	6.90e-07	33.7
M03997:68:000000000-G35DK:1:2103:15693:19885	extended_3UTR_DCG_Soc1_w_forward_primer	100.000	18	0	0	1	18	7	24	8.24e-07	33.7
M03997:68:000000000-G35DK:1:2104:26027:10884	extended_3UTR_DCG_Soc1_w_forward_primer	100.000	21	0	0	30	50	1	21	2.20e-08	39.2
M03997:68:000000000-G35DK:1:1104:11139:12797	extended_3UTR_DCG_Soc1_w_forward_primer	100.000	18	0	0	1	18	7	24	9.77e-07	33.7
M03997:68:000000000-G35DK:1:1102:25672:20435	extended_3UTR_DCG_Soc1_w_forward_primer	100.000	20	0	0	1	20	7	26	8.56e-08	37.4
M03997:68:000000000-G35DK:1:2101:2022:15171	extended_3UTR_DCG_Soc1_w_forward_primer	97.849	93	0	1	1	91	13	105	2.21e-43	156
M03997:68:000000000-G35DK:1:2104:17836:16712	extended_3UTR_DCG_Soc1_w_forward_primer	100.000	109	0	0	1	109	13	121	8.70e-56	197
M03997:68:000000000-G35DK:1:1101:25387:9175	extended_3UTR_DCG_Soc1_w_forward_primer	100.000	71	0	0	1	71	13	83	2.33e-35	129
M03997:68:000000000-G35DK:1:1104:23312:8721	extended_3UTR_DCG_Soc1_w_forward_primer	100.000	69	0	0	1	69	23	91	2.74e-34	125
M03997:68:000000000-G35DK:1:2104:14179:17847	extended_3UTR_DCG_Soc1_w_forward_primer	100.000	17	0	0	1	17	10	26	2.64e-06	31.9
M03997:68:000000000-G35DK:1:2103:17634:16641	extended_3UTR_DCG_Soc1_w_forward_primer	100.000	20	0	0	1	20	5	24	3.47e-08	37.4
M03997:68:000000000-G35DK:1:2104:21607:22289	extended_3UTR_DCG_Soc1_w_forward_primer	100.000	20	0	0	1	20	7	26	6.76e-08	37.4
M03997:68:000000000-G35DK:1:1102:22505:16520	extended_3UTR_DCG_Soc1_w_forward_primer	100.000	18	0	0	1	18	7	24	7.13e-07	33.7
M03997:68:000000000-G35DK:1:2102:8302:8886	extended_3UTR_DCG_Soc1_w_forward_primer	100.000	60	0	0	1	60	23	82	1.79e-29	109
M03997:68:000000000-G35DK:1:1104:26577:20982	extended_3UTR_DCG_Soc1_w_forward_primer	100.000	74	0	0	1	74	18	91	5.74e-37	134
M03997:68:000000000-G35DK:1:1102:22885:27012	extended_3UTR_DCG_Soc1_w_forward_primer	100.000	86	0	0	1	86	48	133	2.08e-43	156
M03997:68:000000000-G35DK:1:2101:11449:17729	extended_3UTR_DCG_Soc1_w_forward_primer	100.000	19	0	0	1	19	7	25	3.88e-07	35.6
M03997:68:000000000-G35DK:1:1104:2129:14100	extended_3UTR_DCG_Soc1_w_forward_primer	100.000	18	0	0	1	18	7	24	7.57e-07	33.7
M03997:68:000000000-G35DK:1:2103:13883:11586	extended_3UTR_DCG_Soc1_w_forward_primer	100.000	76	0	0	1	76	52	127	4.85e-38	138
M03997:68:000000000-G35DK:1:2103:17485:6725	extended_3UTR_DCG_Soc1_w_forward_primer	96.970	33	1	0	1	33	72	104	1.70e-13	55.4
M03997:68:000000000-G35DK:1:1102:17810:7072	extended_3UTR_DCG_Soc1_w_forward_primer	100.000	21	0	0	59	79	1	21	3.65e-08	39.2
M03997:68:000000000-G35DK:1:1101:25610:14279	extended_3UTR_DCG_Soc1_w_forward_primer	100.000	49	0	0	1	49	72	120	9.49e-23	89.7
M03997:68:000000000-G35DK:1:2104:7030:20656	extended_3UTR_DCG_Soc1_w_forward_primer	100.000	54	0	0	1	54	13	66	2.86e-26	98.7
M03997:68:000000000-G35DK:1:1104:19680:16421	extended_3UTR_DCG_Soc1_w_forward_primer	100.000	20	0	0	142	161	1	20	2.74e-07	37.4
M03997:68:000000000-G35DK:1:1103:10994:6861	extended_3UTR_DCG_Soc1_w_forward_primer	100.000	50	0	0	1	50	66	115	3.97e-24	91.5
M03997:68:000000000-G35DK:1:2101:17483:7330	extended_3UTR_DCG_Soc1_w_forward_primer	100.000	24	0	0	37	60	1	24	6.51e-10	44.6
M03997:68:000000000-G35DK:1:2104:26470:16345	extended_3UTR_DCG_Soc1_w_forward_primer	98.305	59	0	1	1	58	12	70	3.11e-26	98.7
M03997:68:000000000-G35DK:1:2102:18937:15541	extended_3UTR_DCG_Soc1_w_forward_primer	100.000	18	0	0	1	18	7	24	2.61e-06	33.7
M03997:68:000000000-G35DK:1:2103:26692:23388	extended_3UTR_DCG_Soc1_w_forward_primer	100.000	24	0	0	34	57	1	24	6.14e-10	44.6
M03997:68:000000000-G35DK:1:2104:19962:7016	extended_3UTR_DCG_Soc1_w_forward_primer	100.000	20	0	0	1	20	5	24	3.47e-08	37.4
M03997:68:000000000-G35DK:1:2102:13618:3793	extended_3UTR_DCG_Soc1_w_forward_primer	100.000	17	0	0	1	17	8	24	3.95e-06	31.9
M03997:68:000000000-G35DK:1:2102:19135:14778	extended_3UTR_DCG_Soc1_w_forward_primer	98.837	86	1	0	1	86	23	108	8.84e-42	150
M03997:68:000000000-G35DK:1:1104:24621:15185	extended_3UTR_DCG_Soc1_w_forward_primer	100.000	61	0	0	1	61	15	75	5.24e-30	111
M03997:68:000000000-G35DK:1:2104:9273:23668	extended_3UTR_DCG_Soc1_w_forward_primer	100.000	18	0	0	1	18	7	24	2.32e-06	33.7
M03997:68:000000000-G35DK:1:1103:17524:13850	extended_3UTR_DCG_Soc1_w_forward_primer	100.000	21	0	0	85	105	1	21	4.94e-08	39.2
M03997:68:000000000-G35DK:1:2104:18212:15368	extended_3UTR_DCG_Soc1_w_forward_primer	100.000	57	0	0	1	57	10	66	7.17e-28	104
M03997:68:000000000-G35DK:1:1102:26615:19419	extended_3UTR_DCG_Soc1_w_forward_primer	100.000	18	0	0	1	18	7	24	6.40e-06	33.7
M03997:68:000000000-G35DK:1:1104:6180:25395	extended_3UTR_DCG_Soc1_w_forward_primer	100.000	18	0	0	1	18	7	24	5.79e-07	33.7
M03997:68:000000000-G35DK:1:1104:21673:7472	extended_3UTR_DCG_Soc1_w_forward_primer	100.000	20	0	0	1	20	5	24	5.48e-08	37.4
M03997:68:000000000-G35DK:1:1103:13188:28596	extended_3UTR_DCG_Soc1_w_forward_primer	98.246	57	1	0	1	57	26	82	3.05e-26	98.7
M03997:68:000000000-G35DK:1:1103:13770:12386	extended_3UTR_DCG_Soc1_w_forward_primer	100.000	18	0	0	1	18	7	24	4.90e-07	33.7
M03997:68:000000000-G35DK:1:2103:19216:19739	extended_3UTR_DCG_Soc1_w_forward_primer	98.246	57	1	0	1	57	104	160	1.83e-25	98.7
M03997:68:000000000-G35DK:1:2104:19865:22040	extended_3UTR_DCG_Soc1_w_forward_primer	100.000	25	0	0	47	71	1	25	2.32e-10	46.4
M03997:68:000000000-G35DK:1:1102:12358:13823	extended_3UTR_DCG_Soc1_w_forward_primer	100.000	17	0	0	2	18	10	26	3.41e-06	31.9
M03997:68:000000000-G35DK:1:2101:13762:12673	extended_3UTR_DCG_Soc1_w_forward_primer	99.074	108	1	0	1	108	26	133	1.28e-53	190
M03997:68:000000000-G35DK:1:1102:20617:19229	extended_3UTR_DCG_Soc1_w_forward_primer	97.674	86	0	1	1	86	13	96	1.31e-39	143
M03997:68:000000000-G35DK:1:2104:13181:15788	extended_3UTR_DCG_Soc1_w_forward_primer	100.000	17	0	0	1	17	8	24	4.49e-06	31.9
M03997:68:000000000-G35DK:1:1101:29261:12963	extended_3UTR_DCG_Soc1_w_forward_primer	100.000	59	0	0	1	59	52	110	6.13e-29	107
M03997:68:000000000-G35DK:1:1101:12562:14225	extended_3UTR_DCG_Soc1_w_forward_primer	100.000	57	0	0	5	61	56	112	7.77e-28	104
M03997:68:000000000-G35DK:1:2101:19590:6798	extended_3UTR_DCG_Soc1_w_forward_primer	100.000	20	0	0	1	20	7	26	1.06e-07	37.4
M03997:68:000000000-G35DK:1:1103:18724:9663	extended_3UTR_DCG_Soc1_w_forward_primer	76.744	43	5	1	1	43	12	49	2.83e-06	33.7
M03997:68:000000000-G35DK:1:2104:19397:25295	extended_3UTR_DCG_Soc1_w_forward_primer	100.000	42	0	0	3	44	9	50	7.50e-20	77.0
M03997:68:000000000-G35DK:1:2101:27711:13540	extended_3UTR_DCG_Soc1_w_forward_primer	100.000	18	0	0	1	18	7	24	2.08e-06	33.7
M03997:68:000000000-G35DK:1:2103:10380:17617	extended_3UTR_DCG_Soc1_w_forward_primer	100.000	20	0	0	1	20	5	24	1.40e-07	37.4
M03997:68:000000000-G35DK:1:2103:19846:18034	extended_3UTR_DCG_Soc1_w_forward_primer	100.000	42	0	0	1	42	50	91	7.08e-20	77.0
M03997:68:000000000-G35DK:1:1103:26623:16165	extended_3UTR_DCG_Soc1_w_forward_primer	100.000	44	0	0	1	44	13	56	6.16e-21	80.6
M03997:68:000000000-G35DK:1:1102:21080:14963	extended_3UTR_DCG_Soc1_w_forward_primer	100.000	103	0	0	1	103	13	115	1.48e-52	187
M03997:68:000000000-G35DK:1:1101:18373:20749	extended_3UTR_DCG_Soc1_w_forward_primer	100.000	18	0	0	1	18	7	24	4.90e-07	33.7
M03997:68:000000000-G35DK:1:2104:24244:8028	extended_3UTR_DCG_Soc1_w_forward_primer	76.190	42	5	1	1	42	13	49	5.35e-06	31.9
M03997:68:000000000-G35DK:1:2101:21300:6823	extended_3UTR_DCG_Soc1_w_forward_primer	100.000	18	0	0	1	18	7	24	1.71e-06	33.7
M03997:68:000000000-G35DK:1:1101:10052:25879	extended_3UTR_DCG_Soc1_w_forward_primer	100.000	84	0	0	1	84	13	96	2.47e-42	152
M03997:68:000000000-G35DK:1:1103:11067:25546	extended_3UTR_DCG_Soc1_w_forward_primer	95.238	21	1	0	1	21	7	27	4.90e-07	33.7
M03997:68:000000000-G35DK:1:1101:9444:21137	extended_3UTR_DCG_Soc1_w_forward_primer	100.000	17	0	0	1	17	8	24	3.03e-06	31.9
M03997:68:000000000-G35DK:1:1102:7501:17115	extended_3UTR_DCG_Soc1_w_forward_primer	100.000	18	0	0	1	18	7	24	2.59e-06	33.7
M03997:68:000000000-G35DK:1:1101:9805:15190	extended_3UTR_DCG_Soc1_w_forward_primer	99.315	146	1	0	1	146	31	176	4.17e-74	259
M03997:68:000000000-G35DK:1:2101:9765:8562	extended_3UTR_DCG_Soc1_w_forward_primer	100.000	26	0	0	72	97	1	26	9.44e-11	48.2
M03997:68:000000000-G35DK:1:2103:25916:16259	extended_3UTR_DCG_Soc1_w_forward_primer	100.000	21	0	0	40	60	1	21	2.66e-08	39.2
M03997:68:000000000-G35DK:1:1101:7021:20844	extended_3UTR_DCG_Soc1_w_forward_primer	100.000	28	0	0	1	28	7	34	1.66e-12	51.8
M03997:68:000000000-G35DK:1:1101:19484:24429	extended_3UTR_DCG_Soc1_w_forward_primer	100.000	31	0	0	1	31	7	37	4.49e-14	57.2
M03997:68:000000000-G35DK:1:1103:11763:5612	extended_3UTR_DCG_Soc1_w_forward_primer	100.000	68	0	0	1	68	13	80	9.41e-34	123
M03997:68:000000000-G35DK:1:2104:12658:14871	extended_3UTR_DCG_Soc1_w_forward_primer	100.000	27	0	0	1	27	123	149	8.32e-11	50.0
M03997:68:000000000-G35DK:1:2103:18438:12696	extended_3UTR_DCG_Soc1_w_forward_primer	100.000	20	0	0	1	20	5	24	3.32e-07	37.4
M03997:68:000000000-G35DK:1:1103:18097:8432	extended_3UTR_DCG_Soc1_w_forward_primer	100.000	50	0	0	1	50	56	105	3.97e-24	91.5
M03997:68:000000000-G35DK:1:2104:26920:13829	extended_3UTR_DCG_Soc1_w_forward_primer	100.000	19	0	0	1	19	6	24	1.08e-06	35.6
M03997:68:000000000-G35DK:1:1103:15595:7515	extended_3UTR_DCG_Soc1_w_forward_primer	100.000	18	0	0	1	18	7	24	1.82e-06	33.7
M03997:68:000000000-G35DK:1:1104:22412:22029	extended_3UTR_DCG_Soc1_w_forward_primer	100.000	18	0	0	1	18	7	24	4.90e-07	33.7
M03997:68:000000000-G35DK:1:1101:2401:18562	extended_3UTR_DCG_Soc1_w_forward_primer	98.529	68	1	0	1	68	54	121	4.00e-32	118
M03997:68:000000000-G35DK:1:1103:14519:15970	extended_3UTR_DCG_Soc1_w_forward_primer	100.000	21	0	0	65	85	1	21	3.97e-08	39.2
M03997:68:000000000-G35DK:1:2101:10060:15987	extended_3UTR_DCG_Soc1_w_forward_primer	100.000	19	0	0	1	19	7	25	5.53e-07	35.6
M03997:68:000000000-G35DK:1:1104:27158:15469	extended_3UTR_DCG_Soc1_w_forward_primer	98.734	79	1	0	1	79	13	91	5.07e-38	138
M03997:68:000000000-G35DK:1:1104:18267:7405	extended_3UTR_DCG_Soc1_w_forward_primer	100.000	18	0	0	1	18	7	24	1.40e-06	33.7
M03997:68:000000000-G35DK:1:2102:14721:24856	extended_3UTR_DCG_Soc1_w_forward_primer	100.000	83	0	0	1	83	23	105	8.49e-42	150
M03997:68:000000000-G35DK:1:2104:21442:18823	extended_3UTR_DCG_Soc1_w_forward_primer	100.000	22	0	0	102	123	3	24	1.71e-08	41.0
M03997:68:000000000-G35DK:1:1102:23472:9261	extended_3UTR_DCG_Soc1_w_forward_primer	100.000	93	0	0	1	93	13	105	3.59e-47	168
M03997:68:000000000-G35DK:1:1101:20300:15377	extended_3UTR_DCG_Soc1_w_forward_primer	100.000	45	0	0	1	45	99	143	1.81e-21	82.4
M03997:68:000000000-G35DK:1:2102:14317:2672	extended_3UTR_DCG_Soc1_w_forward_primer	100.000	49	0	0	1	49	8	56	1.35e-23	89.7
M03997:68:000000000-G35DK:1:2101:23061:12342	extended_3UTR_DCG_Soc1_w_forward_primer	100.000	44	0	0	1	44	27	70	6.16e-21	80.6
M03997:68:000000000-G35DK:1:1103:15542:26783	extended_3UTR_DCG_Soc1_w_forward_primer	92.593	27	2	0	1	27	7	33	3.00e-09	41.0
M03997:68:000000000-G35DK:1:2104:18356:22928	extended_3UTR_DCG_Soc1_w_forward_primer	100.000	70	0	0	1	70	20	89	8.25e-35	127
M03997:68:000000000-G35DK:1:1102:5966:19172	extended_3UTR_DCG_Soc1_w_forward_primer	100.000	51	0	0	1	51	83	133	1.13e-24	93.3
M03997:68:000000000-G35DK:1:2104:23806:23499	extended_3UTR_DCG_Soc1_w_forward_primer	100.000	95	0	0	1	95	64	158	1.01e-47	172
M03997:68:000000000-G35DK:1:2104:21684:17070	extended_3UTR_DCG_Soc1_w_forward_primer	100.000	42	0	0	1	42	74	115	7.08e-20	77.0
M03997:68:000000000-G35DK:1:2104:25040:15965	extended_3UTR_DCG_Soc1_w_forward_primer	100.000	18	0	0	1	18	7	24	1.15e-06	33.7
M03997:68:000000000-G35DK:1:2104:15739:8239	extended_3UTR_DCG_Soc1_w_forward_primer	98.333	60	1	0	1	60	48	107	7.62e-28	104
M03997:68:000000000-G35DK:1:2101:19546:9191	extended_3UTR_DCG_Soc1_w_forward_primer	76.190	42	5	1	1	42	13	49	9.35e-06	31.9
M03997:68:000000000-G35DK:1:1103:16740:7493	extended_3UTR_DCG_Soc1_w_forward_primer	100.000	71	0	0	1	71	12	82	2.33e-35	129
M03997:68:000000000-G35DK:1:2104:19572:6873	extended_3UTR_DCG_Soc1_w_forward_primer	100.000	18	0	0	1	18	7	24	1.09e-06	33.7
M03997:68:000000000-G35DK:1:2101:17585:13648	extended_3UTR_DCG_Soc1_w_forward_primer	100.000	70	0	0	1	70	13	82	7.99e-35	127
M03997:68:000000000-G35DK:1:1101:23090:18476	extended_3UTR_DCG_Soc1_w_forward_primer	100.000	17	0	0	1	17	8	24	5.73e-06	31.9
M03997:68:000000000-G35DK:1:1102:22315:9506	extended_3UTR_DCG_Soc1_w_forward_primer	100.000	28	0	0	1	28	93	120	2.38e-11	51.8
M03997:68:000000000-G35DK:1:2101:24331:7085	extended_3UTR_DCG_Soc1_w_forward_primer	100.000	20	0	0	1	20	7	26	7.84e-08	37.4
M03997:68:000000000-G35DK:1:2104:8671:4434	extended_3UTR_DCG_Soc1_w_forward_primer	98.837	86	1	0	1	86	74	159	8.84e-42	150
M03997:68:000000000-G35DK:1:1101:19579:2518	extended_3UTR_DCG_Soc1_w_forward_primer	100.000	75	0	0	1	75	62	136	1.67e-37	136
M03997:68:000000000-G35DK:1:1101:20749:19532	extended_3UTR_DCG_Soc1_w_forward_primer	100.000	76	0	0	1	76	68	143	4.85e-38	138
M03997:68:000000000-G35DK:1:2104:19695:6738	extended_3UTR_DCG_Soc1_w_forward_primer	100.000	28	0	0	1	28	29	56	1.66e-12	51.8
M03997:68:000000000-G35DK:1:1101:23133:23943	extended_3UTR_DCG_Soc1_w_forward_primer	100.000	20	0	0	1	20	5	24	4.39e-08	37.4
M03997:68:000000000-G35DK:1:1101:5892:20186	extended_3UTR_DCG_Soc1_w_forward_primer	100.000	17	0	0	1	17	8	24	3.03e-06	31.9
M03997:68:000000000-G35DK:1:2104:17951:23953	extended_3UTR_DCG_Soc1_w_forward_primer	76.190	42	5	1	1	42	13	49	4.11e-06	31.9
M03997:68:000000000-G35DK:1:2104:20862:12641	extended_3UTR_DCG_Soc1_w_forward_primer	100.000	123	0	0	1	123	13	135	2.49e-63	223
M03997:68:000000000-G35DK:1:1101:14455:14186	extended_3UTR_DCG_Soc1_w_forward_primer	96.875	96	1	1	1	94	26	121	6.57e-44	158
M03997:68:000000000-G35DK:1:2103:9948:6607	extended_3UTR_DCG_Soc1_w_forward_primer	100.000	16	0	0	1	16	11	26	9.77e-06	30.1
M03997:68:000000000-G35DK:1:2104:24234:13352	extended_3UTR_DCG_Soc1_w_forward_primer	100.000	20	0	0	1	20	5	24	5.25e-07	37.4
M03997:68:000000000-G35DK:1:2104:20321:26064	extended_3UTR_DCG_Soc1_w_forward_primer	100.000	20	0	0	1	20	7	26	6.03e-08	37.4
M03997:68:000000000-G35DK:1:1104:22298:24179	extended_3UTR_DCG_Soc1_w_forward_primer	100.000	18	0	0	1	18	7	24	1.24e-06	33.7
M03997:68:000000000-G35DK:1:1101:21780:15440	extended_3UTR_DCG_Soc1_w_forward_primer	97.872	94	2	0	2	95	22	115	5.46e-45	161
M03997:68:000000000-G35DK:1:1101:6696:23267	extended_3UTR_DCG_Soc1_w_forward_primer	100.000	21	0	0	85	105	1	21	4.94e-08	39.2
M03997:68:000000000-G35DK:1:2103:20480:7732	extended_3UTR_DCG_Soc1_w_forward_primer	97.778	90	0	1	1	88	37	126	9.07e-42	150
M03997:68:000000000-G35DK:1:2102:3854:9504	extended_3UTR_DCG_Soc1_w_forward_primer	98.684	76	1	0	1	76	58	133	2.06e-36	132
M03997:68:000000000-G35DK:1:1101:14176:6947	extended_3UTR_DCG_Soc1_w_forward_primer	76.190	42	5	1	1	42	13	49	7.34e-06	31.9
M03997:68:000000000-G35DK:1:2102:22893:16631	extended_3UTR_DCG_Soc1_w_forward_primer	100.000	16	0	0	1	16	10	25	5.15e-06	30.1
M03997:68:000000000-G35DK:1:1103:20978:24809	extended_3UTR_DCG_Soc1_w_forward_primer	100.000	25	0	0	49	73	1	25	2.25e-10	46.4
M03997:68:000000000-G35DK:1:1101:20385:6785	extended_3UTR_DCG_Soc1_w_forward_primer	100.000	52	0	0	1	52	13	64	3.33e-25	95.1
M03997:68:000000000-G35DK:1:1101:4523:12355	extended_3UTR_DCG_Soc1_w_forward_primer	100.000	26	0	0	51	76	1	26	7.46e-11	48.2
M03997:68:000000000-G35DK:1:2102:15484:18177	extended_3UTR_DCG_Soc1_w_forward_primer	100.000	17	0	0	1	17	8	24	4.88e-06	31.9
M03997:68:000000000-G35DK:1:1104:9784:15207	extended_3UTR_DCG_Soc1_w_forward_primer	98.000	50	1	0	1	50	56	105	1.69e-22	86.0
M03997:68:000000000-G35DK:1:2104:19504:5995	extended_3UTR_DCG_Soc1_w_forward_primer	100.000	20	0	0	1	20	7	26	7.31e-08	37.4
M03997:68:000000000-G35DK:1:2103:24593:23141	extended_3UTR_DCG_Soc1_w_forward_primer	100.000	117	0	0	1	117	5	121	4.27e-60	212
M03997:68:000000000-G35DK:1:1104:22349:22936	extended_3UTR_DCG_Soc1_w_forward_primer	100.000	103	0	0	1	103	19	121	1.48e-52	187
M03997:68:000000000-G35DK:1:2104:5069:12424	extended_3UTR_DCG_Soc1_w_forward_primer	100.000	127	0	0	1	127	26	152	1.74e-65	230
M03997:68:000000000-G35DK:1:1102:6761:5125	extended_3UTR_DCG_Soc1_w_forward_primer	100.000	21	0	0	33	53	1	21	2.30e-08	39.2
M03997:68:000000000-G35DK:1:2102:18347:25111	extended_3UTR_DCG_Soc1_w_forward_primer	100.000	17	0	0	1	17	8	24	6.04e-06	31.9
M03997:68:000000000-G35DK:1:2101:22044:27428	extended_3UTR_DCG_Soc1_w_forward_primer	100.000	143	0	0	1	143	13	155	4.97e-74	259
M03997:68:000000000-G35DK:1:1103:16841:20907	extended_3UTR_DCG_Soc1_w_forward_primer	100.000	20	0	0	1	20	7	26	6.03e-08	37.4
M03997:68:000000000-G35DK:1:1104:5046:7341	extended_3UTR_DCG_Soc1_w_forward_primer	100.000	44	0	0	1	44	15	58	6.16e-21	80.6
M03997:68:000000000-G35DK:1:1103:5432:12667	extended_3UTR_DCG_Soc1_w_forward_primer	95.000	20	1	0	1	20	7	26	3.87e-06	31.9
M03997:68:000000000-G35DK:1:1103:12936:19419	extended_3UTR_DCG_Soc1_w_forward_primer	100.000	18	0	0	1	18	7	24	1.31e-06	33.7
M03997:68:000000000-G35DK:1:2102:8447:18036	extended_3UTR_DCG_Soc1_w_forward_primer	100.000	18	0	0	1	18	7	24	2.23e-06	33.7
M03997:68:000000000-G35DK:1:1101:24597:23868	extended_3UTR_DCG_Soc1_w_forward_primer	100.000	22	0	0	1	22	5	26	7.03e-09	41.0
M03997:68:000000000-G35DK:1:2101:5190:20835	extended_3UTR_DCG_Soc1_w_forward_primer	100.000	21	0	0	44	64	1	21	2.87e-08	39.2
M03997:68:000000000-G35DK:1:1103:22019:3798	extended_3UTR_DCG_Soc1_w_forward_primer	100.000	18	0	0	1	18	7	24	4.90e-07	33.7
M03997:68:000000000-G35DK:1:2101:26895:13244	extended_3UTR_DCG_Soc1_w_forward_primer	100.000	36	0	0	1	36	70	105	1.05e-16	66.2
M03997:68:000000000-G35DK:1:1104:7339:17282	extended_3UTR_DCG_Soc1_w_forward_primer	100.000	19	0	0	1	19	8	26	3.37e-07	35.6
M03997:68:000000000-G35DK:1:1101:16573:7613	extended_3UTR_DCG_Soc1_w_forward_primer	100.000	22	0	0	1	22	5	26	6.30e-09	41.0
M03997:68:000000000-G35DK:1:2101:12027:8945	extended_3UTR_DCG_Soc1_w_forward_primer	100.000	21	0	0	31	51	4	24	2.30e-08	39.2
M03997:68:000000000-G35DK:1:2104:21534:9568	extended_3UTR_DCG_Soc1_w_forward_primer	100.000	88	0	0	1	88	130	217	6.39e-44	159
M03997:68:000000000-G35DK:1:2101:23596:26740	extended_3UTR_DCG_Soc1_w_forward_primer	100.000	121	0	0	1	121	13	133	2.98e-62	219
M03997:68:000000000-G35DK:1:1104:15090:5036	extended_3UTR_DCG_Soc1_w_forward_primer	100.000	77	0	0	1	77	15	91	1.41e-38	140
M03997:68:000000000-G35DK:1:1104:19345:23987	extended_3UTR_DCG_Soc1_w_forward_primer	98.148	54	1	0	1	54	68	121	1.22e-24	93.3
M03997:68:000000000-G35DK:1:2103:20389:15906	extended_3UTR_DCG_Soc1_w_forward_primer	100.000	69	0	0	1	69	23	91	2.74e-34	125
M03997:68:000000000-G35DK:1:1101:6434:11781	extended_3UTR_DCG_Soc1_w_forward_primer	100.000	18	0	0	1	18	7	24	2.46e-06	33.7
M03997:68:000000000-G35DK:1:2103:24393:25849	extended_3UTR_DCG_Soc1_w_forward_primer	100.000	89	0	0	1	89	27	115	5.08e-45	161
M03997:68:000000000-G35DK:1:1104:27460:20625	extended_3UTR_DCG_Soc1_w_forward_primer	100.000	20	0	0	1	20	7	26	1.18e-07	37.4
M03997:68:000000000-G35DK:1:2104:6729:13960	extended_3UTR_DCG_Soc1_w_forward_primer	100.000	93	0	0	1	93	13	105	3.59e-47	168
M03997:68:000000000-G35DK:1:2102:16688:12831	extended_3UTR_DCG_Soc1_w_forward_primer	100.000	34	0	0	1	34	125	158	1.97e-15	62.6
M03997:68:000000000-G35DK:1:1102:19041:23414	extended_3UTR_DCG_Soc1_w_forward_primer	97.872	94	2	0	1	94	13	106	5.40e-45	161
M03997:68:000000000-G35DK:1:2102:24522:8472	extended_3UTR_DCG_Soc1_w_forward_primer	100.000	20	0	0	1	20	7	26	3.41e-07	37.4
M03997:68:000000000-G35DK:1:1101:12745:5791	extended_3UTR_DCG_Soc1_w_forward_primer	100.000	18	0	0	1	18	7	24	8.91e-07	33.7
M03997:68:000000000-G35DK:1:1101:4617:7389	extended_3UTR_DCG_Soc1_w_forward_primer	100.000	18	0	0	1	18	7	24	6.40e-06	33.7
M03997:68:000000000-G35DK:1:2103:14033:6124	extended_3UTR_DCG_Soc1_w_forward_primer	100.000	18	0	0	1	18	7	24	6.40e-06	33.7
M03997:68:000000000-G35DK:1:2101:18148:19280	extended_3UTR_DCG_Soc1_w_forward_primer	100.000	55	0	0	1	55	7	61	8.37e-27	100
M03997:68:000000000-G35DK:1:2101:15724:19086	extended_3UTR_DCG_Soc1_w_forward_primer	96.970	66	0	1	1	64	31	96	6.75e-29	107
M03997:68:000000000-G35DK:1:1102:22459:15009	extended_3UTR_DCG_Soc1_w_forward_primer	100.000	84	0	0	1	84	52	135	2.47e-42	152
M03997:68:000000000-G35DK:1:2101:12274:21875	extended_3UTR_DCG_Soc1_w_forward_primer	100.000	93	0	0	1	93	72	164	3.59e-47	168
M03997:68:000000000-G35DK:1:1104:20519:23260	extended_3UTR_DCG_Soc1_w_forward_primer	76.190	42	5	1	1	42	13	49	4.65e-06	31.9
M03997:68:000000000-G35DK:1:1104:6623:12688	extended_3UTR_DCG_Soc1_w_forward_primer	100.000	20	0	0	1	20	7	26	9.84e-08	37.4
M03997:68:000000000-G35DK:1:1102:12044:10369	extended_3UTR_DCG_Soc1_w_forward_primer	100.000	20	0	0	1	20	7	26	5.25e-07	37.4
M03997:68:000000000-G35DK:1:1103:3116:18037	extended_3UTR_DCG_Soc1_w_forward_primer	100.000	17	0	0	1	17	10	26	7.80e-06	31.9
M03997:68:000000000-G35DK:1:2102:15128:9593	extended_3UTR_DCG_Soc1_w_forward_primer	100.000	20	0	0	1	20	7	26	5.25e-07	37.4
M03997:68:000000000-G35DK:1:2103:21738:20869	extended_3UTR_DCG_Soc1_w_forward_primer	100.000	17	0	0	1	17	8	24	4.03e-06	31.9
M03997:68:000000000-G35DK:1:1103:20428:22171	extended_3UTR_DCG_Soc1_w_forward_primer	100.000	20	0	0	1	20	7	26	5.25e-07	37.4
M03997:68:000000000-G35DK:1:1104:16753:8855	extended_3UTR_DCG_Soc1_w_forward_primer	100.000	17	0	0	1	17	8	24	1.63e-06	31.9
M03997:68:000000000-G35DK:1:1101:5010:7438	extended_3UTR_DCG_Soc1_w_forward_primer	100.000	56	0	0	1	56	107	162	1.50e-26	102
M03997:68:000000000-G35DK:1:1101:18439:10118	extended_3UTR_DCG_Soc1_w_forward_primer	100.000	19	0	0	1	19	7	25	1.83e-06	35.6
M03997:68:000000000-G35DK:1:1101:12146:20412	extended_3UTR_DCG_Soc1_w_forward_primer	100.000	18	0	0	1	18	7	24	7.13e-07	33.7
M03997:68:000000000-G35DK:1:2104:14152:7778	extended_3UTR_DCG_Soc1_w_forward_primer	100.000	86	0	0	1	86	14	99	2.08e-43	156
M03997:68:000000000-G35DK:1:1101:15532:15225	extended_3UTR_DCG_Soc1_w_forward_primer	96.552	87	3	0	1	87	113	199	1.55e-39	143
M03997:68:000000000-G35DK:1:2101:28996:12270	extended_3UTR_DCG_Soc1_w_forward_primer	100.000	21	0	0	42	62	1	21	2.77e-08	39.2
M03997:68:000000000-G35DK:1:1101:21693:16717	extended_3UTR_DCG_Soc1_w_forward_primer	100.000	20	0	0	1	20	7	26	6.40e-08	37.4
M03997:68:000000000-G35DK:1:1101:15036:17374	extended_3UTR_DCG_Soc1_w_forward_primer	100.000	28	0	0	1	28	10	37	1.66e-12	51.8
M03997:68:000000000-G35DK:1:2104:19400:6321	extended_3UTR_DCG_Soc1_w_forward_primer	100.000	17	0	0	1	17	8	24	1.48e-06	31.9
M03997:68:000000000-G35DK:1:1104:13338:4763	extended_3UTR_DCG_Soc1_w_forward_primer	100.000	18	0	0	1	18	7	24	2.52e-06	33.7
M03997:68:000000000-G35DK:1:2101:20913:4903	extended_3UTR_DCG_Soc1_w_forward_primer	100.000	64	0	0	1	64	58	121	1.30e-31	116
M03997:68:000000000-G35DK:1:2103:12654:19202	extended_3UTR_DCG_Soc1_w_forward_primer	100.000	66	0	0	1	66	26	91	1.11e-32	120
M03997:68:000000000-G35DK:1:2103:16356:18497	extended_3UTR_DCG_Soc1_w_forward_primer	100.000	18	0	0	1	18	8	25	2.19e-06	33.7
M03997:68:000000000-G35DK:1:2103:6666:22609	extended_3UTR_DCG_Soc1_w_forward_primer	100.000	18	0	0	1	18	8	25	6.23e-07	33.7
M03997:68:000000000-G35DK:1:2104:16912:28093	extended_3UTR_DCG_Soc1_w_forward_primer	98.649	74	1	0	1	74	54	127	2.44e-35	129
M03997:68:000000000-G35DK:1:2102:13138:5834	extended_3UTR_DCG_Soc1_w_forward_primer	76.190	42	5	1	1	42	13	49	9.73e-06	31.9
M03997:68:000000000-G35DK:1:1102:19917:13250	extended_3UTR_DCG_Soc1_w_forward_primer	100.000	44	0	0	1	44	64	107	6.16e-21	80.6
M03997:68:000000000-G35DK:1:2101:18176:11771	extended_3UTR_DCG_Soc1_w_forward_primer	100.000	55	0	0	1	55	56	110	8.37e-27	100
M03997:68:000000000-G35DK:1:2102:20840:18222	extended_3UTR_DCG_Soc1_w_forward_primer	97.727	44	1	0	1	44	48	91	2.62e-19	75.2
M03997:68:000000000-G35DK:1:1104:27707:15515	extended_3UTR_DCG_Soc1_w_forward_primer	100.000	18	0	0	1	18	8	25	2.00e-06	33.7
M03997:68:000000000-G35DK:1:1102:8096:5422	extended_3UTR_DCG_Soc1_w_forward_primer	100.000	18	0	0	1	18	7	24	6.40e-06	33.7
M03997:68:000000000-G35DK:1:2102:21788:21366	extended_3UTR_DCG_Soc1_w_forward_primer	100.000	115	0	0	1	115	7	121	5.10e-59	208
M03997:68:000000000-G35DK:1:1101:23647:7199	extended_3UTR_DCG_Soc1_w_forward_primer	100.000	20	0	0	1	20	5	24	8.38e-08	37.4
M03997:68:000000000-G35DK:1:2104:20494:11825	extended_3UTR_DCG_Soc1_w_forward_primer	100.000	18	0	0	1	18	7	24	6.01e-07	33.7
M03997:68:000000000-G35DK:1:2104:16930:22459	extended_3UTR_DCG_Soc1_w_forward_primer	100.000	18	0	0	1	18	7	24	4.90e-07	33.7
M03997:68:000000000-G35DK:1:1104:5420:18260	extended_3UTR_DCG_Soc1_w_forward_primer	100.000	18	0	0	1	18	7	24	1.27e-06	33.7
M03997:68:000000000-G35DK:1:2103:23655:10710	extended_3UTR_DCG_Soc1_w_forward_primer	100.000	18	0	0	1	18	7	24	2.61e-06	33.7
M03997:68:000000000-G35DK:1:1102:20110:2368	extended_3UTR_DCG_Soc1_w_forward_primer	100.000	18	0	0	1	18	7	24	1.66e-06	33.7
M03997:68:000000000-G35DK:1:1101:22187:17902	extended_3UTR_DCG_Soc1_w_forward_primer	100.000	99	0	0	1	99	23	121	2.13e-50	179
M03997:68:000000000-G35DK:1:1103:15247:17391	extended_3UTR_DCG_Soc1_w_forward_primer	100.000	22	0	0	1	22	5	26	1.51e-08	41.0
M03997:68:000000000-G35DK:1:1103:26006:13405	extended_3UTR_DCG_Soc1_w_forward_primer	100.000	48	0	0	1	48	27	74	4.61e-23	87.8
M03997:68:000000000-G35DK:1:1101:19706:24586	extended_3UTR_DCG_Soc1_w_forward_primer	100.000	107	0	0	1	107	56	162	3.10e-54	194
M03997:68:000000000-G35DK:1:2103:16686:9380	extended_3UTR_DCG_Soc1_w_forward_primer	100.000	18	0	0	1	18	7	24	4.90e-07	33.7
M03997:68:000000000-G35DK:1:1102:14572:22102	extended_3UTR_DCG_Soc1_w_forward_primer	100.000	54	0	0	1	54	13	66	2.86e-26	98.7
M03997:68:000000000-G35DK:1:2104:27222:17245	extended_3UTR_DCG_Soc1_w_forward_primer	100.000	39	0	0	1	39	7	45	2.75e-18	71.6
M03997:68:000000000-G35DK:1:2102:12995:27761	extended_3UTR_DCG_Soc1_w_forward_primer	100.000	26	0	0	77	102	1	26	1.01e-10	48.2
M03997:68:000000000-G35DK:1:1101:22831:5301	extended_3UTR_DCG_Soc1_w_forward_primer	100.000	18	0	0	1	18	7	24	7.13e-07	33.7
M03997:68:000000000-G35DK:1:1104:17618:7785	extended_3UTR_DCG_Soc1_w_forward_primer	100.000	71	0	0	1	71	13	83	2.36e-35	129
M03997:68:000000000-G35DK:1:1101:25856:22431	extended_3UTR_DCG_Soc1_w_forward_primer	100.000	72	0	0	1	72	62	133	6.77e-36	131
M03997:68:000000000-G35DK:1:2101:6258:17263	extended_3UTR_DCG_Soc1_w_forward_primer	100.000	127	0	0	1	127	23	149	4.30e-65	230
M03997:68:000000000-G35DK:1:1102:28797:16443	extended_3UTR_DCG_Soc1_w_forward_primer	100.000	28	0	0	1	28	64	91	1.66e-12	51.8
M03997:68:000000000-G35DK:1:2101:29033:16962	extended_3UTR_DCG_Soc1_w_forward_primer	99.219	128	1	0	1	128	13	140	2.14e-64	226
M03997:68:000000000-G35DK:1:2102:10185:15722	extended_3UTR_DCG_Soc1_w_forward_primer	100.000	22	0	0	1	22	5	26	4.31e-08	41.0
M03997:68:000000000-G35DK:1:1104:4403:14339	extended_3UTR_DCG_Soc1_w_forward_primer	100.000	21	0	0	1	21	7	27	2.24e-08	39.2
M03997:68:000000000-G35DK:1:1101:22177:10622	extended_3UTR_DCG_Soc1_w_forward_primer	100.000	27	0	0	1	27	128	154	1.19e-11	50.0
M03997:68:000000000-G35DK:1:1101:21441:6304	extended_3UTR_DCG_Soc1_w_forward_primer	100.000	21	0	0	1	21	5	25	5.88e-08	39.2
M03997:68:000000000-G35DK:1:2102:15523:17567	extended_3UTR_DCG_Soc1_w_forward_primer	100.000	21	0	0	42	62	1	21	2.77e-08	39.2
M03997:68:000000000-G35DK:1:1104:21516:4491	extended_3UTR_DCG_Soc1_w_forward_primer	100.000	18	0	0	1	18	7	24	1.24e-06	33.7
M03997:68:000000000-G35DK:1:2103:16069:10539	extended_3UTR_DCG_Soc1_w_forward_primer	100.000	17	0	0	1	17	10	26	2.41e-06	31.9
M03997:68:000000000-G35DK:1:2102:23730:10282	extended_3UTR_DCG_Soc1_w_forward_primer	100.000	99	0	0	1	99	17	115	2.13e-50	179
M03997:68:000000000-G35DK:1:2104:9188:23849	extended_3UTR_DCG_Soc1_w_forward_primer	76.190	42	5	1	1	42	13	49	7.34e-06	31.9
M03997:68:000000000-G35DK:1:1101:10306:18024	extended_3UTR_DCG_Soc1_w_forward_primer	100.000	18	0	0	1	18	7	24	2.50e-06	33.7
M03997:68:000000000-G35DK:1:1102:25789:6928	extended_3UTR_DCG_Soc1_w_forward_primer	100.000	20	0	0	1	20	6	25	9.84e-08	37.4
M03997:68:000000000-G35DK:1:2104:21278:8021	extended_3UTR_DCG_Soc1_w_forward_primer	100.000	18	0	0	1	18	7	24	1.15e-06	33.7
M03997:68:000000000-G35DK:1:2104:9416:16572	extended_3UTR_DCG_Soc1_w_forward_primer	100.000	18	0	0	1	18	8	25	1.84e-06	33.7
M03997:68:000000000-G35DK:1:1102:18538:12597	extended_3UTR_DCG_Soc1_w_forward_primer	100.000	20	0	0	1	20	7	26	7.31e-08	37.4
M03997:68:000000000-G35DK:1:1101:16611:9954	extended_3UTR_DCG_Soc1_w_forward_primer	100.000	95	0	0	1	95	26	120	3.02e-48	172
M03997:68:000000000-G35DK:1:1102:15534:13530	extended_3UTR_DCG_Soc1_w_forward_primer	100.000	29	0	0	1	29	85	113	4.99e-13	53.6
M03997:68:000000000-G35DK:1:1102:24774:19512	extended_3UTR_DCG_Soc1_w_forward_primer	97.647	85	2	0	1	85	7	91	3.71e-40	145
M03997:68:000000000-G35DK:1:2102:14324:16297	extended_3UTR_DCG_Soc1_w_forward_primer	100.000	52	0	0	1	52	13	64	3.33e-25	95.1
M03997:68:000000000-G35DK:1:1104:10172:4878	extended_3UTR_DCG_Soc1_w_forward_primer	100.000	18	0	0	1	18	7	24	1.60e-06	33.7
M03997:68:000000000-G35DK:1:2102:24588:19843	extended_3UTR_DCG_Soc1_w_forward_primer	100.000	18	0	0	1	18	7	24	4.90e-07	33.7
M03997:68:000000000-G35DK:1:2104:9595:6754	extended_3UTR_DCG_Soc1_w_forward_primer	100.000	20	0	0	1	20	7	26	1.48e-07	37.4
M03997:68:000000000-G35DK:1:1104:26911:19082	extended_3UTR_DCG_Soc1_w_forward_primer	100.000	144	0	0	1	144	23	166	1.22e-74	260
M03997:68:000000000-G35DK:1:2104:19464:5412	extended_3UTR_DCG_Soc1_w_forward_primer	100.000	18	0	0	1	18	7	24	8.24e-07	33.7
M03997:68:000000000-G35DK:1:2101:16730:28948	extended_3UTR_DCG_Soc1_w_forward_primer	100.000	18	0	0	1	18	7	24	2.85e-06	33.7
M03997:68:000000000-G35DK:1:2102:13369:6390	extended_3UTR_DCG_Soc1_w_forward_primer	100.000	46	0	0	1	46	31	76	5.34e-22	84.2
M03997:68:000000000-G35DK:1:1102:7958:20147	extended_3UTR_DCG_Soc1_w_forward_primer	100.000	18	0	0	1	18	7	24	1.09e-06	33.7
M03997:68:000000000-G35DK:1:1102:23910:17245	extended_3UTR_DCG_Soc1_w_forward_primer	100.000	18	0	0	1	18	7	24	2.61e-06	33.7
M03997:68:000000000-G35DK:1:2103:17483:18943	extended_3UTR_DCG_Soc1_w_forward_primer	100.000	19	0	0	1	19	8	26	3.31e-07	35.6
M03997:68:000000000-G35DK:1:1102:16671:12373	extended_3UTR_DCG_Soc1_w_forward_primer	100.000	64	0	0	1	64	58	121	1.30e-31	116
M03997:68:000000000-G35DK:1:1102:19905:20636	extended_3UTR_DCG_Soc1_w_forward_primer	100.000	38	0	0	1	38	168	205	9.28e-18	69.8
M03997:68:000000000-G35DK:1:1102:6114:19279	extended_3UTR_DCG_Soc1_w_forward_primer	99.153	118	1	0	1	118	26	143	5.25e-59	208
M03997:68:000000000-G35DK:1:1101:16480:3474	extended_3UTR_DCG_Soc1_w_forward_primer	100.000	18	0	0	1	18	7	24	2.66e-06	33.7
M03997:68:000000000-G35DK:1:2101:28440:19320	extended_3UTR_DCG_Soc1_w_forward_primer	100.000	96	0	0	1	96	26	121	8.75e-49	174
M03997:68:000000000-G35DK:1:2103:13580:28472	extended_3UTR_DCG_Soc1_w_forward_primer	100.000	18	0	0	1	18	7	24	3.50e-06	33.7
M03997:68:000000000-G35DK:1:2101:7317:20082	extended_3UTR_DCG_Soc1_w_forward_primer	96.552	58	2	0	1	58	13	70	1.09e-25	96.9
M03997:68:000000000-G35DK:1:2104:28060:14790	extended_3UTR_DCG_Soc1_w_forward_primer	100.000	88	0	0	1	88	62	149	6.39e-44	159
M03997:68:000000000-G35DK:1:2101:9809:6469	extended_3UTR_DCG_Soc1_w_forward_primer	100.000	89	0	0	1	89	13	101	5.08e-45	161
M03997:68:000000000-G35DK:1:1104:12211:18848	extended_3UTR_DCG_Soc1_w_forward_primer	100.000	20	0	0	1	20	7	26	7.84e-08	37.4
M03997:68:000000000-G35DK:1:2101:25716:23206	extended_3UTR_DCG_Soc1_w_forward_primer	100.000	95	0	0	1	95	58	152	3.02e-48	172
M03997:68:000000000-G35DK:1:2101:4477:11343	extended_3UTR_DCG_Soc1_w_forward_primer	100.000	119	0	0	1	119	31	149	4.19e-61	215
M03997:68:000000000-G35DK:1:2104:9400:10826	extended_3UTR_DCG_Soc1_w_forward_primer	100.000	20	0	0	1	20	5	24	1.11e-07	37.4
M03997:68:000000000-G35DK:1:1101:8745:5446	extended_3UTR_DCG_Soc1_w_forward_primer	100.000	27	0	0	1	27	144	170	8.32e-11	50.0
M03997:68:000000000-G35DK:1:1102:19725:19950	extended_3UTR_DCG_Soc1_w_forward_primer	100.000	41	0	0	1	41	10	50	2.40e-19	75.2
M03997:68:000000000-G35DK:1:2102:28705:18830	extended_3UTR_DCG_Soc1_w_forward_primer	100.000	34	0	0	1	34	12	45	1.19e-15	62.6
M03997:68:000000000-G35DK:1:1102:14766:17927	extended_3UTR_DCG_Soc1_w_forward_primer	100.000	18	0	0	1	18	7	24	3.08e-06	33.7
M03997:68:000000000-G35DK:1:1101:23355:18436	extended_3UTR_DCG_Soc1_w_forward_primer	100.000	71	0	0	1	71	56	126	2.33e-35	129
M03997:68:000000000-G35DK:1:2101:24941:24116	extended_3UTR_DCG_Soc1_w_forward_primer	100.000	18	0	0	1	18	7	24	4.68e-07	33.7
M03997:68:000000000-G35DK:1:2101:16802:7639	extended_3UTR_DCG_Soc1_w_forward_primer	100.000	21	0	0	50	70	1	21	3.18e-08	39.2
M03997:68:000000000-G35DK:1:2102:10517:24631	extended_3UTR_DCG_Soc1_w_forward_primer	98.485	66	1	0	1	66	5	70	4.71e-31	114
M03997:68:000000000-G35DK:1:2102:8578:10829	extended_3UTR_DCG_Soc1_w_forward_primer	98.649	74	1	0	1	74	60	133	2.44e-35	129
M03997:68:000000000-G35DK:1:1103:24070:22832	extended_3UTR_DCG_Soc1_w_forward_primer	100.000	37	0	0	1	37	118	154	5.38e-17	68.0
M03997:68:000000000-G35DK:1:1102:20307:7371	extended_3UTR_DCG_Soc1_w_forward_primer	100.000	24	0	0	46	69	1	24	8.47e-10	44.6
M03997:68:000000000-G35DK:1:1103:25286:18575	extended_3UTR_DCG_Soc1_w_forward_primer	100.000	17	0	0	1	17	8	24	8.80e-06	31.9
M03997:68:000000000-G35DK:1:2102:25291:7140	extended_3UTR_DCG_Soc1_w_forward_primer	100.000	18	0	0	1	18	7	24	4.45e-07	33.7
M03997:68:000000000-G35DK:1:2104:20993:21719	extended_3UTR_DCG_Soc1_w_forward_primer	100.000	53	0	0	1	53	62	114	9.76e-26	96.9
M03997:68:000000000-G35DK:1:1104:20893:24313	extended_3UTR_DCG_Soc1_w_forward_primer	100.000	19	0	0	1	19	7	25	3.12e-07	35.6
M03997:68:000000000-G35DK:1:1101:22835:22227	extended_3UTR_DCG_Soc1_w_forward_primer	100.000	21	0	0	46	66	1	21	2.98e-08	39.2
M03997:68:000000000-G35DK:1:2104:14280:9025	extended_3UTR_DCG_Soc1_w_forward_primer	100.000	96	0	0	1	96	26	121	8.75e-49	174
M03997:68:000000000-G35DK:1:2101:6001:10734	extended_3UTR_DCG_Soc1_w_forward_primer	100.000	78	0	0	5	82	56	133	4.34e-39	141
M03997:68:000000000-G35DK:1:2102:9313:15686	extended_3UTR_DCG_Soc1_w_forward_primer	100.000	121	0	0	1	121	13	133	2.98e-62	219
M03997:68:000000000-G35DK:1:2103:11412:9549	extended_3UTR_DCG_Soc1_w_forward_primer	100.000	19	0	0	1	19	7	25	3.56e-07	35.6
M03997:68:000000000-G35DK:1:2101:13646:11778	extended_3UTR_DCG_Soc1_w_forward_primer	99.301	143	1	0	1	143	13	155	3.77e-72	253
M03997:68:000000000-G35DK:1:1101:26023:7455	extended_3UTR_DCG_Soc1_w_forward_primer	100.000	18	0	0	1	18	7	24	4.90e-07	33.7
M03997:68:000000000-G35DK:1:1101:25519:17247	extended_3UTR_DCG_Soc1_w_forward_primer	100.000	18	0	0	1	18	7	24	1.42e-06	33.7
M03997:68:000000000-G35DK:1:2103:18733:1998	extended_3UTR_DCG_Soc1_w_forward_primer	100.000	109	0	0	1	109	13	121	8.70e-56	197
M03997:68:000000000-G35DK:1:2104:20806:21510	extended_3UTR_DCG_Soc1_w_forward_primer	98.958	96	1	0	1	96	26	121	3.72e-47	168
M03997:68:000000000-G35DK:1:1101:17389:6124	extended_3UTR_DCG_Soc1_w_forward_primer	100.000	18	0	0	1	18	7	24	7.79e-07	33.7
M03997:68:000000000-G35DK:1:2104:23734:19041	extended_3UTR_DCG_Soc1_w_forward_primer	100.000	98	0	0	1	98	13	110	7.35e-50	178
M03997:68:000000000-G35DK:1:1102:21237:8731	extended_3UTR_DCG_Soc1_w_forward_primer	100.000	21	0	0	50	70	1	21	3.18e-08	39.2
M03997:68:000000000-G35DK:1:2101:14210:14547	extended_3UTR_DCG_Soc1_w_forward_primer	100.000	18	0	0	1	18	7	24	5.34e-07	33.7
M03997:68:000000000-G35DK:1:2104:25850:15361	extended_3UTR_DCG_Soc1_w_forward_primer	100.000	96	0	0	1	96	83	178	8.75e-49	174
M03997:68:000000000-G35DK:1:1104:24179:9716	extended_3UTR_DCG_Soc1_w_forward_primer	100.000	18	0	0	1	18	7	24	1.42e-06	33.7
M03997:68:000000000-G35DK:1:1101:21236:18752	extended_3UTR_DCG_Soc1_w_forward_primer	100.000	18	0	0	1	18	7	24	5.57e-07	33.7
M03997:68:000000000-G35DK:1:1101:12686:16333	extended_3UTR_DCG_Soc1_w_forward_primer	76.744	43	5	1	1	43	13	50	8.02e-07	33.7
M03997:68:000000000-G35DK:1:1104:2583:19491	extended_3UTR_DCG_Soc1_w_forward_primer	100.000	20	0	0	1	20	7	26	8.75e-08	37.4
M03997:68:000000000-G35DK:1:1101:21668:17226	extended_3UTR_DCG_Soc1_w_forward_primer	99.342	152	1	0	1	152	27	178	2.41e-77	269
M03997:68:000000000-G35DK:1:1101:22345:23396	extended_3UTR_DCG_Soc1_w_forward_primer	98.936	94	1	0	1	94	12	105	4.43e-46	165
M03997:68:000000000-G35DK:1:2102:9587:6809	extended_3UTR_DCG_Soc1_w_forward_primer	100.000	18	0	0	1	18	7	24	6.40e-06	33.7
M03997:68:000000000-G35DK:1:1103:11602:16236	extended_3UTR_DCG_Soc1_w_forward_primer	100.000	98	0	0	1	98	13	110	7.35e-50	178
M03997:68:000000000-G35DK:1:1102:17453:13530	extended_3UTR_DCG_Soc1_w_forward_primer	97.917	96	2	0	1	96	26	121	4.53e-46	165
M03997:68:000000000-G35DK:1:2104:20493:12470	extended_3UTR_DCG_Soc1_w_forward_primer	100.000	17	0	0	1	17	8	24	8.65e-06	31.9
M03997:68:000000000-G35DK:1:1104:19510:10206	extended_3UTR_DCG_Soc1_w_forward_primer	100.000	18	0	0	1	18	7	24	4.37e-06	33.7
M03997:68:000000000-G35DK:1:2104:10903:14146	extended_3UTR_DCG_Soc1_w_forward_primer	100.000	96	0	0	1	96	26	121	8.75e-49	174
M03997:68:000000000-G35DK:1:2102:17480:19368	extended_3UTR_DCG_Soc1_w_forward_primer	100.000	39	0	0	1	39	104	142	2.75e-18	71.6
M03997:68:000000000-G35DK:1:1101:24499:19951	extended_3UTR_DCG_Soc1_w_forward_primer	100.000	99	0	0	1	99	13	111	2.13e-50	179
M03997:68:000000000-G35DK:1:2104:22337:16609	extended_3UTR_DCG_Soc1_w_forward_primer	76.744	43	5	1	1	43	12	49	1.55e-06	33.7
M03997:68:000000000-G35DK:1:2104:15373:24689	extended_3UTR_DCG_Soc1_w_forward_primer	100.000	111	0	0	1	111	56	166	2.09e-56	201
M03997:68:000000000-G35DK:1:2104:8052:24561	extended_3UTR_DCG_Soc1_w_forward_primer	100.000	18	0	0	1	18	7	24	4.23e-07	33.7
M03997:68:000000000-G35DK:1:2104:10363:14490	extended_3UTR_DCG_Soc1_w_forward_primer	100.000	18	0	0	1	18	7	24	8.46e-07	33.7
M03997:68:000000000-G35DK:1:1103:24160:20783	extended_3UTR_DCG_Soc1_w_forward_primer	100.000	72	0	0	1	72	50	121	6.77e-36	131
M03997:68:000000000-G35DK:1:2101:17552:21922	extended_3UTR_DCG_Soc1_w_forward_primer	100.000	59	0	0	1	59	62	120	3.54e-28	107
M03997:68:000000000-G35DK:1:1101:20442:17105	extended_3UTR_DCG_Soc1_w_forward_primer	100.000	18	0	0	1	18	7	24	1.66e-06	33.7
M03997:68:000000000-G35DK:1:2102:7662:10371	extended_3UTR_DCG_Soc1_w_forward_primer	91.667	24	2	0	1	24	10	33	4.52e-07	35.6
M03997:68:000000000-G35DK:1:2102:21102:19796	extended_3UTR_DCG_Soc1_w_forward_primer	100.000	17	0	0	1	17	8	24	2.33e-06	31.9
M03997:68:000000000-G35DK:1:2103:3840:16699	extended_3UTR_DCG_Soc1_w_forward_primer	98.000	50	1	0	1	50	7	56	1.69e-22	86.0
M03997:68:000000000-G35DK:1:2101:26119:8482	extended_3UTR_DCG_Soc1_w_forward_primer	100.000	64	0	0	1	64	52	115	1.30e-31	116
M03997:68:000000000-G35DK:1:1101:16467:14243	extended_3UTR_DCG_Soc1_w_forward_primer	100.000	19	0	0	1	19	8	26	9.76e-07	35.6
M03997:68:000000000-G35DK:1:1103:21174:19285	extended_3UTR_DCG_Soc1_w_forward_primer	100.000	66	0	0	1	66	26	91	1.11e-32	120
M03997:68:000000000-G35DK:1:1102:7750:17143	extended_3UTR_DCG_Soc1_w_forward_primer	100.000	64	0	0	1	64	72	135	1.30e-31	116
M03997:68:000000000-G35DK:1:2102:16086:27657	extended_3UTR_DCG_Soc1_w_forward_primer	100.000	18	0	0	1	18	7	24	5.34e-07	33.7
M03997:68:000000000-G35DK:1:2104:23575:22049	extended_3UTR_DCG_Soc1_w_forward_primer	99.286	140	1	0	1	140	13	152	7.20e-71	248
M03997:68:000000000-G35DK:1:1102:15279:4856	extended_3UTR_DCG_Soc1_w_forward_primer	100.000	55	0	0	1	55	37	91	8.37e-27	100
M03997:68:000000000-G35DK:1:2101:19877:5703	extended_3UTR_DCG_Soc1_w_forward_primer	100.000	18	0	0	1	18	7	24	2.00e-06	33.7
M03997:68:000000000-G35DK:1:2104:20633:22141	extended_3UTR_DCG_Soc1_w_forward_primer	100.000	38	0	0	1	38	13	50	9.28e-18	69.8
M03997:68:000000000-G35DK:1:1104:9261:11758	extended_3UTR_DCG_Soc1_w_forward_primer	100.000	18	0	0	1	18	7	24	4.45e-07	33.7
M03997:68:000000000-G35DK:1:1104:26150:21385	extended_3UTR_DCG_Soc1_w_forward_primer	100.000	18	0	0	1	18	7	24	7.13e-07	33.7
M03997:68:000000000-G35DK:1:2103:9570:5907	extended_3UTR_DCG_Soc1_w_forward_primer	100.000	18	0	0	1	18	7	24	2.46e-06	33.7
M03997:68:000000000-G35DK:1:2103:15741:17638	extended_3UTR_DCG_Soc1_w_forward_primer	100.000	19	0	0	1	19	6	24	2.23e-07	35.6
M03997:68:000000000-G35DK:1:2102:22252:16860	extended_3UTR_DCG_Soc1_w_forward_primer	100.000	29	0	0	1	29	26	54	4.99e-13	53.6
M03997:68:000000000-G35DK:1:1103:10536:14029	extended_3UTR_DCG_Soc1_w_forward_primer	98.165	109	2	0	1	109	13	121	4.51e-53	188
M03997:68:000000000-G35DK:1:1103:18734:17812	extended_3UTR_DCG_Soc1_w_forward_primer	100.000	18	0	0	1	18	7	24	7.13e-07	33.7
M03997:68:000000000-G35DK:1:1102:19627:7410	extended_3UTR_DCG_Soc1_w_forward_primer	100.000	30	0	0	1	30	8	37	1.50e-13	55.4
M03997:68:000000000-G35DK:1:2104:19134:7282	extended_3UTR_DCG_Soc1_w_forward_primer	100.000	18	0	0	1	18	7	24	6.40e-06	33.7
M03997:68:000000000-G35DK:1:1104:19410:13058	extended_3UTR_DCG_Soc1_w_forward_primer	100.000	20	0	0	1	20	5	24	1.15e-07	37.4
M03997:68:000000000-G35DK:1:1104:12167:19264	extended_3UTR_DCG_Soc1_w_forward_primer	100.000	18	0	0	1	18	7	24	2.39e-06	33.7
M03997:68:000000000-G35DK:1:1104:27028:18447	extended_3UTR_DCG_Soc1_w_forward_primer	100.000	17	0	0	1	17	10	26	2.41e-06	31.9
M03997:68:000000000-G35DK:1:2103:19630:9566	extended_3UTR_DCG_Soc1_w_forward_primer	100.000	52	0	0	1	52	13	64	3.33e-25	95.1
M03997:68:000000000-G35DK:1:1104:9313:14208	extended_3UTR_DCG_Soc1_w_forward_primer	76.190	42	5	1	1	42	13	49	5.89e-06	31.9
M03997:68:000000000-G35DK:1:1102:26319:21879	extended_3UTR_DCG_Soc1_w_forward_primer	98.734	79	1	0	1	79	13	91	5.07e-38	138
M03997:68:000000000-G35DK:1:2101:21620:11285	extended_3UTR_DCG_Soc1_w_forward_primer	100.000	18	0	0	1	18	7	24	2.61e-06	33.7
M03997:68:000000000-G35DK:1:1104:20330:23383	extended_3UTR_DCG_Soc1_w_forward_primer	100.000	126	0	0	1	126	13	138	6.02e-65	228
M03997:68:000000000-G35DK:1:1101:25211:21703	extended_3UTR_DCG_Soc1_w_forward_primer	98.387	124	0	1	1	122	13	136	4.47e-60	212
M03997:68:000000000-G35DK:1:2103:23281:23709	extended_3UTR_DCG_Soc1_w_forward_primer	100.000	18	0	0	1	18	7	24	2.37e-06	33.7
M03997:68:000000000-G35DK:1:2104:13183:8087	extended_3UTR_DCG_Soc1_w_forward_primer	100.000	68	0	0	1	68	93	160	4.60e-33	123
M03997:68:000000000-G35DK:1:2102:10298:18651	extended_3UTR_DCG_Soc1_w_forward_primer	100.000	97	0	0	1	97	5	101	2.54e-49	176
M03997:68:000000000-G35DK:1:2102:13862:10598	extended_3UTR_DCG_Soc1_w_forward_primer	100.000	58	0	0	1	58	58	115	2.10e-28	105
M03997:68:000000000-G35DK:1:2101:22131:22790	extended_3UTR_DCG_Soc1_w_forward_primer	100.000	20	0	0	1	20	7	26	1.49e-07	37.4
M03997:68:000000000-G35DK:1:2102:17675:8638	extended_3UTR_DCG_Soc1_w_forward_primer	100.000	20	0	0	1	20	5	24	1.35e-07	37.4
M03997:68:000000000-G35DK:1:1103:18903:9999	extended_3UTR_DCG_Soc1_w_forward_primer	100.000	119	0	0	1	119	8	126	3.57e-61	215
M03997:68:000000000-G35DK:1:1102:20239:14711	extended_3UTR_DCG_Soc1_w_forward_primer	100.000	18	0	0	1	18	7	24	1.42e-06	33.7
M03997:68:000000000-G35DK:1:1101:27066:18348	extended_3UTR_DCG_Soc1_w_forward_primer	100.000	18	0	0	1	18	7	24	9.99e-07	33.7
