M03997:68:000000000-G35DK:1:1104:20026:7602	extended_3UTR_DCG_Soc1_w_forward_primer	100.000	17	0	0	1	17	8	24	8.88e-06	31.9
M03997:68:000000000-G35DK:1:1104:22031:12123	extended_3UTR_DCG_Soc1_w_forward_primer	100.000	31	0	0	1	31	113	143	4.49e-14	57.2
M03997:68:000000000-G35DK:1:2102:24601:21908	extended_3UTR_DCG_Soc1_w_forward_primer	100.000	60	0	0	1	60	5	64	1.86e-29	109
M03997:68:000000000-G35DK:1:2102:15594:15784	extended_3UTR_DCG_Soc1_w_forward_primer	100.000	18	0	0	1	18	7	24	5.16e-06	33.7
M03997:68:000000000-G35DK:1:1104:15371:15878	extended_3UTR_DCG_Soc1_w_forward_primer	100.000	49	0	0	1	49	48	96	1.35e-23	89.7
M03997:68:000000000-G35DK:1:1102:7623:4070	extended_3UTR_DCG_Soc1_w_forward_primer	100.000	38	0	0	1	38	83	120	8.88e-17	69.8
M03997:68:000000000-G35DK:1:2101:24294:4902	extended_3UTR_DCG_Soc1_w_forward_primer	98.925	93	1	0	1	93	13	105	1.53e-45	163
M03997:68:000000000-G35DK:1:2102:18976:20502	extended_3UTR_DCG_Soc1_w_forward_primer	100.000	17	0	0	1	17	8	24	3.03e-06	31.9
M03997:68:000000000-G35DK:1:2102:3374:17130	extended_3UTR_DCG_Soc1_w_forward_primer	76.190	42	5	1	1	42	13	49	9.73e-06	31.9
M03997:68:000000000-G35DK:1:1104:5891:22964	extended_3UTR_DCG_Soc1_w_forward_primer	100.000	54	0	0	1	54	13	66	2.86e-26	98.7
M03997:68:000000000-G35DK:1:2101:3703:13493	extended_3UTR_DCG_Soc1_w_forward_primer	100.000	54	0	0	1	54	13	66	2.86e-26	98.7
M03997:68:000000000-G35DK:1:2104:15674:2226	extended_3UTR_DCG_Soc1_w_forward_primer	100.000	18	0	0	1	18	7	24	2.97e-06	33.7
M03997:68:000000000-G35DK:1:1101:22568:15315	extended_3UTR_DCG_Soc1_w_forward_primer	100.000	109	0	0	1	109	13	121	8.70e-56	197
M03997:68:000000000-G35DK:1:2103:18963:15043	extended_3UTR_DCG_Soc1_w_forward_primer	100.000	78	0	0	1	78	56	133	4.10e-39	141
M03997:68:000000000-G35DK:1:2104:4623:10564	extended_3UTR_DCG_Soc1_w_forward_primer	100.000	17	0	0	1	17	10	26	3.95e-06	31.9
M03997:68:000000000-G35DK:1:2101:18020:11445	extended_3UTR_DCG_Soc1_w_forward_primer	100.000	50	0	0	1	50	31	80	3.97e-24	91.5
M03997:68:000000000-G35DK:1:2101:12377:21719	extended_3UTR_DCG_Soc1_w_forward_primer	100.000	74	0	0	1	74	23	96	5.74e-37	134
M03997:68:000000000-G35DK:1:2102:5253:15391	extended_3UTR_DCG_Soc1_w_forward_primer	100.000	59	0	0	5	63	56	114	6.62e-29	107
M03997:68:000000000-G35DK:1:1103:11375:10816	extended_3UTR_DCG_Soc1_w_forward_primer	100.000	19	0	0	1	19	6	24	3.50e-07	35.6
M03997:68:000000000-G35DK:1:2101:16711:27005	extended_3UTR_DCG_Soc1_w_forward_primer	100.000	55	0	0	1	55	37	91	8.37e-27	100
M03997:68:000000000-G35DK:1:2102:11229:9162	extended_3UTR_DCG_Soc1_w_forward_primer	100.000	82	0	0	1	82	74	155	3.08e-41	149
M03997:68:000000000-G35DK:1:1102:25224:12590	extended_3UTR_DCG_Soc1_w_forward_primer	100.000	20	0	0	1	20	5	24	1.02e-07	37.4
M03997:68:000000000-G35DK:1:1101:12760:18387	extended_3UTR_DCG_Soc1_w_forward_primer	100.000	18	0	0	1	18	7	24	4.90e-07	33.7
M03997:68:000000000-G35DK:1:2104:14308:26513	extended_3UTR_DCG_Soc1_w_forward_primer	100.000	18	0	0	1	18	7	24	1.42e-06	33.7
M03997:68:000000000-G35DK:1:1104:28737:19457	extended_3UTR_DCG_Soc1_w_forward_primer	98.980	98	1	0	1	98	13	110	3.13e-48	172
M03997:68:000000000-G35DK:1:1101:20791:9043	extended_3UTR_DCG_Soc1_w_forward_primer	95.000	40	2	0	1	40	31	70	4.21e-16	64.4
M03997:68:000000000-G35DK:1:2104:28166:11344	extended_3UTR_DCG_Soc1_w_forward_primer	98.990	99	1	0	1	99	23	121	9.05e-49	174
M03997:68:000000000-G35DK:1:1102:8456:22804	extended_3UTR_DCG_Soc1_w_forward_primer	100.000	20	0	0	1	20	7	26	8.56e-08	37.4
M03997:68:000000000-G35DK:1:1102:20604:24848	extended_3UTR_DCG_Soc1_w_forward_primer	100.000	21	0	0	77	97	1	21	4.59e-08	39.2
M03997:68:000000000-G35DK:1:1101:25508:18195	extended_3UTR_DCG_Soc1_w_forward_primer	100.000	40	0	0	1	40	97	136	8.12e-19	73.4
M03997:68:000000000-G35DK:1:2102:23466:16801	extended_3UTR_DCG_Soc1_w_forward_primer	100.000	24	0	0	101	124	1	24	1.42e-09	44.6
M03997:68:000000000-G35DK:1:1103:11325:12793	extended_3UTR_DCG_Soc1_w_forward_primer	100.000	55	0	0	1	55	37	91	8.37e-27	100
M03997:68:000000000-G35DK:1:1101:25813:22953	extended_3UTR_DCG_Soc1_w_forward_primer	100.000	75	0	0	1	75	31	105	1.67e-37	136
M03997:68:000000000-G35DK:1:2104:19846:19616	extended_3UTR_DCG_Soc1_w_forward_primer	100.000	66	0	0	1	66	26	91	1.11e-32	120
M03997:68:000000000-G35DK:1:2101:7304:19460	extended_3UTR_DCG_Soc1_w_forward_primer	98.361	61	1	0	1	61	31	91	2.23e-28	105
M03997:68:000000000-G35DK:1:2103:24389:13885	extended_3UTR_DCG_Soc1_w_forward_primer	100.000	76	0	0	1	76	62	137	4.85e-38	138
M03997:68:000000000-G35DK:1:2104:25564:9259	extended_3UTR_DCG_Soc1_w_forward_primer	100.000	17	0	0	1	17	8	24	8.03e-06	31.9
M03997:68:000000000-G35DK:1:1103:24052:8655	extended_3UTR_DCG_Soc1_w_forward_primer	100.000	95	0	0	1	95	13	107	3.02e-48	172
M03997:68:000000000-G35DK:1:2103:8882:15848	extended_3UTR_DCG_Soc1_w_forward_primer	98.925	93	1	0	1	93	13	105	1.53e-45	163
M03997:68:000000000-G35DK:1:2103:19763:10480	extended_3UTR_DCG_Soc1_w_forward_primer	100.000	21	0	0	53	73	1	21	3.34e-08	39.2
M03997:68:000000000-G35DK:1:1104:7254:11718	extended_3UTR_DCG_Soc1_w_forward_primer	100.000	20	0	0	1	20	5	24	6.21e-08	37.4
M03997:68:000000000-G35DK:1:2101:16236:9677	extended_3UTR_DCG_Soc1_w_forward_primer	100.000	28	0	0	1	28	93	120	2.38e-11	51.8
M03997:68:000000000-G35DK:1:2102:8292:18463	extended_3UTR_DCG_Soc1_w_forward_primer	100.000	22	0	0	1	22	5	26	3.90e-09	41.0
M03997:68:000000000-G35DK:1:1103:17404:5636	extended_3UTR_DCG_Soc1_w_forward_primer	100.000	23	0	0	1	23	5	27	1.76e-09	42.8
M03997:68:000000000-G35DK:1:2102:10432:19888	extended_3UTR_DCG_Soc1_w_forward_primer	100.000	18	0	0	97	114	1	18	2.30e-06	33.7
M03997:68:000000000-G35DK:1:1102:7131:13253	extended_3UTR_DCG_Soc1_w_forward_primer	100.000	18	0	0	1	18	7	24	1.24e-06	33.7
M03997:68:000000000-G35DK:1:1101:17518:16479	extended_3UTR_DCG_Soc1_w_forward_primer	100.000	17	0	0	1	17	23	39	3.41e-06	31.9
M03997:68:000000000-G35DK:1:1102:3301:9970	extended_3UTR_DCG_Soc1_w_forward_primer	100.000	18	0	0	1	18	7	24	4.23e-07	33.7
M03997:68:000000000-G35DK:1:1102:15411:27318	extended_3UTR_DCG_Soc1_w_forward_primer	100.000	84	0	0	1	84	13	96	2.47e-42	152
M03997:68:000000000-G35DK:1:2103:23869:16842	extended_3UTR_DCG_Soc1_w_forward_primer	100.000	18	0	0	1	18	7	24	1.20e-06	33.7
M03997:68:000000000-G35DK:1:2104:22728:26811	extended_3UTR_DCG_Soc1_w_forward_primer	100.000	20	0	0	1	20	7	26	6.40e-08	37.4
M03997:68:000000000-G35DK:1:2101:25214:11345	extended_3UTR_DCG_Soc1_w_forward_primer	100.000	69	0	0	1	69	12	80	2.74e-34	125
M03997:68:000000000-G35DK:1:2104:18773:25673	extended_3UTR_DCG_Soc1_w_forward_primer	100.000	79	0	0	1	79	23	101	1.19e-39	143
M03997:68:000000000-G35DK:1:2103:6354:23905	extended_3UTR_DCG_Soc1_w_forward_primer	100.000	20	0	0	1	20	7	26	9.84e-08	37.4
M03997:68:000000000-G35DK:1:1104:28451:19124	extended_3UTR_DCG_Soc1_w_forward_primer	100.000	18	0	0	1	18	7	24	2.15e-06	33.7
M03997:68:000000000-G35DK:1:2102:14565:18749	extended_3UTR_DCG_Soc1_w_forward_primer	100.000	18	0	0	1	18	7	24	1.31e-06	33.7
M03997:68:000000000-G35DK:1:1101:16395:21634	extended_3UTR_DCG_Soc1_w_forward_primer	100.000	32	0	0	1	32	107	138	1.34e-14	59.0
M03997:68:000000000-G35DK:1:1103:7537:12545	extended_3UTR_DCG_Soc1_w_forward_primer	100.000	109	0	0	1	109	13	121	8.70e-56	197
M03997:68:000000000-G35DK:1:1101:22311:9470	extended_3UTR_DCG_Soc1_w_forward_primer	100.000	115	0	0	1	115	7	121	5.10e-59	208
M03997:68:000000000-G35DK:1:1104:14152:8204	extended_3UTR_DCG_Soc1_w_forward_primer	100.000	18	0	0	1	18	7	24	1.11e-06	33.7
M03997:68:000000000-G35DK:1:1101:11852:6184	extended_3UTR_DCG_Soc1_w_forward_primer	100.000	103	0	0	1	103	13	115	1.48e-52	187
M03997:68:000000000-G35DK:1:1104:12066:6865	extended_3UTR_DCG_Soc1_w_forward_primer	100.000	18	0	0	1	18	7	24	7.13e-07	33.7
M03997:68:000000000-G35DK:1:1101:4856:14660	extended_3UTR_DCG_Soc1_w_forward_primer	100.000	73	0	0	1	73	19	91	1.97e-36	132
M03997:68:000000000-G35DK:1:1101:23805:17692	extended_3UTR_DCG_Soc1_w_forward_primer	100.000	20	0	0	1	20	7	26	1.57e-07	37.4
M03997:68:000000000-G35DK:1:1101:15260:26318	extended_3UTR_DCG_Soc1_w_forward_primer	100.000	24	0	0	95	118	1	24	1.35e-09	44.6
M03997:68:000000000-G35DK:1:2101:25379:5297	extended_3UTR_DCG_Soc1_w_forward_primer	100.000	19	0	0	1	19	6	24	1.47e-07	35.6
M03997:68:000000000-G35DK:1:1103:18138:18040	extended_3UTR_DCG_Soc1_w_forward_primer	100.000	22	0	0	1	22	5	26	3.00e-09	41.0
M03997:68:000000000-G35DK:1:1102:3666:13608	extended_3UTR_DCG_Soc1_w_forward_primer	100.000	20	0	0	1	20	5	24	3.84e-08	37.4
M03997:68:000000000-G35DK:1:2102:8827:21661	extended_3UTR_DCG_Soc1_w_forward_primer	100.000	17	0	0	1	17	10	26	3.33e-06	31.9
M03997:68:000000000-G35DK:1:2102:19560:17630	extended_3UTR_DCG_Soc1_w_forward_primer	100.000	76	0	0	1	76	37	112	4.85e-38	138
M03997:68:000000000-G35DK:1:1104:27136:13253	extended_3UTR_DCG_Soc1_w_forward_primer	100.000	58	0	0	1	58	13	70	2.10e-28	105
M03997:68:000000000-G35DK:1:2102:16757:25745	extended_3UTR_DCG_Soc1_w_forward_primer	100.000	84	0	0	1	84	27	110	2.47e-42	152
M03997:68:000000000-G35DK:1:1102:15791:27494	extended_3UTR_DCG_Soc1_w_forward_primer	100.000	19	0	0	1	19	6	24	3.82e-07	35.6
M03997:68:000000000-G35DK:1:2104:20627:20093	extended_3UTR_DCG_Soc1_w_forward_primer	97.531	81	2	0	1	81	58	138	5.29e-38	138
M03997:68:000000000-G35DK:1:1103:9975:12057	extended_3UTR_DCG_Soc1_w_forward_primer	100.000	18	0	0	1	18	7	24	2.35e-06	33.7
M03997:68:000000000-G35DK:1:2103:27184:16750	extended_3UTR_DCG_Soc1_w_forward_primer	100.000	17	0	0	1	17	10	26	6.59e-06	31.9
M03997:68:000000000-G35DK:1:1104:27963:19187	extended_3UTR_DCG_Soc1_w_forward_primer	100.000	19	0	0	145	163	6	24	1.00e-06	35.6
M03997:68:000000000-G35DK:1:2102:27073:14569	extended_3UTR_DCG_Soc1_w_forward_primer	100.000	85	0	0	1	85	7	91	7.16e-43	154
M03997:68:000000000-G35DK:1:2102:12243:10304	extended_3UTR_DCG_Soc1_w_forward_primer	100.000	112	0	0	1	112	10	121	2.11e-57	203
M03997:68:000000000-G35DK:1:2102:10112:24646	extended_3UTR_DCG_Soc1_w_forward_primer	99.213	127	1	0	1	127	29	155	1.83e-63	224
M03997:68:000000000-G35DK:1:2103:8482:7737	extended_3UTR_DCG_Soc1_w_forward_primer	100.000	18	0	0	1	18	7	24	7.13e-07	33.7
M03997:68:000000000-G35DK:1:2101:7205:10208	extended_3UTR_DCG_Soc1_w_forward_primer	100.000	19	0	0	1	19	7	25	5.34e-07	35.6
M03997:68:000000000-G35DK:1:1103:26901:16183	extended_3UTR_DCG_Soc1_w_forward_primer	97.297	74	2	0	1	74	48	121	2.97e-34	125
M03997:68:000000000-G35DK:1:1102:22444:21723	extended_3UTR_DCG_Soc1_w_forward_primer	100.000	18	0	0	1	18	7	24	4.45e-07	33.7
M03997:68:000000000-G35DK:1:1102:7687:16672	extended_3UTR_DCG_Soc1_w_forward_primer	98.246	57	1	0	1	57	58	114	3.05e-26	98.7
M03997:68:000000000-G35DK:1:1101:9109:5235	extended_3UTR_DCG_Soc1_w_forward_primer	100.000	18	0	0	1	18	7	24	5.16e-06	33.7
M03997:68:000000000-G35DK:1:2104:15642:7920	extended_3UTR_DCG_Soc1_w_forward_primer	100.000	78	0	0	1	78	56	133	4.10e-39	141
M03997:68:000000000-G35DK:1:2103:12640:15180	extended_3UTR_DCG_Soc1_w_forward_primer	98.851	87	1	0	1	87	26	112	2.57e-42	152
M03997:68:000000000-G35DK:1:1102:6384:20581	extended_3UTR_DCG_Soc1_w_forward_primer	100.000	17	0	0	1	17	8	24	1.63e-06	31.9
M03997:68:000000000-G35DK:1:1104:21782:24122	extended_3UTR_DCG_Soc1_w_forward_primer	100.000	20	0	0	1	20	5	24	6.21e-08	37.4
M03997:68:000000000-G35DK:1:2101:8780:15779	extended_3UTR_DCG_Soc1_w_forward_primer	100.000	72	0	0	1	72	62	133	6.77e-36	131
M03997:68:000000000-G35DK:1:1104:11732:17609	extended_3UTR_DCG_Soc1_w_forward_primer	100.000	86	0	0	1	86	48	133	2.08e-43	156
M03997:68:000000000-G35DK:1:2103:24950:6406	extended_3UTR_DCG_Soc1_w_forward_primer	100.000	18	0	0	1	18	7	24	8.46e-07	33.7
M03997:68:000000000-G35DK:1:1103:8700:9494	extended_3UTR_DCG_Soc1_w_forward_primer	100.000	18	0	0	1	18	7	24	2.32e-06	33.7
M03997:68:000000000-G35DK:1:2103:8628:14632	extended_3UTR_DCG_Soc1_w_forward_primer	100.000	39	0	0	1	39	7	45	2.75e-18	71.6
M03997:68:000000000-G35DK:1:1104:3388:18240	extended_3UTR_DCG_Soc1_w_forward_primer	100.000	19	0	0	1	19	8	26	4.90e-07	35.6
M03997:68:000000000-G35DK:1:1104:14024:7118	extended_3UTR_DCG_Soc1_w_forward_primer	99.020	102	1	0	1	102	11	112	2.17e-50	179
M03997:68:000000000-G35DK:1:2102:23426:16995	extended_3UTR_DCG_Soc1_w_forward_primer	100.000	18	0	0	1	18	7	24	1.51e-06	33.7
M03997:68:000000000-G35DK:1:2102:16137:19511	extended_3UTR_DCG_Soc1_w_forward_primer	100.000	42	0	0	1	42	29	70	7.08e-20	77.0
M03997:68:000000000-G35DK:1:2101:8218:24694	extended_3UTR_DCG_Soc1_w_forward_primer	100.000	22	0	0	1	22	5	26	3.15e-09	41.0
M03997:68:000000000-G35DK:1:1104:5704:13945	extended_3UTR_DCG_Soc1_w_forward_primer	100.000	18	0	0	1	18	7	24	2.50e-06	33.7
M03997:68:000000000-G35DK:1:1101:24097:22466	extended_3UTR_DCG_Soc1_w_forward_primer	100.000	83	0	0	1	83	37	119	8.49e-42	150
M03997:68:000000000-G35DK:1:2104:10094:5918	extended_3UTR_DCG_Soc1_w_forward_primer	100.000	91	0	0	1	91	15	105	4.27e-46	165
M03997:68:000000000-G35DK:1:1102:19747:17150	extended_3UTR_DCG_Soc1_w_forward_primer	100.000	27	0	0	1	27	13	39	5.50e-12	50.0
M03997:68:000000000-G35DK:1:2102:26376:8397	extended_3UTR_DCG_Soc1_w_forward_primer	98.387	62	1	0	1	62	74	135	3.54e-28	107
M03997:68:000000000-G35DK:1:1103:3964:17174	extended_3UTR_DCG_Soc1_w_forward_primer	97.727	44	1	0	1	44	39	82	2.62e-19	75.2
M03997:68:000000000-G35DK:1:1101:7723:21268	extended_3UTR_DCG_Soc1_w_forward_primer	100.000	52	0	0	1	52	7	58	3.33e-25	95.1
M03997:68:000000000-G35DK:1:2103:7435:8804	extended_3UTR_DCG_Soc1_w_forward_primer	100.000	16	0	0	1	16	11	26	5.43e-06	30.1
M03997:68:000000000-G35DK:1:2103:14961:10854	extended_3UTR_DCG_Soc1_w_forward_primer	100.000	96	0	0	1	96	26	121	8.75e-49	174
M03997:68:000000000-G35DK:1:2102:11109:18184	extended_3UTR_DCG_Soc1_w_forward_primer	100.000	18	0	0	1	18	7	24	1.13e-06	33.7
M03997:68:000000000-G35DK:1:1101:19193:11987	extended_3UTR_DCG_Soc1_w_forward_primer	100.000	34	0	0	1	34	7	40	1.32e-14	62.6
M03997:68:000000000-G35DK:1:2104:16957:13380	extended_3UTR_DCG_Soc1_w_forward_primer	100.000	20	0	0	1	20	5	24	3.89e-07	37.4
M03997:68:000000000-G35DK:1:1104:14965:26946	extended_3UTR_DCG_Soc1_w_forward_primer	100.000	34	0	0	1	34	31	64	1.19e-15	62.6
M03997:68:000000000-G35DK:1:2103:19903:25891	extended_3UTR_DCG_Soc1_w_forward_primer	100.000	18	0	0	1	18	7	24	9.99e-07	33.7
M03997:68:000000000-G35DK:1:1102:17204:19455	extended_3UTR_DCG_Soc1_w_forward_primer	100.000	51	0	0	1	51	60	110	1.13e-24	93.3
M03997:68:000000000-G35DK:1:1102:29450:17132	extended_3UTR_DCG_Soc1_w_forward_primer	96.330	109	2	1	1	107	13	121	2.79e-49	176
M03997:68:000000000-G35DK:1:2103:20252:18251	extended_3UTR_DCG_Soc1_w_forward_primer	100.000	54	0	0	1	54	62	115	2.86e-26	98.7
M03997:68:000000000-G35DK:1:2104:19141:10310	extended_3UTR_DCG_Soc1_w_forward_primer	100.000	21	0	0	67	87	1	21	4.07e-08	39.2
M03997:68:000000000-G35DK:1:1102:23461:22897	extended_3UTR_DCG_Soc1_w_forward_primer	99.194	124	1	0	1	124	13	136	3.07e-62	219
M03997:68:000000000-G35DK:1:1103:20705:19743	extended_3UTR_DCG_Soc1_w_forward_primer	100.000	48	0	0	1	48	107	154	3.31e-22	87.8
M03997:68:000000000-G35DK:1:1102:10235:8525	extended_3UTR_DCG_Soc1_w_forward_primer	100.000	19	0	0	1	19	8	26	2.73e-07	35.6
M03997:68:000000000-G35DK:1:1104:22863:25583	extended_3UTR_DCG_Soc1_w_forward_primer	100.000	94	0	0	1	94	29	122	1.04e-47	170
M03997:68:000000000-G35DK:1:2104:24662:16122	extended_3UTR_DCG_Soc1_w_forward_primer	100.000	54	0	0	1	54	13	66	2.86e-26	98.7
M03997:68:000000000-G35DK:1:2102:23499:14878	extended_3UTR_DCG_Soc1_w_forward_primer	100.000	94	0	0	1	94	19	112	1.04e-47	170
M03997:68:000000000-G35DK:1:1104:23281:14477	extended_3UTR_DCG_Soc1_w_forward_primer	100.000	51	0	0	1	51	58	108	1.13e-24	93.3
M03997:68:000000000-G35DK:1:1103:7295:24087	extended_3UTR_DCG_Soc1_w_forward_primer	96.429	28	1	0	1	28	83	110	7.06e-11	46.4
M03997:68:000000000-G35DK:1:1104:26390:17191	extended_3UTR_DCG_Soc1_w_forward_primer	100.000	98	0	0	1	98	46	143	7.35e-50	178
M03997:68:000000000-G35DK:1:1104:25129:20387	extended_3UTR_DCG_Soc1_w_forward_primer	100.000	20	0	0	1	20	5	24	1.87e-07	37.4
M03997:68:000000000-G35DK:1:2102:9068:9515	extended_3UTR_DCG_Soc1_w_forward_primer	100.000	79	0	0	1	79	13	91	1.19e-39	143
M03997:68:000000000-G35DK:1:2102:24270:18518	extended_3UTR_DCG_Soc1_w_forward_primer	97.619	42	1	0	1	42	74	115	3.01e-18	71.6
M03997:68:000000000-G35DK:1:2103:26811:10793	extended_3UTR_DCG_Soc1_w_forward_primer	98.780	82	1	0	1	82	31	112	1.24e-39	143
M03997:68:000000000-G35DK:1:2103:14100:25790	extended_3UTR_DCG_Soc1_w_forward_primer	98.198	111	0	1	1	109	37	147	4.51e-53	188
M03997:68:000000000-G35DK:1:2101:17629:27568	extended_3UTR_DCG_Soc1_w_forward_primer	100.000	54	0	0	1	54	13	66	2.86e-26	98.7
M03997:68:000000000-G35DK:1:2103:14565:28470	extended_3UTR_DCG_Soc1_w_forward_primer	100.000	24	0	0	47	70	1	24	7.73e-10	44.6
M03997:68:000000000-G35DK:1:2101:21833:27266	extended_3UTR_DCG_Soc1_w_forward_primer	100.000	77	0	0	1	77	64	140	1.41e-38	140
M03997:68:000000000-G35DK:1:2101:7773:18314	extended_3UTR_DCG_Soc1_w_forward_primer	100.000	109	0	0	1	109	13	121	8.70e-56	197
M03997:68:000000000-G35DK:1:1101:25227:25115	extended_3UTR_DCG_Soc1_w_forward_primer	97.436	78	0	1	1	76	34	111	2.59e-35	129
M03997:68:000000000-G35DK:1:2103:5856:12439	extended_3UTR_DCG_Soc1_w_forward_primer	100.000	17	0	0	1	17	8	24	1.63e-06	31.9
M03997:68:000000000-G35DK:1:1104:21580:23380	extended_3UTR_DCG_Soc1_w_forward_primer	100.000	18	0	0	1	18	7	24	5.79e-07	33.7
M03997:68:000000000-G35DK:1:2103:29337:12316	extended_3UTR_DCG_Soc1_w_forward_primer	100.000	45	0	0	14	58	12	56	2.39e-21	82.4
M03997:68:000000000-G35DK:1:1102:12378:25270	extended_3UTR_DCG_Soc1_w_forward_primer	98.485	66	1	0	1	66	26	91	4.71e-31	114
M03997:68:000000000-G35DK:1:2101:18759:5286	extended_3UTR_DCG_Soc1_w_forward_primer	100.000	19	0	0	1	19	6	24	1.28e-07	35.6
M03997:68:000000000-G35DK:1:2102:8264:21159	extended_3UTR_DCG_Soc1_w_forward_primer	100.000	87	0	0	1	87	19	105	6.03e-44	158
M03997:68:000000000-G35DK:1:2104:7869:7161	extended_3UTR_DCG_Soc1_w_forward_primer	100.000	50	0	0	1	50	125	174	4.24e-24	91.5
M03997:68:000000000-G35DK:1:1101:20109:7992	extended_3UTR_DCG_Soc1_w_forward_primer	96.000	25	1	0	1	25	102	126	4.31e-08	41.0
M03997:68:000000000-G35DK:1:2101:14605:16279	extended_3UTR_DCG_Soc1_w_forward_primer	99.083	109	1	0	1	109	13	121	3.70e-54	192
M03997:68:000000000-G35DK:1:1104:11446:13460	extended_3UTR_DCG_Soc1_w_forward_primer	100.000	79	0	0	1	79	37	115	1.19e-39	143
M03997:68:000000000-G35DK:1:2103:5048:17174	extended_3UTR_DCG_Soc1_w_forward_primer	100.000	17	0	0	1	17	8	24	9.19e-06	31.9
M03997:68:000000000-G35DK:1:2102:24817:25350	extended_3UTR_DCG_Soc1_w_forward_primer	100.000	20	0	0	1	20	7	26	9.84e-08	37.4
M03997:68:000000000-G35DK:1:2102:19813:8251	extended_3UTR_DCG_Soc1_w_forward_primer	98.684	76	1	0	1	76	37	112	2.06e-36	132
M03997:68:000000000-G35DK:1:2104:18608:19194	extended_3UTR_DCG_Soc1_w_forward_primer	100.000	58	0	0	1	58	58	115	2.10e-28	105
M03997:68:000000000-G35DK:1:2102:18760:6836	extended_3UTR_DCG_Soc1_w_forward_primer	100.000	62	0	0	1	62	58	119	1.53e-30	113
M03997:68:000000000-G35DK:1:1102:13641:11135	extended_3UTR_DCG_Soc1_w_forward_primer	100.000	42	0	0	1	42	74	115	7.08e-20	77.0
M03997:68:000000000-G35DK:1:1104:4172:15316	extended_3UTR_DCG_Soc1_w_forward_primer	100.000	18	0	0	1	18	7	24	2.10e-06	33.7
M03997:68:000000000-G35DK:1:1101:24664:22795	extended_3UTR_DCG_Soc1_w_forward_primer	100.000	57	0	0	1	57	26	82	7.17e-28	104
M03997:68:000000000-G35DK:1:2103:13625:17481	extended_3UTR_DCG_Soc1_w_forward_primer	100.000	62	0	0	1	62	74	135	1.53e-30	113
M03997:68:000000000-G35DK:1:2104:21668:7937	extended_3UTR_DCG_Soc1_w_forward_primer	100.000	54	0	0	1	54	13	66	2.86e-26	98.7
M03997:68:000000000-G35DK:1:1104:8782:14595	extended_3UTR_DCG_Soc1_w_forward_primer	100.000	55	0	0	1	55	67	121	8.37e-27	100
M03997:68:000000000-G35DK:1:1103:16849:24689	extended_3UTR_DCG_Soc1_w_forward_primer	100.000	199	0	0	1	199	13	211	2.30e-104	360
M03997:68:000000000-G35DK:1:2103:16031:27857	extended_3UTR_DCG_Soc1_w_forward_primer	100.000	17	0	0	1	17	10	26	4.96e-06	31.9
M03997:68:000000000-G35DK:1:1104:12281:7240	extended_3UTR_DCG_Soc1_w_forward_primer	100.000	18	0	0	1	18	7	24	1.82e-06	33.7
M03997:68:000000000-G35DK:1:2101:13642:20739	extended_3UTR_DCG_Soc1_w_forward_primer	100.000	21	0	0	72	92	1	21	4.33e-08	39.2
M03997:68:000000000-G35DK:1:2101:25573:17063	extended_3UTR_DCG_Soc1_w_forward_primer	100.000	21	0	0	69	89	1	21	4.18e-08	39.2
M03997:68:000000000-G35DK:1:1103:18775:18921	extended_3UTR_DCG_Soc1_w_forward_primer	98.182	110	0	1	1	108	13	122	1.56e-52	187
M03997:68:000000000-G35DK:1:1103:10416:9011	extended_3UTR_DCG_Soc1_w_forward_primer	100.000	100	0	0	1	100	13	112	6.17e-51	181
M03997:68:000000000-G35DK:1:2102:22879:20930	extended_3UTR_DCG_Soc1_w_forward_primer	100.000	57	0	0	1	57	56	112	7.17e-28	104
M03997:68:000000000-G35DK:1:2101:16597:9231	extended_3UTR_DCG_Soc1_w_forward_primer	100.000	109	0	0	1	109	13	121	8.70e-56	197
M03997:68:000000000-G35DK:1:1103:7279:8894	extended_3UTR_DCG_Soc1_w_forward_primer	100.000	20	0	0	1	20	5	24	1.83e-07	37.4
M03997:68:000000000-G35DK:1:1104:17499:16024	extended_3UTR_DCG_Soc1_w_forward_primer	100.000	47	0	0	1	47	64	110	1.57e-22	86.0
M03997:68:000000000-G35DK:1:1102:13886:23627	extended_3UTR_DCG_Soc1_w_forward_primer	100.000	17	0	0	1	17	8	24	1.63e-06	31.9
M03997:68:000000000-G35DK:1:1103:24210:13911	extended_3UTR_DCG_Soc1_w_forward_primer	100.000	20	0	0	1	20	5	24	1.83e-07	37.4
M03997:68:000000000-G35DK:1:1104:11413:17014	extended_3UTR_DCG_Soc1_w_forward_primer	100.000	21	0	0	237	257	1	21	1.28e-07	39.2
M03997:68:000000000-G35DK:1:1103:16878:28012	extended_3UTR_DCG_Soc1_w_forward_primer	100.000	58	0	0	1	58	13	70	2.10e-28	105
M03997:68:000000000-G35DK:1:1103:17325:19313	extended_3UTR_DCG_Soc1_w_forward_primer	98.667	75	1	0	1	75	62	136	7.10e-36	131
M03997:68:000000000-G35DK:1:1102:9385:5580	extended_3UTR_DCG_Soc1_w_forward_primer	100.000	18	0	0	1	18	7	24	2.61e-06	33.7
M03997:68:000000000-G35DK:1:1103:12580:4141	extended_3UTR_DCG_Soc1_w_forward_primer	100.000	103	0	0	1	103	13	115	1.48e-52	187
M03997:68:000000000-G35DK:1:2101:17818:24046	extended_3UTR_DCG_Soc1_w_forward_primer	100.000	24	0	0	149	172	1	24	2.04e-09	44.6
M03997:68:000000000-G35DK:1:1102:27006:21168	extended_3UTR_DCG_Soc1_w_forward_primer	100.000	121	0	0	1	121	13	133	2.98e-62	219
M03997:68:000000000-G35DK:1:2102:6229:12279	extended_3UTR_DCG_Soc1_w_forward_primer	100.000	17	0	0	1	17	8	24	4.49e-06	31.9
M03997:68:000000000-G35DK:1:1104:20468:25494	extended_3UTR_DCG_Soc1_w_forward_primer	100.000	20	0	0	1	20	5	24	1.11e-07	37.4
M03997:68:000000000-G35DK:1:2103:18033:16331	extended_3UTR_DCG_Soc1_w_forward_primer	100.000	113	0	0	1	113	54	166	6.81e-58	205
M03997:68:000000000-G35DK:1:2104:18580:18429	extended_3UTR_DCG_Soc1_w_forward_primer	100.000	18	0	0	1	18	7	24	1.49e-06	33.7
M03997:68:000000000-G35DK:1:2102:18635:26691	extended_3UTR_DCG_Soc1_w_forward_primer	98.630	73	1	0	1	73	83	155	3.77e-34	127
M03997:68:000000000-G35DK:1:1102:24184:7551	extended_3UTR_DCG_Soc1_w_forward_primer	98.701	77	1	0	1	77	26	102	6.00e-37	134
M03997:68:000000000-G35DK:1:1101:18601:18078	extended_3UTR_DCG_Soc1_w_forward_primer	100.000	17	0	0	1	17	8	24	4.65e-06	31.9
M03997:68:000000000-G35DK:1:1101:14717:21462	extended_3UTR_DCG_Soc1_w_forward_primer	100.000	79	0	0	1	79	13	91	1.19e-39	143
M03997:68:000000000-G35DK:1:1104:5717:6791	extended_3UTR_DCG_Soc1_w_forward_primer	100.000	147	0	0	1	147	13	159	2.83e-76	266
M03997:68:000000000-G35DK:1:1103:8378:18810	extended_3UTR_DCG_Soc1_w_forward_primer	100.000	50	0	0	1	50	13	62	4.06e-24	91.5
M03997:68:000000000-G35DK:1:2104:15578:8573	extended_3UTR_DCG_Soc1_w_forward_primer	100.000	18	0	0	1	18	113	130	6.40e-06	33.7
M03997:68:000000000-G35DK:1:1104:20381:15683	extended_3UTR_DCG_Soc1_w_forward_primer	99.237	131	1	0	1	131	13	143	5.16e-66	232
M03997:68:000000000-G35DK:1:1101:15902:24262	extended_3UTR_DCG_Soc1_w_forward_primer	100.000	103	0	0	1	103	13	115	1.48e-52	187
M03997:68:000000000-G35DK:1:1104:23326:14791	extended_3UTR_DCG_Soc1_w_forward_primer	100.000	20	0	0	1	20	7	26	6.03e-08	37.4
M03997:68:000000000-G35DK:1:1104:11513:5988	extended_3UTR_DCG_Soc1_w_forward_primer	100.000	18	0	0	1	18	7	24	1.86e-06	33.7
M03997:68:000000000-G35DK:1:2103:15705:23458	extended_3UTR_DCG_Soc1_w_forward_primer	100.000	20	0	0	1	20	5	24	8.75e-08	37.4
M03997:68:000000000-G35DK:1:2103:16099:19286	extended_3UTR_DCG_Soc1_w_forward_primer	98.413	63	1	0	1	63	58	120	1.01e-28	109
M03997:68:000000000-G35DK:1:1102:22988:16216	extended_3UTR_DCG_Soc1_w_forward_primer	100.000	87	0	0	1	87	29	115	6.03e-44	158
M03997:68:000000000-G35DK:1:1101:8612:23766	extended_3UTR_DCG_Soc1_w_forward_primer	97.500	40	1	0	1	40	97	136	3.45e-17	68.0
M03997:68:000000000-G35DK:1:1102:13196:19473	extended_3UTR_DCG_Soc1_w_forward_primer	100.000	18	0	0	1	18	7	24	9.99e-07	33.7
M03997:68:000000000-G35DK:1:2102:27540:13741	extended_3UTR_DCG_Soc1_w_forward_primer	100.000	20	0	0	1	20	5	24	8.20e-08	37.4
M03997:68:000000000-G35DK:1:1103:2578:16067	extended_3UTR_DCG_Soc1_w_forward_primer	100.000	20	0	0	1	20	7	26	1.17e-07	37.4
M03997:68:000000000-G35DK:1:2101:20688:13159	extended_3UTR_DCG_Soc1_w_forward_primer	100.000	19	0	0	1	19	6	24	6.21e-07	35.6
M03997:68:000000000-G35DK:1:1102:5029:8969	extended_3UTR_DCG_Soc1_w_forward_primer	100.000	18	0	0	1	18	7	24	1.73e-06	33.7
M03997:68:000000000-G35DK:1:1102:8672:10250	extended_3UTR_DCG_Soc1_w_forward_primer	98.947	95	1	0	1	95	21	115	1.28e-46	167
M03997:68:000000000-G35DK:1:1102:19056:12907	extended_3UTR_DCG_Soc1_w_forward_primer	98.795	83	1	0	1	83	38	120	3.61e-40	145
M03997:68:000000000-G35DK:1:1102:14123:12029	extended_3UTR_DCG_Soc1_w_forward_primer	100.000	18	0	0	1	18	7	24	1.31e-06	33.7
M03997:68:000000000-G35DK:1:1102:18292:26385	extended_3UTR_DCG_Soc1_w_forward_primer	100.000	78	0	0	1	78	50	127	4.10e-39	141
M03997:68:000000000-G35DK:1:1102:14359:10807	extended_3UTR_DCG_Soc1_w_forward_primer	100.000	64	0	0	1	64	58	121	1.30e-31	116
M03997:68:000000000-G35DK:1:2103:18909:28748	extended_3UTR_DCG_Soc1_w_forward_primer	100.000	18	0	0	1	18	7	24	4.23e-07	33.7
M03997:68:000000000-G35DK:1:2104:24445:7675	extended_3UTR_DCG_Soc1_w_forward_primer	100.000	21	0	0	1	21	7	27	3.92e-08	39.2
M03997:68:000000000-G35DK:1:2104:21371:13073	extended_3UTR_DCG_Soc1_w_forward_primer	98.980	98	1	0	1	98	23	120	1.01e-47	172
M03997:68:000000000-G35DK:1:2104:29341:12923	extended_3UTR_DCG_Soc1_w_forward_primer	100.000	47	0	0	1	47	64	110	1.57e-22	86.0
M03997:68:000000000-G35DK:1:2103:19941:9051	extended_3UTR_DCG_Soc1_w_forward_primer	100.000	20	0	0	1	20	7	26	6.21e-08	37.4
M03997:68:000000000-G35DK:1:1101:15368:25810	extended_3UTR_DCG_Soc1_w_forward_primer	98.810	84	1	0	1	84	29	112	1.05e-40	147
M03997:68:000000000-G35DK:1:2101:7495:22180	extended_3UTR_DCG_Soc1_w_forward_primer	100.000	43	0	0	1	43	107	149	1.72e-19	78.8
M03997:68:000000000-G35DK:1:2101:11544:17529	extended_3UTR_DCG_Soc1_w_forward_primer	100.000	86	0	0	1	86	23	108	2.08e-43	156
M03997:68:000000000-G35DK:1:2104:14950:19621	extended_3UTR_DCG_Soc1_w_forward_primer	100.000	62	0	0	1	62	54	115	1.53e-30	113
M03997:68:000000000-G35DK:1:1104:6877:19683	extended_3UTR_DCG_Soc1_w_forward_primer	100.000	21	0	0	1	21	5	25	1.50e-07	39.2
M03997:68:000000000-G35DK:1:2103:10718:9425	extended_3UTR_DCG_Soc1_w_forward_primer	100.000	18	0	0	1	18	7	24	4.23e-07	33.7
M03997:68:000000000-G35DK:1:1104:22393:3997	extended_3UTR_DCG_Soc1_w_forward_primer	100.000	24	0	0	111	134	1	24	1.66e-09	44.6
M03997:68:000000000-G35DK:1:2101:17317:22352	extended_3UTR_DCG_Soc1_w_forward_primer	100.000	17	0	0	1	17	8	24	4.73e-06	31.9
M03997:68:000000000-G35DK:1:2103:12216:27685	extended_3UTR_DCG_Soc1_w_forward_primer	100.000	21	0	0	159	179	1	21	8.79e-08	39.2
M03997:68:000000000-G35DK:1:2103:13603:27309	extended_3UTR_DCG_Soc1_w_forward_primer	100.000	17	0	0	1	17	8	24	2.10e-06	31.9
M03997:68:000000000-G35DK:1:2101:13972:8413	extended_3UTR_DCG_Soc1_w_forward_primer	100.000	100	0	0	1	100	13	112	6.17e-51	181
M03997:68:000000000-G35DK:1:1104:5037:6764	extended_3UTR_DCG_Soc1_w_forward_primer	100.000	48	0	0	1	48	13	60	4.61e-23	87.8
M03997:68:000000000-G35DK:1:2101:24903:15597	extended_3UTR_DCG_Soc1_w_forward_primer	100.000	93	0	0	1	93	13	105	3.59e-47	168
M03997:68:000000000-G35DK:1:2102:17980:12344	extended_3UTR_DCG_Soc1_w_forward_primer	76.190	42	5	1	1	42	13	49	9.81e-06	31.9
M03997:68:000000000-G35DK:1:1103:16984:9731	extended_3UTR_DCG_Soc1_w_forward_primer	100.000	102	0	0	1	102	37	138	5.10e-52	185
M03997:68:000000000-G35DK:1:2102:24109:6272	extended_3UTR_DCG_Soc1_w_forward_primer	100.000	18	0	0	1	18	7	24	4.90e-07	33.7
M03997:68:000000000-G35DK:1:2101:25545:15243	extended_3UTR_DCG_Soc1_w_forward_primer	100.000	93	0	0	1	93	23	115	3.59e-47	168
M03997:68:000000000-G35DK:1:2101:15368:9971	extended_3UTR_DCG_Soc1_w_forward_primer	100.000	18	0	0	1	18	7	24	4.90e-07	33.7
M03997:68:000000000-G35DK:1:2104:10714:6097	extended_3UTR_DCG_Soc1_w_forward_primer	98.425	127	2	0	1	127	29	155	9.32e-63	221
M03997:68:000000000-G35DK:1:2101:24305:13698	extended_3UTR_DCG_Soc1_w_forward_primer	100.000	20	0	0	1	20	7	26	6.03e-08	37.4
M03997:68:000000000-G35DK:1:2103:5425:16820	extended_3UTR_DCG_Soc1_w_forward_primer	100.000	79	0	0	1	79	13	91	1.19e-39	143
M03997:68:000000000-G35DK:1:1103:27653:20334	extended_3UTR_DCG_Soc1_w_forward_primer	100.000	92	0	0	1	92	8	99	1.24e-46	167
M03997:68:000000000-G35DK:1:2104:11122:18856	extended_3UTR_DCG_Soc1_w_forward_primer	98.361	61	1	0	1	61	31	91	2.23e-28	105
M03997:68:000000000-G35DK:1:1103:17078:14179	extended_3UTR_DCG_Soc1_w_forward_primer	100.000	50	0	0	1	50	72	121	3.97e-24	91.5
M03997:68:000000000-G35DK:1:1104:18347:8122	extended_3UTR_DCG_Soc1_w_forward_primer	100.000	17	0	0	1	17	8	24	5.89e-06	31.9
M03997:68:000000000-G35DK:1:1101:14774:5837	extended_3UTR_DCG_Soc1_w_forward_primer	100.000	21	0	0	80	100	1	21	4.75e-08	39.2
M03997:68:000000000-G35DK:1:1102:24331:19937	extended_3UTR_DCG_Soc1_w_forward_primer	98.246	114	0	1	1	112	7	120	1.09e-54	194
M03997:68:000000000-G35DK:1:1103:11724:23461	extended_3UTR_DCG_Soc1_w_forward_primer	100.000	18	0	0	1	18	7	24	1.35e-06	33.7
M03997:68:000000000-G35DK:1:2103:5347:19361	extended_3UTR_DCG_Soc1_w_forward_primer	100.000	30	0	0	1	30	7	36	1.50e-13	55.4
M03997:68:000000000-G35DK:1:2103:14070:22963	extended_3UTR_DCG_Soc1_w_forward_primer	76.744	43	5	1	1	43	12	49	1.55e-06	33.7
M03997:68:000000000-G35DK:1:1103:23028:16832	extended_3UTR_DCG_Soc1_w_forward_primer	100.000	18	0	0	1	18	7	24	9.35e-07	33.7
M03997:68:000000000-G35DK:1:1104:7581:17159	extended_3UTR_DCG_Soc1_w_forward_primer	100.000	18	0	0	1	18	7	24	9.35e-07	33.7
M03997:68:000000000-G35DK:1:2103:20532:16001	extended_3UTR_DCG_Soc1_w_forward_primer	100.000	50	0	0	1	50	66	115	3.97e-24	91.5
M03997:68:000000000-G35DK:1:1101:12665:19090	extended_3UTR_DCG_Soc1_w_forward_primer	100.000	18	0	0	1	18	7	24	1.66e-06	33.7
M03997:68:000000000-G35DK:1:2104:3326:9980	extended_3UTR_DCG_Soc1_w_forward_primer	95.385	65	3	0	1	65	72	136	8.37e-28	104
M03997:68:000000000-G35DK:1:1101:8675:18343	extended_3UTR_DCG_Soc1_w_forward_primer	100.000	30	0	0	1	30	29	58	1.50e-13	55.4
M03997:68:000000000-G35DK:1:2103:14885:23273	extended_3UTR_DCG_Soc1_w_forward_primer	100.000	18	0	0	1	18	7	24	9.99e-07	33.7
M03997:68:000000000-G35DK:1:2102:20657:12635	extended_3UTR_DCG_Soc1_w_forward_primer	95.238	21	1	0	152	172	1	21	3.58e-06	33.7
M03997:68:000000000-G35DK:1:2101:12868:12554	extended_3UTR_DCG_Soc1_w_forward_primer	100.000	18	0	0	1	18	7	24	1.09e-06	33.7
M03997:68:000000000-G35DK:1:1104:7796:20844	extended_3UTR_DCG_Soc1_w_forward_primer	100.000	21	0	0	30	50	1	21	2.20e-08	39.2
M03997:68:000000000-G35DK:1:1104:26166:14870	extended_3UTR_DCG_Soc1_w_forward_primer	100.000	18	0	0	1	18	7	24	1.98e-06	33.7
M03997:68:000000000-G35DK:1:2103:14422:13474	extended_3UTR_DCG_Soc1_w_forward_primer	100.000	37	0	0	1	37	107	143	3.13e-17	68.0
M03997:68:000000000-G35DK:1:1101:24111:23798	extended_3UTR_DCG_Soc1_w_forward_primer	100.000	16	0	0	1	16	11	26	8.41e-06	30.1
M03997:68:000000000-G35DK:1:2103:10805:18166	extended_3UTR_DCG_Soc1_w_forward_primer	100.000	42	0	0	1	42	74	115	7.08e-20	77.0
M03997:68:000000000-G35DK:1:2103:6720:9521	extended_3UTR_DCG_Soc1_w_forward_primer	100.000	107	0	0	1	107	15	121	1.04e-54	194
M03997:68:000000000-G35DK:1:2101:20057:24634	extended_3UTR_DCG_Soc1_w_forward_primer	100.000	18	0	0	1	18	7	24	9.99e-07	33.7
M03997:68:000000000-G35DK:1:2104:21431:18990	extended_3UTR_DCG_Soc1_w_forward_primer	95.000	20	1	0	53	72	1	20	4.88e-06	31.9
M03997:68:000000000-G35DK:1:1102:10174:23738	extended_3UTR_DCG_Soc1_w_forward_primer	98.182	55	1	0	1	55	37	91	3.56e-25	95.1
M03997:68:000000000-G35DK:1:1104:24077:20811	extended_3UTR_DCG_Soc1_w_forward_primer	100.000	37	0	0	1	37	130	166	3.10e-16	68.0
M03997:68:000000000-G35DK:1:2101:20924:27990	extended_3UTR_DCG_Soc1_w_forward_primer	100.000	79	0	0	1	79	13	91	1.19e-39	143
M03997:68:000000000-G35DK:1:1103:3965:13420	extended_3UTR_DCG_Soc1_w_forward_primer	100.000	20	0	0	1	20	7	26	7.31e-08	37.4
M03997:68:000000000-G35DK:1:1102:7227:22748	extended_3UTR_DCG_Soc1_w_forward_primer	98.387	124	2	0	1	124	13	136	3.73e-61	215
M03997:68:000000000-G35DK:1:1102:23996:12186	extended_3UTR_DCG_Soc1_w_forward_primer	98.684	76	1	0	1	76	26	101	2.06e-36	132
M03997:68:000000000-G35DK:1:2104:14442:4879	extended_3UTR_DCG_Soc1_w_forward_primer	100.000	63	0	0	1	63	58	120	6.03e-31	114
M03997:68:000000000-G35DK:1:1103:14757:16386	extended_3UTR_DCG_Soc1_w_forward_primer	100.000	20	0	0	1	20	7	26	5.12e-08	37.4
M03997:68:000000000-G35DK:1:2102:25635:20691	extended_3UTR_DCG_Soc1_w_forward_primer	100.000	102	0	0	1	102	20	121	5.10e-52	185
M03997:68:000000000-G35DK:1:1102:6810:20439	extended_3UTR_DCG_Soc1_w_forward_primer	100.000	18	0	0	1	18	7	24	6.01e-07	33.7
M03997:68:000000000-G35DK:1:1104:4011:14125	extended_3UTR_DCG_Soc1_w_forward_primer	100.000	21	0	0	124	144	1	21	6.97e-08	39.2
M03997:68:000000000-G35DK:1:2102:14059:11289	extended_3UTR_DCG_Soc1_w_forward_primer	100.000	17	0	0	1	17	10	26	2.88e-06	31.9
M03997:68:000000000-G35DK:1:1102:24790:18220	extended_3UTR_DCG_Soc1_w_forward_primer	100.000	20	0	0	1	20	7	26	1.15e-07	37.4
M03997:68:000000000-G35DK:1:2102:18048:10412	extended_3UTR_DCG_Soc1_w_forward_primer	100.000	31	0	0	1	31	26	56	4.49e-14	57.2
M03997:68:000000000-G35DK:1:2103:21884:21106	extended_3UTR_DCG_Soc1_w_forward_primer	100.000	21	0	0	45	65	1	21	2.92e-08	39.2
M03997:68:000000000-G35DK:1:1101:25886:10138	extended_3UTR_DCG_Soc1_w_forward_primer	100.000	20	0	0	1	20	5	24	6.58e-08	37.4
M03997:68:000000000-G35DK:1:1101:21157:21865	extended_3UTR_DCG_Soc1_w_forward_primer	100.000	17	0	0	1	17	10	26	2.25e-06	31.9
M03997:68:000000000-G35DK:1:1101:28738:19851	extended_3UTR_DCG_Soc1_w_forward_primer	100.000	83	0	0	1	83	23	105	8.49e-42	150
M03997:68:000000000-G35DK:1:2104:28000:21025	extended_3UTR_DCG_Soc1_w_forward_primer	100.000	20	0	0	1	20	7	26	1.22e-07	37.4
M03997:68:000000000-G35DK:1:1104:4746:14000	extended_3UTR_DCG_Soc1_w_forward_primer	100.000	58	0	0	1	58	13	70	2.10e-28	105
M03997:68:000000000-G35DK:1:2103:10367:12066	extended_3UTR_DCG_Soc1_w_forward_primer	100.000	18	0	0	1	18	7	24	1.66e-06	33.7
M03997:68:000000000-G35DK:1:1104:21813:9912	extended_3UTR_DCG_Soc1_w_forward_primer	100.000	64	0	0	1	64	58	121	1.30e-31	116
M03997:68:000000000-G35DK:1:2103:10328:24777	extended_3UTR_DCG_Soc1_w_forward_primer	100.000	52	0	0	1	52	13	64	3.33e-25	95.1
M03997:68:000000000-G35DK:1:2103:18060:7342	extended_3UTR_DCG_Soc1_w_forward_primer	98.750	80	1	0	1	80	12	91	3.14e-38	140
M03997:68:000000000-G35DK:1:1103:22138:26811	extended_3UTR_DCG_Soc1_w_forward_primer	100.000	18	0	0	1	18	7	24	8.24e-07	33.7
M03997:68:000000000-G35DK:1:1104:9219:22441	extended_3UTR_DCG_Soc1_w_forward_primer	100.000	87	0	0	1	87	13	99	6.03e-44	158
M03997:68:000000000-G35DK:1:1104:7475:15640	extended_3UTR_DCG_Soc1_w_forward_primer	100.000	90	0	0	1	90	13	102	1.47e-45	163
M03997:68:000000000-G35DK:1:1102:22747:25647	extended_3UTR_DCG_Soc1_w_forward_primer	100.000	19	0	0	1	19	7	25	6.28e-07	35.6
M03997:68:000000000-G35DK:1:2101:18718:6673	extended_3UTR_DCG_Soc1_w_forward_primer	100.000	96	0	0	1	96	26	121	8.75e-49	174
M03997:68:000000000-G35DK:1:2104:19658:3078	extended_3UTR_DCG_Soc1_w_forward_primer	100.000	77	0	0	1	77	29	105	1.41e-38	140
M03997:68:000000000-G35DK:1:2102:7662:13932	extended_3UTR_DCG_Soc1_w_forward_primer	100.000	44	0	0	1	44	13	56	6.16e-21	80.6
M03997:68:000000000-G35DK:1:1103:20421:8226	extended_3UTR_DCG_Soc1_w_forward_primer	100.000	37	0	0	1	37	118	154	3.10e-16	68.0
M03997:68:000000000-G35DK:1:2103:26070:15526	extended_3UTR_DCG_Soc1_w_forward_primer	100.000	98	0	0	1	98	13	110	7.35e-50	178
M03997:68:000000000-G35DK:1:1102:22368:18663	extended_3UTR_DCG_Soc1_w_forward_primer	100.000	49	0	0	1	49	12	60	1.35e-23	89.7
M03997:68:000000000-G35DK:1:2104:24535:13281	extended_3UTR_DCG_Soc1_w_forward_primer	100.000	52	0	0	1	52	13	64	3.33e-25	95.1
M03997:68:000000000-G35DK:1:1101:26935:8385	extended_3UTR_DCG_Soc1_w_forward_primer	100.000	18	0	0	1	18	7	24	4.90e-07	33.7
M03997:68:000000000-G35DK:1:2102:5889:23313	extended_3UTR_DCG_Soc1_w_forward_primer	100.000	36	0	0	1	36	114	149	6.48e-16	66.2
M03997:68:000000000-G35DK:1:1104:4437:17584	extended_3UTR_DCG_Soc1_w_forward_primer	100.000	39	0	0	1	39	58	96	2.75e-18	71.6
M03997:68:000000000-G35DK:1:1102:21072:14467	extended_3UTR_DCG_Soc1_w_forward_primer	95.000	20	1	0	1	20	12	31	4.42e-06	31.9
M03997:68:000000000-G35DK:1:2101:11940:10965	extended_3UTR_DCG_Soc1_w_forward_primer	100.000	64	0	0	1	64	74	137	1.30e-31	116
M03997:68:000000000-G35DK:1:2103:28924:16044	extended_3UTR_DCG_Soc1_w_forward_primer	100.000	18	0	0	31	48	1	18	8.91e-07	33.7
M03997:68:000000000-G35DK:1:1101:18552:28280	extended_3UTR_DCG_Soc1_w_forward_primer	100.000	45	0	0	1	45	97	141	1.81e-21	82.4
M03997:68:000000000-G35DK:1:2103:18083:12907	extended_3UTR_DCG_Soc1_w_forward_primer	100.000	56	0	0	1	56	107	162	1.50e-26	102
M03997:68:000000000-G35DK:1:1103:23847:15464	extended_3UTR_DCG_Soc1_w_forward_primer	100.000	109	0	0	1	109	13	121	8.70e-56	197
M03997:68:000000000-G35DK:1:1101:7151:22532	extended_3UTR_DCG_Soc1_w_forward_primer	98.780	82	1	0	1	82	83	164	1.24e-39	143
M03997:68:000000000-G35DK:1:1103:3450:11570	extended_3UTR_DCG_Soc1_w_forward_primer	100.000	101	0	0	1	101	5	105	1.76e-51	183
M03997:68:000000000-G35DK:1:2104:11536:22990	extended_3UTR_DCG_Soc1_w_forward_primer	100.000	97	0	0	2	98	25	121	2.57e-49	176
M03997:68:000000000-G35DK:1:1101:24389:13542	extended_3UTR_DCG_Soc1_w_forward_primer	98.718	78	1	0	1	78	19	96	1.74e-37	136
M03997:68:000000000-G35DK:1:2104:12215:9626	extended_3UTR_DCG_Soc1_w_forward_primer	100.000	48	0	0	1	48	13	60	4.61e-23	87.8
M03997:68:000000000-G35DK:1:1104:8159:10045	extended_3UTR_DCG_Soc1_w_forward_primer	100.000	102	0	0	1	102	13	114	5.10e-52	185
M03997:68:000000000-G35DK:1:2102:6801:13658	extended_3UTR_DCG_Soc1_w_forward_primer	100.000	20	0	0	1	20	5	24	4.02e-08	37.4
M03997:68:000000000-G35DK:1:2101:20189:26498	extended_3UTR_DCG_Soc1_w_forward_primer	100.000	95	0	0	1	95	26	120	3.02e-48	172
M03997:68:000000000-G35DK:1:1104:24427:7914	extended_3UTR_DCG_Soc1_w_forward_primer	98.214	56	1	0	1	56	29	84	1.04e-25	96.9
M03997:68:000000000-G35DK:1:1103:15121:22798	extended_3UTR_DCG_Soc1_w_forward_primer	100.000	33	0	0	1	33	13	45	4.00e-15	60.8
M03997:68:000000000-G35DK:1:1103:16120:17390	extended_3UTR_DCG_Soc1_w_forward_primer	100.000	18	0	0	1	18	8	25	9.13e-07	33.7
M03997:68:000000000-G35DK:1:1102:28023:15863	extended_3UTR_DCG_Soc1_w_forward_primer	100.000	18	0	0	1	18	7	24	8.91e-07	33.7
M03997:68:000000000-G35DK:1:2104:16332:11600	extended_3UTR_DCG_Soc1_w_forward_primer	100.000	60	0	0	1	60	56	115	1.79e-29	109
M03997:68:000000000-G35DK:1:1101:6854:22504	extended_3UTR_DCG_Soc1_w_forward_primer	100.000	49	0	0	1	49	62	110	1.35e-23	89.7
M03997:68:000000000-G35DK:1:2104:28963:17721	extended_3UTR_DCG_Soc1_w_forward_primer	100.000	26	0	0	108	133	1	26	1.31e-10	48.2
M03997:68:000000000-G35DK:1:2101:12775:14668	extended_3UTR_DCG_Soc1_w_forward_primer	100.000	60	0	0	1	60	23	82	1.79e-29	109
M03997:68:000000000-G35DK:1:2101:8503:20077	extended_3UTR_DCG_Soc1_w_forward_primer	100.000	20	0	0	1	20	5	24	2.00e-07	37.4
M03997:68:000000000-G35DK:1:1102:10820:20600	extended_3UTR_DCG_Soc1_w_forward_primer	98.649	74	1	0	1	74	48	121	2.44e-35	129
M03997:68:000000000-G35DK:1:1104:7514:20544	extended_3UTR_DCG_Soc1_w_forward_primer	100.000	17	0	0	1	17	8	24	2.41e-06	31.9
M03997:68:000000000-G35DK:1:1103:14230:25981	extended_3UTR_DCG_Soc1_w_forward_primer	100.000	18	0	0	1	18	7	24	1.24e-06	33.7
M03997:68:000000000-G35DK:1:2102:12456:19704	extended_3UTR_DCG_Soc1_w_forward_primer	100.000	141	0	0	1	141	13	153	5.12e-73	255
M03997:68:000000000-G35DK:1:1103:4840:16958	extended_3UTR_DCG_Soc1_w_forward_primer	100.000	80	0	0	1	80	54	133	3.47e-40	145
M03997:68:000000000-G35DK:1:1103:5458:13308	extended_3UTR_DCG_Soc1_w_forward_primer	100.000	18	0	0	1	18	7	24	5.34e-07	33.7
M03997:68:000000000-G35DK:1:2101:27866:18339	extended_3UTR_DCG_Soc1_w_forward_primer	100.000	79	0	0	1	79	13	91	1.19e-39	143
M03997:68:000000000-G35DK:1:1104:9310:9648	extended_3UTR_DCG_Soc1_w_forward_primer	100.000	44	0	0	1	44	72	115	6.16e-21	80.6
M03997:68:000000000-G35DK:1:1101:29057:13071	extended_3UTR_DCG_Soc1_w_forward_primer	100.000	105	0	0	1	105	29	133	1.24e-53	190
M03997:68:000000000-G35DK:1:2103:6736:7673	extended_3UTR_DCG_Soc1_w_forward_primer	83.784	37	4	1	1	35	7	43	6.76e-08	37.4
M03997:68:000000000-G35DK:1:2104:17431:25588	extended_3UTR_DCG_Soc1_w_forward_primer	100.000	19	0	0	1	19	8	26	3.37e-07	35.6
M03997:68:000000000-G35DK:1:2103:14624:24620	extended_3UTR_DCG_Soc1_w_forward_primer	100.000	48	0	0	1	48	13	60	4.61e-23	87.8
M03997:68:000000000-G35DK:1:2103:19170:22042	extended_3UTR_DCG_Soc1_w_forward_primer	100.000	44	0	0	1	44	85	128	6.16e-21	80.6
M03997:68:000000000-G35DK:1:2101:22700:7648	extended_3UTR_DCG_Soc1_w_forward_primer	95.000	20	1	0	1	20	8	27	2.18e-06	31.9
M03997:68:000000000-G35DK:1:2103:6263:5649	extended_3UTR_DCG_Soc1_w_forward_primer	100.000	18	0	0	1	18	7	24	1.66e-06	33.7
M03997:68:000000000-G35DK:1:1104:13483:26140	extended_3UTR_DCG_Soc1_w_forward_primer	100.000	108	0	0	1	108	26	133	3.01e-55	196
M03997:68:000000000-G35DK:1:1101:24495:20380	extended_3UTR_DCG_Soc1_w_forward_primer	98.701	77	1	0	1	77	29	105	6.00e-37	134
M03997:68:000000000-G35DK:1:2101:27166:12034	extended_3UTR_DCG_Soc1_w_forward_primer	100.000	17	0	0	1	17	10	26	2.41e-06	31.9
M03997:68:000000000-G35DK:1:1103:8988:4718	extended_3UTR_DCG_Soc1_w_forward_primer	100.000	18	0	0	1	18	8	25	6.40e-06	33.7
M03997:68:000000000-G35DK:1:1101:16317:15984	extended_3UTR_DCG_Soc1_w_forward_primer	100.000	65	0	0	1	65	72	136	3.80e-32	118
M03997:68:000000000-G35DK:1:1102:11815:8632	extended_3UTR_DCG_Soc1_w_forward_primer	100.000	20	0	0	1	20	5	24	7.65e-08	37.4
M03997:68:000000000-G35DK:1:2102:17198:7602	extended_3UTR_DCG_Soc1_w_forward_primer	100.000	98	0	0	1	98	13	110	7.35e-50	178
M03997:68:000000000-G35DK:1:1103:7716:13723	extended_3UTR_DCG_Soc1_w_forward_primer	94.231	52	1	1	1	50	13	64	2.51e-20	78.8
M03997:68:000000000-G35DK:1:2101:21892:21694	extended_3UTR_DCG_Soc1_w_forward_primer	100.000	20	0	0	1	20	5	24	6.03e-08	37.4
M03997:68:000000000-G35DK:1:2101:18933:22474	extended_3UTR_DCG_Soc1_w_forward_primer	100.000	52	0	0	1	52	29	80	3.33e-25	95.1
M03997:68:000000000-G35DK:1:2101:4966:17891	extended_3UTR_DCG_Soc1_w_forward_primer	98.413	63	1	0	1	63	29	91	1.90e-29	109
M03997:68:000000000-G35DK:1:2101:20541:5977	extended_3UTR_DCG_Soc1_w_forward_primer	100.000	71	0	0	1	71	83	153	2.96e-35	129
M03997:68:000000000-G35DK:1:1101:22457:12785	extended_3UTR_DCG_Soc1_w_forward_primer	100.000	48	0	0	1	48	74	121	4.61e-23	87.8
M03997:68:000000000-G35DK:1:1103:29049:14194	extended_3UTR_DCG_Soc1_w_forward_primer	100.000	18	0	0	1	18	7	24	8.91e-07	33.7
M03997:68:000000000-G35DK:1:1102:22578:26387	extended_3UTR_DCG_Soc1_w_forward_primer	100.000	19	0	0	1	19	7	25	9.38e-07	35.6
M03997:68:000000000-G35DK:1:2101:4798:7660	extended_3UTR_DCG_Soc1_w_forward_primer	100.000	19	0	0	1	19	6	24	1.83e-06	35.6
M03997:68:000000000-G35DK:1:2102:20413:2426	extended_3UTR_DCG_Soc1_w_forward_primer	77.083	48	6	1	1	48	7	49	9.84e-08	37.4
M03997:68:000000000-G35DK:1:1104:16473:28398	extended_3UTR_DCG_Soc1_w_forward_primer	100.000	31	0	0	1	31	85	115	4.49e-14	57.2
M03997:68:000000000-G35DK:1:1101:17252:20788	extended_3UTR_DCG_Soc1_w_forward_primer	100.000	51	0	0	1	51	62	112	1.13e-24	93.3
M03997:68:000000000-G35DK:1:1104:8347:24656	extended_3UTR_DCG_Soc1_w_forward_primer	100.000	109	0	0	1	109	7	115	8.70e-56	197
M03997:68:000000000-G35DK:1:1104:10890:17638	extended_3UTR_DCG_Soc1_w_forward_primer	100.000	85	0	0	1	85	37	121	7.16e-43	154
M03997:68:000000000-G35DK:1:2104:13212:22189	extended_3UTR_DCG_Soc1_w_forward_primer	98.824	85	1	0	1	85	52	136	3.04e-41	149
M03997:68:000000000-G35DK:1:2101:13874:14003	extended_3UTR_DCG_Soc1_w_forward_primer	97.059	34	1	0	1	34	13	46	5.07e-14	57.2
M03997:68:000000000-G35DK:1:2104:9817:22161	extended_3UTR_DCG_Soc1_w_forward_primer	79.167	48	5	1	1	48	7	49	2.61e-09	42.8
M03997:68:000000000-G35DK:1:1103:22321:18461	extended_3UTR_DCG_Soc1_w_forward_primer	99.083	109	1	0	1	109	18	126	3.70e-54	192
M03997:68:000000000-G35DK:1:2103:23444:23398	extended_3UTR_DCG_Soc1_w_forward_primer	100.000	21	0	0	1	21	5	25	9.98e-09	39.2
M03997:68:000000000-G35DK:1:2101:8565:8811	extended_3UTR_DCG_Soc1_w_forward_primer	100.000	19	0	0	1	19	7	25	2.86e-07	35.6
M03997:68:000000000-G35DK:1:1103:14650:14608	extended_3UTR_DCG_Soc1_w_forward_primer	100.000	22	0	0	1	22	5	26	2.85e-09	41.0
M03997:68:000000000-G35DK:1:1101:16517:6913	extended_3UTR_DCG_Soc1_w_forward_primer	100.000	41	0	0	1	41	42	82	2.40e-19	75.2
M03997:68:000000000-G35DK:1:2104:22189:22579	extended_3UTR_DCG_Soc1_w_forward_primer	98.496	133	0	1	1	131	13	145	6.28e-65	228
M03997:68:000000000-G35DK:1:2104:17026:20387	extended_3UTR_DCG_Soc1_w_forward_primer	100.000	63	0	0	1	63	50	112	4.46e-31	114
M03997:68:000000000-G35DK:1:2101:17581:14070	extended_3UTR_DCG_Soc1_w_forward_primer	100.000	20	0	0	1	20	5	24	6.21e-08	37.4
M03997:68:000000000-G35DK:1:1102:19808:11053	extended_3UTR_DCG_Soc1_w_forward_primer	100.000	109	0	0	1	109	13	121	8.70e-56	197
M03997:68:000000000-G35DK:1:2101:2452:18794	extended_3UTR_DCG_Soc1_w_forward_primer	100.000	18	0	0	1	18	7	24	1.64e-06	33.7
M03997:68:000000000-G35DK:1:2104:25035:15499	extended_3UTR_DCG_Soc1_w_forward_primer	100.000	33	0	0	1	33	83	115	4.00e-15	60.8
M03997:68:000000000-G35DK:1:2103:24777:9051	extended_3UTR_DCG_Soc1_w_forward_primer	100.000	59	0	0	1	59	12	70	6.13e-29	107
M03997:68:000000000-G35DK:1:1101:23043:9190	extended_3UTR_DCG_Soc1_w_forward_primer	100.000	18	0	0	1	18	7	24	4.52e-06	33.7
M03997:68:000000000-G35DK:1:1102:2686:14489	extended_3UTR_DCG_Soc1_w_forward_primer	100.000	18	0	0	1	18	7	24	2.57e-06	33.7
M03997:68:000000000-G35DK:1:2102:26560:14849	extended_3UTR_DCG_Soc1_w_forward_primer	100.000	99	0	0	1	99	23	121	2.13e-50	179
M03997:68:000000000-G35DK:1:1101:20519:6442	extended_3UTR_DCG_Soc1_w_forward_primer	100.000	18	0	0	1	18	7	24	7.35e-07	33.7
M03997:68:000000000-G35DK:1:2103:21504:26755	extended_3UTR_DCG_Soc1_w_forward_primer	100.000	20	0	0	1	20	5	24	1.38e-07	37.4
M03997:68:000000000-G35DK:1:2101:6821:17557	extended_3UTR_DCG_Soc1_w_forward_primer	100.000	36	0	0	1	36	135	170	1.08e-15	66.2
M03997:68:000000000-G35DK:1:1103:7443:13048	extended_3UTR_DCG_Soc1_w_forward_primer	100.000	28	0	0	1	28	74	101	1.66e-12	51.8
M03997:68:000000000-G35DK:1:1102:22600:6060	extended_3UTR_DCG_Soc1_w_forward_primer	100.000	18	0	0	1	18	7	24	1.38e-06	33.7
M03997:68:000000000-G35DK:1:1101:5866:24379	extended_3UTR_DCG_Soc1_w_forward_primer	95.238	42	2	0	1	42	27	68	3.67e-17	68.0
M03997:68:000000000-G35DK:1:2102:26786:19915	extended_3UTR_DCG_Soc1_w_forward_primer	100.000	80	0	0	1	80	20	99	3.47e-40	145
M03997:68:000000000-G35DK:1:1102:22565:7539	extended_3UTR_DCG_Soc1_w_forward_primer	90.909	22	2	0	1	22	12	33	2.72e-06	31.9
M03997:68:000000000-G35DK:1:1101:17408:12298	extended_3UTR_DCG_Soc1_w_forward_primer	100.000	58	0	0	1	58	58	115	2.10e-28	105
M03997:68:000000000-G35DK:1:2102:14181:20043	extended_3UTR_DCG_Soc1_w_forward_primer	100.000	54	0	0	1	54	54	107	2.86e-26	98.7
M03997:68:000000000-G35DK:1:2102:26714:18279	extended_3UTR_DCG_Soc1_w_forward_primer	98.387	62	1	0	1	62	72	133	6.50e-29	107
M03997:68:000000000-G35DK:1:2102:26151:13843	extended_3UTR_DCG_Soc1_w_forward_primer	100.000	18	0	0	1	18	7	24	4.90e-07	33.7
M03997:68:000000000-G35DK:1:2101:15168:7144	extended_3UTR_DCG_Soc1_w_forward_primer	97.248	109	3	0	1	109	13	121	1.92e-51	183
M03997:68:000000000-G35DK:1:2101:10496:21278	extended_3UTR_DCG_Soc1_w_forward_primer	100.000	39	0	0	1	39	7	45	2.75e-18	71.6
M03997:68:000000000-G35DK:1:1104:13897:26461	extended_3UTR_DCG_Soc1_w_forward_primer	100.000	86	0	0	1	86	74	159	2.08e-43	156
M03997:68:000000000-G35DK:1:1101:17261:5781	extended_3UTR_DCG_Soc1_w_forward_primer	98.113	106	2	0	1	106	52	157	1.90e-51	183
M03997:68:000000000-G35DK:1:2102:26407:9766	extended_3UTR_DCG_Soc1_w_forward_primer	100.000	22	0	0	1	22	5	26	5.40e-09	41.0
M03997:68:000000000-G35DK:1:2101:19335:12914	extended_3UTR_DCG_Soc1_w_forward_primer	100.000	18	0	0	1	18	7	24	1.24e-06	33.7
M03997:68:000000000-G35DK:1:2104:10268:15299	extended_3UTR_DCG_Soc1_w_forward_primer	100.000	34	0	0	1	34	58	91	1.19e-15	62.6
M03997:68:000000000-G35DK:1:2102:4658:19833	extended_3UTR_DCG_Soc1_w_forward_primer	100.000	18	0	0	1	18	7	24	4.23e-07	33.7
M03997:68:000000000-G35DK:1:2104:12973:20681	extended_3UTR_DCG_Soc1_w_forward_primer	100.000	20	0	0	1	20	5	24	1.94e-07	37.4
M03997:68:000000000-G35DK:1:1103:13094:19299	extended_3UTR_DCG_Soc1_w_forward_primer	98.413	63	1	0	1	63	21	83	1.90e-29	109
M03997:68:000000000-G35DK:1:1104:2195:18517	extended_3UTR_DCG_Soc1_w_forward_primer	100.000	56	0	0	1	56	13	68	2.45e-27	102
M03997:68:000000000-G35DK:1:2104:9568:18640	extended_3UTR_DCG_Soc1_w_forward_primer	100.000	69	0	0	1	69	37	105	2.74e-34	125
M03997:68:000000000-G35DK:1:2101:17540:26888	extended_3UTR_DCG_Soc1_w_forward_primer	100.000	18	0	0	1	18	7	24	5.12e-07	33.7
M03997:68:000000000-G35DK:1:2104:15731:5128	extended_3UTR_DCG_Soc1_w_forward_primer	99.083	109	1	0	1	109	13	121	3.70e-54	192
M03997:68:000000000-G35DK:1:1103:11568:24906	extended_3UTR_DCG_Soc1_w_forward_primer	100.000	24	0	0	1	24	83	106	5.16e-10	44.6
M03997:68:000000000-G35DK:1:1101:12485:19120	extended_3UTR_DCG_Soc1_w_forward_primer	100.000	58	0	0	1	58	7	64	2.10e-28	105
M03997:68:000000000-G35DK:1:1103:12584:23904	extended_3UTR_DCG_Soc1_w_forward_primer	100.000	163	0	0	1	163	23	185	6.51e-85	295
M03997:68:000000000-G35DK:1:2103:24248:25865	extended_3UTR_DCG_Soc1_w_forward_primer	100.000	20	0	0	1	20	7	26	5.85e-08	37.4
M03997:68:000000000-G35DK:1:2104:17676:9305	extended_3UTR_DCG_Soc1_w_forward_primer	100.000	86	0	0	1	86	58	143	2.08e-43	156
M03997:68:000000000-G35DK:1:2102:27328:22381	extended_3UTR_DCG_Soc1_w_forward_primer	76.744	43	5	1	1	43	12	49	1.40e-06	33.7
M03997:68:000000000-G35DK:1:1101:5730:10978	extended_3UTR_DCG_Soc1_w_forward_primer	100.000	19	0	0	1	19	7	25	7.67e-07	35.6
M03997:68:000000000-G35DK:1:2101:21779:3408	extended_3UTR_DCG_Soc1_w_forward_primer	100.000	112	0	0	1	112	48	159	2.11e-57	203
M03997:68:000000000-G35DK:1:1103:8496:11642	extended_3UTR_DCG_Soc1_w_forward_primer	100.000	17	0	0	1	17	8	24	2.56e-06	31.9
M03997:68:000000000-G35DK:1:1102:15237:12363	extended_3UTR_DCG_Soc1_w_forward_primer	100.000	17	0	0	1	17	8	24	3.33e-06	31.9
M03997:68:000000000-G35DK:1:2101:24954:19322	extended_3UTR_DCG_Soc1_w_forward_primer	100.000	26	0	0	105	130	1	26	1.28e-10	48.2
M03997:68:000000000-G35DK:1:1104:18675:9689	extended_3UTR_DCG_Soc1_w_forward_primer	100.000	52	0	0	1	52	31	82	3.33e-25	95.1
M03997:68:000000000-G35DK:1:1102:28162:14718	extended_3UTR_DCG_Soc1_w_forward_primer	100.000	55	0	0	1	55	56	110	8.37e-27	100
M03997:68:000000000-G35DK:1:2104:19185:7285	extended_3UTR_DCG_Soc1_w_forward_primer	97.222	36	1	0	1	36	119	154	4.60e-14	60.8
M03997:68:000000000-G35DK:1:2103:11610:19236	extended_3UTR_DCG_Soc1_w_forward_primer	100.000	105	0	0	1	105	29	133	1.24e-53	190
M03997:68:000000000-G35DK:1:2101:26114:7464	extended_3UTR_DCG_Soc1_w_forward_primer	100.000	77	0	0	1	77	23	99	1.41e-38	140
M03997:68:000000000-G35DK:1:2101:15600:18410	extended_3UTR_DCG_Soc1_w_forward_primer	100.000	45	0	0	1	45	58	102	1.81e-21	82.4
M03997:68:000000000-G35DK:1:1103:9337:22292	extended_3UTR_DCG_Soc1_w_forward_primer	100.000	21	0	0	86	106	1	21	5.00e-08	39.2
M03997:68:000000000-G35DK:1:1101:3710:17277	extended_3UTR_DCG_Soc1_w_forward_primer	100.000	71	0	0	1	71	21	91	2.33e-35	129
M03997:68:000000000-G35DK:1:1104:2412:16396	extended_3UTR_DCG_Soc1_w_forward_primer	100.000	123	0	0	1	123	37	159	2.49e-63	223
M03997:68:000000000-G35DK:1:2103:25103:6169	extended_3UTR_DCG_Soc1_w_forward_primer	100.000	88	0	0	1	88	13	100	1.75e-44	159
M03997:68:000000000-G35DK:1:1103:26803:17762	extended_3UTR_DCG_Soc1_w_forward_primer	100.000	18	0	0	1	18	7	24	9.32e-07	33.7
M03997:68:000000000-G35DK:1:1102:27617:20547	extended_3UTR_DCG_Soc1_w_forward_primer	100.000	19	0	0	1	19	7	25	1.91e-07	35.6
M03997:68:000000000-G35DK:1:1104:13627:8436	extended_3UTR_DCG_Soc1_w_forward_primer	100.000	18	0	0	1	18	7	24	1.66e-06	33.7
M03997:68:000000000-G35DK:1:1104:8794:10832	extended_3UTR_DCG_Soc1_w_forward_primer	100.000	34	0	0	1	34	12	45	1.19e-15	62.6
M03997:68:000000000-G35DK:1:2101:11316:14790	extended_3UTR_DCG_Soc1_w_forward_primer	100.000	20	0	0	1	20	5	24	4.39e-08	37.4
M03997:68:000000000-G35DK:1:1104:8155:14835	extended_3UTR_DCG_Soc1_w_forward_primer	100.000	93	0	0	1	93	13	105	3.59e-47	168
M03997:68:000000000-G35DK:1:1103:20324:6442	extended_3UTR_DCG_Soc1_w_forward_primer	100.000	17	0	0	1	17	8	24	1.63e-06	31.9
M03997:68:000000000-G35DK:1:2101:17520:7284	extended_3UTR_DCG_Soc1_w_forward_primer	76.190	42	5	1	1	42	13	49	4.65e-06	31.9
M03997:68:000000000-G35DK:1:2104:14783:24759	extended_3UTR_DCG_Soc1_w_forward_primer	100.000	76	0	0	1	76	58	133	4.85e-38	138
M03997:68:000000000-G35DK:1:2101:21498:23287	extended_3UTR_DCG_Soc1_w_forward_primer	100.000	63	0	0	1	63	48	110	4.46e-31	114
M03997:68:000000000-G35DK:1:1103:26022:12245	extended_3UTR_DCG_Soc1_w_forward_primer	76.190	42	5	1	1	42	13	49	3.33e-06	31.9
M03997:68:000000000-G35DK:1:1102:16386:17078	extended_3UTR_DCG_Soc1_w_forward_primer	100.000	19	0	0	1	19	7	25	2.73e-07	35.6
M03997:68:000000000-G35DK:1:2102:27950:11266	extended_3UTR_DCG_Soc1_w_forward_primer	100.000	19	0	0	1	19	7	25	3.56e-07	35.6
M03997:68:000000000-G35DK:1:2102:21177:2485	extended_3UTR_DCG_Soc1_w_forward_primer	100.000	18	0	0	1	18	7	24	1.15e-06	33.7
M03997:68:000000000-G35DK:1:2101:20254:15026	extended_3UTR_DCG_Soc1_w_forward_primer	100.000	84	0	0	1	84	48	131	2.47e-42	152
M03997:68:000000000-G35DK:1:1101:25452:8867	extended_3UTR_DCG_Soc1_w_forward_primer	98.438	64	1	0	1	64	58	121	5.54e-30	111
M03997:68:000000000-G35DK:1:1102:4810:10995	extended_3UTR_DCG_Soc1_w_forward_primer	98.485	66	1	0	1	66	56	121	4.71e-31	114
M03997:68:000000000-G35DK:1:1101:21799:21086	extended_3UTR_DCG_Soc1_w_forward_primer	100.000	20	0	0	1	20	7	26	3.30e-08	37.4
M03997:68:000000000-G35DK:1:1103:5196:7343	extended_3UTR_DCG_Soc1_w_forward_primer	100.000	20	0	0	1	20	7	26	5.85e-08	37.4
M03997:68:000000000-G35DK:1:1104:24644:24026	extended_3UTR_DCG_Soc1_w_forward_primer	100.000	71	0	0	1	71	83	153	2.55e-35	129
M03997:68:000000000-G35DK:1:1103:14379:24724	extended_3UTR_DCG_Soc1_w_forward_primer	100.000	18	0	0	1	18	7	24	6.40e-06	33.7
M03997:68:000000000-G35DK:1:1104:20017:4900	extended_3UTR_DCG_Soc1_w_forward_primer	97.183	71	2	0	1	71	31	101	1.21e-32	120
M03997:68:000000000-G35DK:1:2104:29533:13160	extended_3UTR_DCG_Soc1_w_forward_primer	100.000	26	0	0	71	96	1	26	9.17e-11	48.2
M03997:68:000000000-G35DK:1:2102:13663:21100	extended_3UTR_DCG_Soc1_w_forward_primer	97.368	38	1	0	1	38	23	60	3.94e-16	64.4
M03997:68:000000000-G35DK:1:1101:8118:21636	extended_3UTR_DCG_Soc1_w_forward_primer	100.000	20	0	0	1	20	5	24	9.66e-08	37.4
M03997:68:000000000-G35DK:1:2102:7798:11339	extended_3UTR_DCG_Soc1_w_forward_primer	100.000	63	0	0	1	63	13	75	4.46e-31	114
M03997:68:000000000-G35DK:1:2102:11503:11270	extended_3UTR_DCG_Soc1_w_forward_primer	100.000	20	0	0	1	20	7	26	6.40e-08	37.4
M03997:68:000000000-G35DK:1:1104:17358:18372	extended_3UTR_DCG_Soc1_w_forward_primer	98.592	71	1	0	1	71	29	99	9.89e-34	123
M03997:68:000000000-G35DK:1:1101:21534:4803	extended_3UTR_DCG_Soc1_w_forward_primer	100.000	84	0	0	1	84	13	96	2.47e-42	152
M03997:68:000000000-G35DK:1:1103:4145:22329	extended_3UTR_DCG_Soc1_w_forward_primer	100.000	17	0	0	1	17	8	24	8.03e-06	31.9
M03997:68:000000000-G35DK:1:2104:21170:14935	extended_3UTR_DCG_Soc1_w_forward_primer	100.000	101	0	0	1	101	10	110	1.76e-51	183
M03997:68:000000000-G35DK:1:1104:19084:14430	extended_3UTR_DCG_Soc1_w_forward_primer	96.429	28	1	0	46	73	1	28	2.36e-10	46.4
M03997:68:000000000-G35DK:1:1101:15600:13218	extended_3UTR_DCG_Soc1_w_forward_primer	100.000	63	0	0	1	63	107	169	4.46e-31	114
M03997:68:000000000-G35DK:1:2103:11705:19532	extended_3UTR_DCG_Soc1_w_forward_primer	100.000	18	0	0	1	18	7	24	4.52e-06	33.7
M03997:68:000000000-G35DK:1:2102:25703:6848	extended_3UTR_DCG_Soc1_w_forward_primer	97.647	85	0	1	1	83	37	121	4.40e-39	141
M03997:68:000000000-G35DK:1:2104:18209:15227	extended_3UTR_DCG_Soc1_w_forward_primer	97.059	34	1	0	1	34	75	108	5.07e-14	57.2
M03997:68:000000000-G35DK:1:1102:18536:11656	extended_3UTR_DCG_Soc1_w_forward_primer	100.000	54	0	0	1	54	83	136	2.86e-26	98.7
M03997:68:000000000-G35DK:1:1104:14578:15564	extended_3UTR_DCG_Soc1_w_forward_primer	100.000	52	0	0	1	52	13	64	3.33e-25	95.1
M03997:68:000000000-G35DK:1:1104:18069:22032	extended_3UTR_DCG_Soc1_w_forward_primer	99.074	108	1	0	1	108	31	138	1.28e-53	190
M03997:68:000000000-G35DK:1:2104:18369:26230	extended_3UTR_DCG_Soc1_w_forward_primer	100.000	18	0	0	1	18	7	24	6.40e-06	33.7
M03997:68:000000000-G35DK:1:1101:24148:24785	extended_3UTR_DCG_Soc1_w_forward_primer	100.000	52	0	0	1	52	13	64	3.33e-25	95.1
M03997:68:000000000-G35DK:1:2101:19783:5389	extended_3UTR_DCG_Soc1_w_forward_primer	100.000	18	0	0	1	18	7	24	4.90e-07	33.7
M03997:68:000000000-G35DK:1:1104:15795:20317	extended_3UTR_DCG_Soc1_w_forward_primer	100.000	94	0	0	1	94	19	112	1.04e-47	170
M03997:68:000000000-G35DK:1:1102:16642:7846	extended_3UTR_DCG_Soc1_w_forward_primer	97.895	95	0	1	1	93	13	107	1.86e-44	159
M03997:68:000000000-G35DK:1:2101:25979:6314	extended_3UTR_DCG_Soc1_w_forward_primer	100.000	46	0	0	1	46	67	112	5.34e-22	84.2
M03997:68:000000000-G35DK:1:1103:20056:14880	extended_3UTR_DCG_Soc1_w_forward_primer	98.305	59	1	0	1	59	62	120	1.50e-26	102
M03997:68:000000000-G35DK:1:2101:19501:9933	extended_3UTR_DCG_Soc1_w_forward_primer	100.000	21	0	0	40	60	6	26	5.78e-08	39.2
M03997:68:000000000-G35DK:1:1104:18381:12986	extended_3UTR_DCG_Soc1_w_forward_primer	100.000	115	0	0	1	115	7	121	5.10e-59	208
M03997:68:000000000-G35DK:1:2104:8871:23841	extended_3UTR_DCG_Soc1_w_forward_primer	100.000	77	0	0	1	77	31	107	1.41e-38	140
M03997:68:000000000-G35DK:1:1103:11422:7313	extended_3UTR_DCG_Soc1_w_forward_primer	100.000	72	0	0	1	72	62	133	6.77e-36	131
M03997:68:000000000-G35DK:1:2101:4775:13094	extended_3UTR_DCG_Soc1_w_forward_primer	100.000	103	0	0	1	103	13	115	1.48e-52	187
M03997:68:000000000-G35DK:1:1103:6091:15240	extended_3UTR_DCG_Soc1_w_forward_primer	100.000	20	0	0	1	20	7	26	5.25e-07	37.4
M03997:68:000000000-G35DK:1:1102:23855:14458	extended_3UTR_DCG_Soc1_w_forward_primer	76.190	42	5	1	1	42	13	49	5.04e-06	31.9
M03997:68:000000000-G35DK:1:2104:19549:16243	extended_3UTR_DCG_Soc1_w_forward_primer	97.619	84	2	0	1	84	23	106	1.28e-39	143
M03997:68:000000000-G35DK:1:2104:13850:7303	extended_3UTR_DCG_Soc1_w_forward_primer	98.571	70	1	0	1	70	46	115	3.40e-33	122
M03997:68:000000000-G35DK:1:2104:14097:6348	extended_3UTR_DCG_Soc1_w_forward_primer	99.020	102	1	0	1	102	58	159	2.17e-50	179
M03997:68:000000000-G35DK:1:2103:13965:11867	extended_3UTR_DCG_Soc1_w_forward_primer	100.000	21	0	0	44	64	1	21	2.87e-08	39.2
M03997:68:000000000-G35DK:1:2104:4904:22209	extended_3UTR_DCG_Soc1_w_forward_primer	100.000	18	0	0	1	18	7	24	6.40e-06	33.7
M03997:68:000000000-G35DK:1:1103:14732:16215	extended_3UTR_DCG_Soc1_w_forward_primer	97.468	79	0	1	1	77	13	91	7.31e-36	131
M03997:68:000000000-G35DK:1:2101:21400:19447	extended_3UTR_DCG_Soc1_w_forward_primer	100.000	77	0	0	1	77	15	91	1.41e-38	140
M03997:68:000000000-G35DK:1:2102:28904:16017	extended_3UTR_DCG_Soc1_w_forward_primer	98.039	51	1	0	1	51	104	154	3.31e-22	87.8
M03997:68:000000000-G35DK:1:2102:28659:16507	extended_3UTR_DCG_Soc1_w_forward_primer	100.000	21	0	0	85	105	1	21	4.94e-08	39.2
M03997:68:000000000-G35DK:1:2102:26842:13570	extended_3UTR_DCG_Soc1_w_forward_primer	100.000	18	0	0	1	18	7	24	1.51e-06	33.7
M03997:68:000000000-G35DK:1:1103:8893:5363	extended_3UTR_DCG_Soc1_w_forward_primer	100.000	67	0	0	1	67	56	122	3.23e-33	122
M03997:68:000000000-G35DK:1:2102:11341:2221	extended_3UTR_DCG_Soc1_w_forward_primer	100.000	19	0	0	1	19	8	26	1.83e-06	35.6
M03997:68:000000000-G35DK:1:1104:21083:24706	extended_3UTR_DCG_Soc1_w_forward_primer	98.592	71	1	0	1	71	10	80	9.89e-34	123
M03997:68:000000000-G35DK:1:1104:29502:13035	extended_3UTR_DCG_Soc1_w_forward_primer	100.000	41	0	0	1	41	10	50	2.40e-19	75.2
M03997:68:000000000-G35DK:1:1102:14777:28574	extended_3UTR_DCG_Soc1_w_forward_primer	100.000	18	0	0	1	18	7	24	7.13e-07	33.7
M03997:68:000000000-G35DK:1:2101:12356:9736	extended_3UTR_DCG_Soc1_w_forward_primer	100.000	82	0	0	1	82	26	107	2.92e-41	149
M03997:68:000000000-G35DK:1:1101:7818:15887	extended_3UTR_DCG_Soc1_w_forward_primer	98.630	73	1	0	1	73	37	109	8.38e-35	127
M03997:68:000000000-G35DK:1:1101:15664:25998	extended_3UTR_DCG_Soc1_w_forward_primer	100.000	18	0	0	1	18	7	24	4.90e-07	33.7
M03997:68:000000000-G35DK:1:2103:7548:22847	extended_3UTR_DCG_Soc1_w_forward_primer	100.000	17	0	0	1	17	10	26	5.81e-06	31.9
M03997:68:000000000-G35DK:1:2103:25856:10087	extended_3UTR_DCG_Soc1_w_forward_primer	100.000	18	0	0	1	18	7	24	2.50e-06	33.7
M03997:68:000000000-G35DK:1:1103:4042:9910	extended_3UTR_DCG_Soc1_w_forward_primer	100.000	69	0	0	1	69	23	91	2.74e-34	125
M03997:68:000000000-G35DK:1:1102:10808:22346	extended_3UTR_DCG_Soc1_w_forward_primer	100.000	62	0	0	1	62	21	82	1.53e-30	113
M03997:68:000000000-G35DK:1:1101:19263:21402	extended_3UTR_DCG_Soc1_w_forward_primer	100.000	46	0	0	1	46	29	74	5.34e-22	84.2
M03997:68:000000000-G35DK:1:1101:18291:18635	extended_3UTR_DCG_Soc1_w_forward_primer	100.000	42	0	0	1	42	29	70	7.08e-20	77.0
M03997:68:000000000-G35DK:1:1102:23747:21551	extended_3UTR_DCG_Soc1_w_forward_primer	100.000	78	0	0	1	78	66	143	4.10e-39	141
M03997:68:000000000-G35DK:1:2101:10221:12600	extended_3UTR_DCG_Soc1_w_forward_primer	100.000	18	0	0	1	18	7	24	1.15e-06	33.7
M03997:68:000000000-G35DK:1:2102:12502:6301	extended_3UTR_DCG_Soc1_w_forward_primer	100.000	21	0	0	167	187	1	21	9.21e-08	39.2
M03997:68:000000000-G35DK:1:2101:13635:20618	extended_3UTR_DCG_Soc1_w_forward_primer	100.000	41	0	0	1	41	60	100	2.40e-19	75.2
M03997:68:000000000-G35DK:1:2101:11957:9666	extended_3UTR_DCG_Soc1_w_forward_primer	100.000	19	0	0	1	19	8	26	2.86e-07	35.6
M03997:68:000000000-G35DK:1:2102:17155:14296	extended_3UTR_DCG_Soc1_w_forward_primer	97.849	93	2	0	1	93	13	105	1.86e-44	159
M03997:68:000000000-G35DK:1:1102:19906:26919	extended_3UTR_DCG_Soc1_w_forward_primer	100.000	52	0	0	1	52	31	82	3.33e-25	95.1
M03997:68:000000000-G35DK:1:1103:13398:6883	extended_3UTR_DCG_Soc1_w_forward_primer	100.000	17	0	0	1	17	8	24	2.56e-06	31.9
M03997:68:000000000-G35DK:1:2103:14398:25218	extended_3UTR_DCG_Soc1_w_forward_primer	100.000	63	0	0	1	63	29	91	4.46e-31	114
M03997:68:000000000-G35DK:1:2104:17573:8276	extended_3UTR_DCG_Soc1_w_forward_primer	100.000	66	0	0	1	66	26	91	1.11e-32	120
M03997:68:000000000-G35DK:1:1104:15021:19923	extended_3UTR_DCG_Soc1_w_forward_primer	100.000	58	0	0	1	58	7	64	2.10e-28	105
M03997:68:000000000-G35DK:1:1104:21014:17572	extended_3UTR_DCG_Soc1_w_forward_primer	99.160	119	1	0	1	119	13	131	1.52e-59	210
M03997:68:000000000-G35DK:1:2102:23159:7022	extended_3UTR_DCG_Soc1_w_forward_primer	100.000	20	0	0	1	20	7	26	3.30e-08	37.4
M03997:68:000000000-G35DK:1:1102:12052:19055	extended_3UTR_DCG_Soc1_w_forward_primer	100.000	18	0	0	1	18	7	24	4.45e-07	33.7
M03997:68:000000000-G35DK:1:2103:11907:9102	extended_3UTR_DCG_Soc1_w_forward_primer	100.000	58	0	0	1	58	58	115	2.10e-28	105
M03997:68:000000000-G35DK:1:1102:12364:18662	extended_3UTR_DCG_Soc1_w_forward_primer	98.413	63	1	0	1	63	29	91	1.90e-29	109
M03997:68:000000000-G35DK:1:1102:10119:15626	extended_3UTR_DCG_Soc1_w_forward_primer	100.000	52	0	0	1	52	13	64	3.48e-25	95.1
M03997:68:000000000-G35DK:1:1102:18032:9145	extended_3UTR_DCG_Soc1_w_forward_primer	100.000	72	0	0	1	72	88	159	6.77e-36	131
M03997:68:000000000-G35DK:1:2104:18756:16264	extended_3UTR_DCG_Soc1_w_forward_primer	100.000	131	0	0	1	131	13	143	1.21e-67	237
M03997:68:000000000-G35DK:1:2103:29352:16677	extended_3UTR_DCG_Soc1_w_forward_primer	100.000	42	0	0	1	42	13	54	7.08e-20	77.0
M03997:68:000000000-G35DK:1:1103:10967:17495	extended_3UTR_DCG_Soc1_w_forward_primer	98.980	98	1	0	1	98	58	155	3.82e-48	172
M03997:68:000000000-G35DK:1:1102:8291:10253	extended_3UTR_DCG_Soc1_w_forward_primer	100.000	18	0	0	1	18	7	24	7.13e-07	33.7
M03997:68:000000000-G35DK:1:2104:7236:10399	extended_3UTR_DCG_Soc1_w_forward_primer	100.000	20	0	0	1	20	5	24	1.15e-07	37.4
M03997:68:000000000-G35DK:1:2102:13204:13031	extended_3UTR_DCG_Soc1_w_forward_primer	100.000	21	0	0	59	79	1	21	3.65e-08	39.2
M03997:68:000000000-G35DK:1:1104:19649:2435	extended_3UTR_DCG_Soc1_w_forward_primer	100.000	32	0	0	1	32	13	44	1.40e-14	59.0
M03997:68:000000000-G35DK:1:1104:24697:8585	extended_3UTR_DCG_Soc1_w_forward_primer	100.000	61	0	0	1	61	50	110	5.24e-30	111
M03997:68:000000000-G35DK:1:1104:11860:26093	extended_3UTR_DCG_Soc1_w_forward_primer	100.000	61	0	0	1	61	93	153	5.24e-30	111
M03997:68:000000000-G35DK:1:2103:20174:22414	extended_3UTR_DCG_Soc1_w_forward_primer	100.000	100	0	0	1	100	13	112	6.17e-51	181
M03997:68:000000000-G35DK:1:2102:19034:10513	extended_3UTR_DCG_Soc1_w_forward_primer	100.000	93	0	0	1	93	13	105	3.59e-47	168
M03997:68:000000000-G35DK:1:2101:22222:21209	extended_3UTR_DCG_Soc1_w_forward_primer	100.000	93	0	0	1	93	29	121	3.59e-47	168
M03997:68:000000000-G35DK:1:1102:16709:8001	extended_3UTR_DCG_Soc1_w_forward_primer	100.000	18	0	0	1	18	7	24	2.97e-06	33.7
M03997:68:000000000-G35DK:1:1103:11700:20239	extended_3UTR_DCG_Soc1_w_forward_primer	100.000	18	0	0	1	18	7	24	6.40e-06	33.7
M03997:68:000000000-G35DK:1:2101:22676:23996	extended_3UTR_DCG_Soc1_w_forward_primer	100.000	98	0	0	1	98	13	110	7.35e-50	178
M03997:68:000000000-G35DK:1:2101:19584:7414	extended_3UTR_DCG_Soc1_w_forward_primer	100.000	17	0	0	1	17	8	24	8.65e-06	31.9
M03997:68:000000000-G35DK:1:1103:2621:12780	extended_3UTR_DCG_Soc1_w_forward_primer	100.000	60	0	0	1	60	56	115	1.79e-29	109
M03997:68:000000000-G35DK:1:1103:6892:19407	extended_3UTR_DCG_Soc1_w_forward_primer	76.190	42	5	1	1	42	13	49	9.73e-06	31.9
M03997:68:000000000-G35DK:1:2103:19707:19433	extended_3UTR_DCG_Soc1_w_forward_primer	100.000	21	0	0	56	76	1	21	3.50e-08	39.2
M03997:68:000000000-G35DK:1:1103:20634:14579	extended_3UTR_DCG_Soc1_w_forward_primer	100.000	18	0	0	1	18	7	24	7.13e-07	33.7
M03997:68:000000000-G35DK:1:2102:25307:15406	extended_3UTR_DCG_Soc1_w_forward_primer	97.436	39	1	0	1	39	97	135	1.21e-16	66.2
M03997:68:000000000-G35DK:1:2104:12451:3851	extended_3UTR_DCG_Soc1_w_forward_primer	100.000	20	0	0	1	20	7	26	3.30e-08	37.4
M03997:68:000000000-G35DK:1:2101:16864:27828	extended_3UTR_DCG_Soc1_w_forward_primer	100.000	18	0	0	1	18	7	24	9.55e-07	33.7
M03997:68:000000000-G35DK:1:2101:23227:6910	extended_3UTR_DCG_Soc1_w_forward_primer	100.000	48	0	0	1	48	107	154	5.05e-23	87.8
M03997:68:000000000-G35DK:1:1102:14957:27167	extended_3UTR_DCG_Soc1_w_forward_primer	100.000	20	0	0	1	20	7	26	3.30e-08	37.4
M03997:68:000000000-G35DK:1:1102:13506:22867	extended_3UTR_DCG_Soc1_w_forward_primer	100.000	93	0	0	1	93	13	105	3.59e-47	168
M03997:68:000000000-G35DK:1:2101:13074:19684	extended_3UTR_DCG_Soc1_w_forward_primer	98.438	64	1	0	1	64	52	115	5.54e-30	111
M03997:68:000000000-G35DK:1:1102:26718:9321	extended_3UTR_DCG_Soc1_w_forward_primer	100.000	78	0	0	1	78	72	149	1.71e-38	141
M03997:68:000000000-G35DK:1:2103:24696:20145	extended_3UTR_DCG_Soc1_w_forward_primer	100.000	25	0	0	26	50	1	25	2.18e-10	46.4
M03997:68:000000000-G35DK:1:2104:12825:13360	extended_3UTR_DCG_Soc1_w_forward_primer	100.000	58	0	0	1	58	7	64	2.10e-28	105
M03997:68:000000000-G35DK:1:1103:5818:22364	extended_3UTR_DCG_Soc1_w_forward_primer	100.000	18	0	0	1	18	7	24	7.79e-07	33.7
M03997:68:000000000-G35DK:1:2103:19298:15095	extended_3UTR_DCG_Soc1_w_forward_primer	100.000	20	0	0	1	20	7	26	7.31e-08	37.4
M03997:68:000000000-G35DK:1:1104:26356:18769	extended_3UTR_DCG_Soc1_w_forward_primer	100.000	21	0	0	64	84	1	21	3.92e-08	39.2
M03997:68:000000000-G35DK:1:1104:8748:8731	extended_3UTR_DCG_Soc1_w_forward_primer	100.000	18	0	0	1	18	7	24	2.46e-06	33.7
M03997:68:000000000-G35DK:1:2101:9881:16398	extended_3UTR_DCG_Soc1_w_forward_primer	99.048	105	1	0	1	105	29	133	5.27e-52	185
M03997:68:000000000-G35DK:1:1102:15541:28114	extended_3UTR_DCG_Soc1_w_forward_primer	100.000	20	0	0	1	20	5	24	3.84e-08	37.4
M03997:68:000000000-G35DK:1:2101:21752:14685	extended_3UTR_DCG_Soc1_w_forward_primer	100.000	56	0	0	1	56	13	68	2.45e-27	102
M03997:68:000000000-G35DK:1:1102:13458:16421	extended_3UTR_DCG_Soc1_w_forward_primer	98.925	93	1	0	1	93	13	105	1.53e-45	163
M03997:68:000000000-G35DK:1:1101:26375:7903	extended_3UTR_DCG_Soc1_w_forward_primer	100.000	19	0	0	1	19	7	25	2.11e-07	35.6
M03997:68:000000000-G35DK:1:2104:6711:15786	extended_3UTR_DCG_Soc1_w_forward_primer	100.000	52	0	0	1	52	54	105	3.33e-25	95.1
M03997:68:000000000-G35DK:1:1101:20672:10411	extended_3UTR_DCG_Soc1_w_forward_primer	100.000	18	0	0	1	18	7	24	2.61e-06	33.7
M03997:68:000000000-G35DK:1:1102:5895:14067	extended_3UTR_DCG_Soc1_w_forward_primer	100.000	103	0	0	1	103	29	131	1.48e-52	187
M03997:68:000000000-G35DK:1:1102:14677:22464	extended_3UTR_DCG_Soc1_w_forward_primer	100.000	103	0	0	1	103	13	115	1.48e-52	187
M03997:68:000000000-G35DK:1:2103:16876:21273	extended_3UTR_DCG_Soc1_w_forward_primer	98.462	65	1	0	1	65	83	147	1.62e-30	113
M03997:68:000000000-G35DK:1:1101:11003:16134	extended_3UTR_DCG_Soc1_w_forward_primer	100.000	54	0	0	1	54	13	66	2.86e-26	98.7
M03997:68:000000000-G35DK:1:1103:28574:16349	extended_3UTR_DCG_Soc1_w_forward_primer	76.190	42	5	1	1	42	13	49	3.49e-06	31.9
M03997:68:000000000-G35DK:1:2101:19205:14895	extended_3UTR_DCG_Soc1_w_forward_primer	76.190	42	5	1	1	42	13	49	4.11e-06	31.9
M03997:68:000000000-G35DK:1:2103:21503:20336	extended_3UTR_DCG_Soc1_w_forward_primer	100.000	58	0	0	1	58	13	70	2.10e-28	105
M03997:68:000000000-G35DK:1:1102:15737:18874	extended_3UTR_DCG_Soc1_w_forward_primer	99.000	100	1	0	1	100	13	112	2.62e-49	176
M03997:68:000000000-G35DK:1:1104:19145:8189	extended_3UTR_DCG_Soc1_w_forward_primer	100.000	18	0	0	1	18	7	24	1.42e-06	33.7
M03997:68:000000000-G35DK:1:2104:28770:15342	extended_3UTR_DCG_Soc1_w_forward_primer	100.000	34	0	0	1	34	58	91	1.19e-15	62.6
M03997:68:000000000-G35DK:1:1101:20162:28269	extended_3UTR_DCG_Soc1_w_forward_primer	100.000	17	0	0	1	17	8	24	1.48e-06	31.9
M03997:68:000000000-G35DK:1:2102:12149:15770	extended_3UTR_DCG_Soc1_w_forward_primer	98.000	100	2	0	1	100	13	112	3.20e-48	172
