M03997:68:000000000-G35DK:1:1102:26045:21143	extended_3UTR_DCG_Soc1_w_forward_primer	100.000	87	0	0	1	87	26	112	6.03e-44	158
M03997:68:000000000-G35DK:1:1104:11598:17764	extended_3UTR_DCG_Soc1_w_forward_primer	100.000	20	0	0	1	20	5	24	9.47e-08	37.4
M03997:68:000000000-G35DK:1:2102:20574:23823	extended_3UTR_DCG_Soc1_w_forward_primer	100.000	17	0	0	1	17	10	26	3.49e-06	31.9
M03997:68:000000000-G35DK:1:2102:11097:23205	extended_3UTR_DCG_Soc1_w_forward_primer	100.000	17	0	0	1	17	10	26	4.73e-06	31.9
M03997:68:000000000-G35DK:1:2101:12545:7511	extended_3UTR_DCG_Soc1_w_forward_primer	97.701	87	2	0	1	87	5	91	3.12e-41	149
M03997:68:000000000-G35DK:1:1102:8474:27309	extended_3UTR_DCG_Soc1_w_forward_primer	100.000	20	0	0	118	137	2	21	2.31e-07	37.4
M03997:68:000000000-G35DK:1:2102:6338:15579	extended_3UTR_DCG_Soc1_w_forward_primer	97.917	48	1	0	1	48	74	121	1.96e-21	82.4
M03997:68:000000000-G35DK:1:1101:23441:16244	extended_3UTR_DCG_Soc1_w_forward_primer	100.000	79	0	0	1	79	13	91	1.19e-39	143
M03997:68:000000000-G35DK:1:1104:18442:14523	extended_3UTR_DCG_Soc1_w_forward_primer	100.000	50	0	0	1	50	56	105	3.97e-24	91.5
M03997:68:000000000-G35DK:1:1104:9620:7785	extended_3UTR_DCG_Soc1_w_forward_primer	100.000	21	0	0	1	21	5	25	2.04e-08	39.2
M03997:68:000000000-G35DK:1:2102:12760:14417	extended_3UTR_DCG_Soc1_w_forward_primer	100.000	100	0	0	1	100	37	136	6.17e-51	181
M03997:68:000000000-G35DK:1:1103:26266:9142	extended_3UTR_DCG_Soc1_w_forward_primer	100.000	93	0	0	1	93	13	105	3.59e-47	168
M03997:68:000000000-G35DK:1:1101:21653:9718	extended_3UTR_DCG_Soc1_w_forward_primer	100.000	17	0	0	1	17	8	24	2.10e-06	31.9
M03997:68:000000000-G35DK:1:1101:9584:16266	extended_3UTR_DCG_Soc1_w_forward_primer	100.000	109	0	0	1	109	13	121	8.70e-56	197
M03997:68:000000000-G35DK:1:1102:11446:6177	extended_3UTR_DCG_Soc1_w_forward_primer	100.000	20	0	0	1	20	5	24	1.02e-07	37.4
M03997:68:000000000-G35DK:1:1104:27627:14438	extended_3UTR_DCG_Soc1_w_forward_primer	100.000	18	0	0	1	18	7	24	5.57e-07	33.7
M03997:68:000000000-G35DK:1:2104:15292:16451	extended_3UTR_DCG_Soc1_w_forward_primer	96.491	57	2	0	1	57	24	80	3.72e-25	95.1
M03997:68:000000000-G35DK:1:2102:19782:22417	extended_3UTR_DCG_Soc1_w_forward_primer	100.000	18	0	0	1	18	8	25	4.68e-07	33.7
M03997:68:000000000-G35DK:1:1104:18579:6061	extended_3UTR_DCG_Soc1_w_forward_primer	100.000	18	0	0	1	18	7	24	1.31e-06	33.7
M03997:68:000000000-G35DK:1:2103:17100:16218	extended_3UTR_DCG_Soc1_w_forward_primer	100.000	18	0	0	1	18	7	24	9.13e-07	33.7
M03997:68:000000000-G35DK:1:1104:15240:16718	extended_3UTR_DCG_Soc1_w_forward_primer	76.190	42	5	1	1	42	13	49	6.59e-06	31.9
M03997:68:000000000-G35DK:1:2103:3835:9034	extended_3UTR_DCG_Soc1_w_forward_primer	100.000	67	0	0	1	67	54	120	3.95e-33	122
M03997:68:000000000-G35DK:1:2104:16681:14671	extended_3UTR_DCG_Soc1_w_forward_primer	100.000	18	0	0	1	18	7	24	1.82e-06	33.7
M03997:68:000000000-G35DK:1:2102:8055:24068	extended_3UTR_DCG_Soc1_w_forward_primer	100.000	42	0	0	1	42	97	138	7.08e-20	77.0
M03997:68:000000000-G35DK:1:1102:24416:12399	extended_3UTR_DCG_Soc1_w_forward_primer	100.000	24	0	0	14	37	1	24	5.16e-10	44.6
M03997:68:000000000-G35DK:1:2104:20285:4094	extended_3UTR_DCG_Soc1_w_forward_primer	100.000	85	0	0	1	85	56	140	7.16e-43	154
M03997:68:000000000-G35DK:1:2102:11508:23642	extended_3UTR_DCG_Soc1_w_forward_primer	98.230	113	0	1	1	111	21	133	3.77e-54	192
M03997:68:000000000-G35DK:1:1103:23291:11963	extended_3UTR_DCG_Soc1_w_forward_primer	100.000	17	0	0	1	17	8	24	8.26e-06	31.9
M03997:68:000000000-G35DK:1:1103:14508:7493	extended_3UTR_DCG_Soc1_w_forward_primer	100.000	18	0	0	1	18	7	24	4.90e-07	33.7
M03997:68:000000000-G35DK:1:1102:24358:13920	extended_3UTR_DCG_Soc1_w_forward_primer	100.000	28	0	0	1	28	5	32	1.66e-12	51.8
M03997:68:000000000-G35DK:1:2104:14085:16307	extended_3UTR_DCG_Soc1_w_forward_primer	76.190	42	5	1	1	42	13	49	3.03e-06	31.9
M03997:68:000000000-G35DK:1:1103:16772:8123	extended_3UTR_DCG_Soc1_w_forward_primer	100.000	73	0	0	1	73	29	101	1.97e-36	132
M03997:68:000000000-G35DK:1:2102:11933:13084	extended_3UTR_DCG_Soc1_w_forward_primer	100.000	19	0	0	1	19	6	24	4.01e-07	35.6
M03997:68:000000000-G35DK:1:1101:24283:5928	extended_3UTR_DCG_Soc1_w_forward_primer	100.000	18	0	0	1	18	7	24	6.23e-07	33.7
M03997:68:000000000-G35DK:1:1101:11434:12600	extended_3UTR_DCG_Soc1_w_forward_primer	100.000	16	0	0	1	16	10	25	8.41e-06	30.1
M03997:68:000000000-G35DK:1:1102:22169:26823	extended_3UTR_DCG_Soc1_w_forward_primer	100.000	19	0	0	1	19	7	25	2.73e-07	35.6
M03997:68:000000000-G35DK:1:1104:15683:19286	extended_3UTR_DCG_Soc1_w_forward_primer	100.000	79	0	0	1	79	13	91	1.19e-39	143
M03997:68:000000000-G35DK:1:1101:5838:8563	extended_3UTR_DCG_Soc1_w_forward_primer	100.000	50	0	0	1	50	72	121	3.97e-24	91.5
M03997:68:000000000-G35DK:1:2104:5944:12605	extended_3UTR_DCG_Soc1_w_forward_primer	76.190	42	5	1	1	42	13	49	9.73e-06	31.9
M03997:68:000000000-G35DK:1:1104:9031:10649	extended_3UTR_DCG_Soc1_w_forward_primer	100.000	22	0	0	1	22	5	26	6.58e-09	41.0
M03997:68:000000000-G35DK:1:1104:21786:25386	extended_3UTR_DCG_Soc1_w_forward_primer	98.165	109	0	1	1	107	13	121	5.38e-52	185
M03997:68:000000000-G35DK:1:1103:15993:24400	extended_3UTR_DCG_Soc1_w_forward_primer	100.000	48	0	0	1	48	68	115	4.61e-23	87.8
M03997:68:000000000-G35DK:1:1104:22196:19668	extended_3UTR_DCG_Soc1_w_forward_primer	100.000	93	0	0	1	93	13	105	3.59e-47	168
M03997:68:000000000-G35DK:1:1103:12823:13599	extended_3UTR_DCG_Soc1_w_forward_primer	100.000	18	0	0	1	18	7	24	7.13e-07	33.7
M03997:68:000000000-G35DK:1:2102:26187:14944	extended_3UTR_DCG_Soc1_w_forward_primer	100.000	18	0	0	1	18	7	24	6.90e-07	33.7
M03997:68:000000000-G35DK:1:2102:20439:4988	extended_3UTR_DCG_Soc1_w_forward_primer	100.000	18	0	0	1	18	7	24	6.68e-07	33.7
M03997:68:000000000-G35DK:1:2103:24147:8949	extended_3UTR_DCG_Soc1_w_forward_primer	100.000	106	0	0	1	106	57	162	4.34e-54	192
M03997:68:000000000-G35DK:1:2103:6393:6395	extended_3UTR_DCG_Soc1_w_forward_primer	100.000	18	0	0	1	18	7	24	1.09e-06	33.7
M03997:68:000000000-G35DK:1:2104:14653:19445	extended_3UTR_DCG_Soc1_w_forward_primer	100.000	114	0	0	1	114	13	126	1.76e-58	206
M03997:68:000000000-G35DK:1:1101:14325:20143	extended_3UTR_DCG_Soc1_w_forward_primer	100.000	21	0	0	63	83	1	21	3.86e-08	39.2
M03997:68:000000000-G35DK:1:1103:7305:14841	extended_3UTR_DCG_Soc1_w_forward_primer	100.000	22	0	0	1	22	5	26	1.09e-08	41.0
M03997:68:000000000-G35DK:1:2104:16277:19941	extended_3UTR_DCG_Soc1_w_forward_primer	100.000	20	0	0	1	20	5	24	5.85e-08	37.4
M03997:68:000000000-G35DK:1:1103:27842:18639	extended_3UTR_DCG_Soc1_w_forward_primer	100.000	20	0	0	1	20	7	26	6.76e-08	37.4
M03997:68:000000000-G35DK:1:2101:10091:13853	extended_3UTR_DCG_Soc1_w_forward_primer	100.000	54	0	0	1	54	113	166	1.83e-25	98.7
M03997:68:000000000-G35DK:1:2102:8823:10651	extended_3UTR_DCG_Soc1_w_forward_primer	100.000	20	0	0	1	20	7	26	1.06e-07	37.4
M03997:68:000000000-G35DK:1:1104:25491:20121	extended_3UTR_DCG_Soc1_w_forward_primer	100.000	18	0	0	1	18	7	24	1.11e-06	33.7
M03997:68:000000000-G35DK:1:2102:24883:6000	extended_3UTR_DCG_Soc1_w_forward_primer	100.000	18	0	0	1	18	7	24	7.13e-07	33.7
M03997:68:000000000-G35DK:1:2102:25190:6056	extended_3UTR_DCG_Soc1_w_forward_primer	100.000	21	0	0	85	105	1	21	4.94e-08	39.2
M03997:68:000000000-G35DK:1:2101:17385:21217	extended_3UTR_DCG_Soc1_w_forward_primer	100.000	18	0	0	1	18	7	24	7.13e-07	33.7
M03997:68:000000000-G35DK:1:2102:11460:17560	extended_3UTR_DCG_Soc1_w_forward_primer	100.000	50	0	0	1	50	13	62	3.97e-24	91.5
M03997:68:000000000-G35DK:1:2103:14618:3051	extended_3UTR_DCG_Soc1_w_forward_primer	100.000	21	0	0	50	70	1	21	3.18e-08	39.2
M03997:68:000000000-G35DK:1:2104:11595:14799	extended_3UTR_DCG_Soc1_w_forward_primer	100.000	18	0	0	1	18	7	24	1.66e-06	33.7
M03997:68:000000000-G35DK:1:1102:9587:11963	extended_3UTR_DCG_Soc1_w_forward_primer	100.000	20	0	0	1	20	5	24	7.65e-08	37.4
M03997:68:000000000-G35DK:1:2104:21825:23784	extended_3UTR_DCG_Soc1_w_forward_primer	100.000	21	0	0	62	82	1	21	3.81e-08	39.2
M03997:68:000000000-G35DK:1:2101:13098:10593	extended_3UTR_DCG_Soc1_w_forward_primer	76.190	42	5	1	1	42	13	49	4.11e-06	31.9
M03997:68:000000000-G35DK:1:2104:19620:28487	extended_3UTR_DCG_Soc1_w_forward_primer	100.000	38	0	0	1	38	83	120	8.88e-17	69.8
M03997:68:000000000-G35DK:1:2101:15322:11433	extended_3UTR_DCG_Soc1_w_forward_primer	100.000	108	0	0	1	108	31	138	3.01e-55	196
M03997:68:000000000-G35DK:1:1104:10725:7361	extended_3UTR_DCG_Soc1_w_forward_primer	100.000	58	0	0	1	58	13	70	2.10e-28	105
M03997:68:000000000-G35DK:1:1101:13276:19382	extended_3UTR_DCG_Soc1_w_forward_primer	100.000	80	0	0	1	80	12	91	3.47e-40	145
M03997:68:000000000-G35DK:1:2104:27357:13020	extended_3UTR_DCG_Soc1_w_forward_primer	100.000	61	0	0	1	61	118	178	5.24e-30	111
M03997:68:000000000-G35DK:1:1101:25380:10735	extended_3UTR_DCG_Soc1_w_forward_primer	100.000	55	0	0	1	55	56	110	8.37e-27	100
M03997:68:000000000-G35DK:1:2102:9774:25989	extended_3UTR_DCG_Soc1_w_forward_primer	100.000	51	0	0	1	51	62	112	1.13e-24	93.3
M03997:68:000000000-G35DK:1:2103:18889:20219	extended_3UTR_DCG_Soc1_w_forward_primer	77.778	45	5	1	1	45	10	49	9.11e-08	37.4
M03997:68:000000000-G35DK:1:1102:16675:24084	extended_3UTR_DCG_Soc1_w_forward_primer	100.000	20	0	0	1	20	5	24	3.47e-08	37.4
M03997:68:000000000-G35DK:1:1104:23237:25353	extended_3UTR_DCG_Soc1_w_forward_primer	100.000	171	0	0	1	171	13	183	3.11e-89	309
M03997:68:000000000-G35DK:1:2103:21196:19538	extended_3UTR_DCG_Soc1_w_forward_primer	99.286	140	1	0	1	140	37	176	7.20e-71	248
M03997:68:000000000-G35DK:1:1103:15328:21257	extended_3UTR_DCG_Soc1_w_forward_primer	100.000	20	0	0	1	20	7	26	3.30e-08	37.4
M03997:68:000000000-G35DK:1:1102:5659:8435	extended_3UTR_DCG_Soc1_w_forward_primer	100.000	20	0	0	1	20	7	26	4.20e-08	37.4
M03997:68:000000000-G35DK:1:2103:25732:16461	extended_3UTR_DCG_Soc1_w_forward_primer	100.000	88	0	0	1	88	83	170	1.79e-44	159
M03997:68:000000000-G35DK:1:2102:25170:14441	extended_3UTR_DCG_Soc1_w_forward_primer	100.000	20	0	0	1	20	7	26	5.30e-08	37.4
M03997:68:000000000-G35DK:1:2103:24326:21721	extended_3UTR_DCG_Soc1_w_forward_primer	100.000	54	0	0	1	54	13	66	2.99e-26	98.7
M03997:68:000000000-G35DK:1:1103:7963:22333	extended_3UTR_DCG_Soc1_w_forward_primer	100.000	100	0	0	1	100	13	112	6.17e-51	181
M03997:68:000000000-G35DK:1:2102:23071:12782	extended_3UTR_DCG_Soc1_w_forward_primer	100.000	18	0	0	1	18	7	24	5.34e-07	33.7
M03997:68:000000000-G35DK:1:2103:23066:8828	extended_3UTR_DCG_Soc1_w_forward_primer	100.000	21	0	0	87	107	1	21	5.05e-08	39.2
M03997:68:000000000-G35DK:1:2102:7418:24651	extended_3UTR_DCG_Soc1_w_forward_primer	76.190	42	5	1	1	42	13	49	3.72e-06	31.9
M03997:68:000000000-G35DK:1:1103:2456:19369	extended_3UTR_DCG_Soc1_w_forward_primer	100.000	30	0	0	1	30	13	42	1.50e-13	55.4
M03997:68:000000000-G35DK:1:1102:11554:13800	extended_3UTR_DCG_Soc1_w_forward_primer	100.000	64	0	0	1	64	58	121	1.30e-31	116
M03997:68:000000000-G35DK:1:2102:10873:6573	extended_3UTR_DCG_Soc1_w_forward_primer	100.000	64	0	0	1	64	58	121	1.30e-31	116
M03997:68:000000000-G35DK:1:1103:7623:8338	extended_3UTR_DCG_Soc1_w_forward_primer	100.000	20	0	0	53	72	1	20	1.17e-07	37.4
M03997:68:000000000-G35DK:1:2102:16711:7992	extended_3UTR_DCG_Soc1_w_forward_primer	98.462	65	1	0	1	65	83	147	1.62e-30	113
M03997:68:000000000-G35DK:1:2104:24340:6996	extended_3UTR_DCG_Soc1_w_forward_primer	100.000	18	0	0	1	18	7	24	2.12e-06	33.7
M03997:68:000000000-G35DK:1:1103:18612:12704	extended_3UTR_DCG_Soc1_w_forward_primer	100.000	20	0	0	1	20	7	26	5.25e-07	37.4
M03997:68:000000000-G35DK:1:2103:25866:20044	extended_3UTR_DCG_Soc1_w_forward_primer	76.190	42	5	1	1	42	13	49	4.11e-06	31.9
M03997:68:000000000-G35DK:1:1104:18510:14241	extended_3UTR_DCG_Soc1_w_forward_primer	100.000	98	0	0	1	98	18	115	7.35e-50	178
M03997:68:000000000-G35DK:1:2101:15336:16098	extended_3UTR_DCG_Soc1_w_forward_primer	100.000	59	0	0	1	59	52	110	6.13e-29	107
M03997:68:000000000-G35DK:1:1102:12835:15294	extended_3UTR_DCG_Soc1_w_forward_primer	100.000	60	0	0	1	60	119	178	1.79e-29	109
M03997:68:000000000-G35DK:1:2102:8991:9197	extended_3UTR_DCG_Soc1_w_forward_primer	95.833	24	1	0	1	24	6	29	9.16e-08	39.2
M03997:68:000000000-G35DK:1:1102:9787:18384	extended_3UTR_DCG_Soc1_w_forward_primer	100.000	42	0	0	1	42	74	115	7.08e-20	77.0
M03997:68:000000000-G35DK:1:1102:17300:16690	extended_3UTR_DCG_Soc1_w_forward_primer	100.000	17	0	0	3	19	9	25	2.64e-06	31.9
M03997:68:000000000-G35DK:1:1103:8676:13446	extended_3UTR_DCG_Soc1_w_forward_primer	100.000	41	0	0	1	41	114	154	2.76e-19	75.2
M03997:68:000000000-G35DK:1:2101:29371:17310	extended_3UTR_DCG_Soc1_w_forward_primer	100.000	18	0	0	1	18	7	24	6.40e-06	33.7
M03997:68:000000000-G35DK:1:1101:18175:13037	extended_3UTR_DCG_Soc1_w_forward_primer	100.000	20	0	0	1	20	7	26	5.25e-07	37.4
M03997:68:000000000-G35DK:1:1104:5571:20631	extended_3UTR_DCG_Soc1_w_forward_primer	100.000	24	0	0	96	119	1	24	1.36e-09	44.6
M03997:68:000000000-G35DK:1:1101:15866:7923	extended_3UTR_DCG_Soc1_w_forward_primer	95.455	22	1	0	1	22	7	28	1.21e-07	35.6
M03997:68:000000000-G35DK:1:1101:26393:14787	extended_3UTR_DCG_Soc1_w_forward_primer	100.000	18	0	0	1	18	7	24	2.61e-06	33.7
M03997:68:000000000-G35DK:1:2103:25017:9291	extended_3UTR_DCG_Soc1_w_forward_primer	100.000	18	0	0	1	18	7	24	4.90e-07	33.7
M03997:68:000000000-G35DK:1:1102:10016:24474	extended_3UTR_DCG_Soc1_w_forward_primer	100.000	18	0	0	1	18	7	24	6.40e-06	33.7
M03997:68:000000000-G35DK:1:2103:21300:11924	extended_3UTR_DCG_Soc1_w_forward_primer	100.000	48	0	0	1	48	115	162	3.31e-22	87.8
M03997:68:000000000-G35DK:1:2102:11545:5768	extended_3UTR_DCG_Soc1_w_forward_primer	100.000	52	0	0	1	52	13	64	3.33e-25	95.1
M03997:68:000000000-G35DK:1:2102:27249:18809	extended_3UTR_DCG_Soc1_w_forward_primer	100.000	18	0	0	1	18	7	24	2.35e-06	33.7
M03997:68:000000000-G35DK:1:1103:17939:13354	extended_3UTR_DCG_Soc1_w_forward_primer	100.000	19	0	0	1	19	7	25	2.04e-07	35.6
M03997:68:000000000-G35DK:1:1102:22311:4334	extended_3UTR_DCG_Soc1_w_forward_primer	100.000	19	0	0	1	19	7	25	2.68e-07	35.6
M03997:68:000000000-G35DK:1:2101:4862:6923	extended_3UTR_DCG_Soc1_w_forward_primer	99.291	141	1	0	1	141	13	153	2.08e-71	250
M03997:68:000000000-G35DK:1:2102:18154:19964	extended_3UTR_DCG_Soc1_w_forward_primer	76.190	42	5	1	1	42	13	49	5.04e-06	31.9
M03997:68:000000000-G35DK:1:1103:12512:23823	extended_3UTR_DCG_Soc1_w_forward_primer	100.000	17	0	0	1	17	8	24	5.73e-06	31.9
M03997:68:000000000-G35DK:1:1101:20150:14462	extended_3UTR_DCG_Soc1_w_forward_primer	100.000	40	0	0	1	40	97	136	8.12e-19	73.4
M03997:68:000000000-G35DK:1:1103:19499:24928	extended_3UTR_DCG_Soc1_w_forward_primer	100.000	22	0	0	1	22	7	28	1.23e-08	41.0
M03997:68:000000000-G35DK:1:1101:4151:10637	extended_3UTR_DCG_Soc1_w_forward_primer	100.000	18	0	0	1	18	7	24	4.05e-06	33.7
M03997:68:000000000-G35DK:1:1103:25374:21388	extended_3UTR_DCG_Soc1_w_forward_primer	100.000	110	0	0	1	110	17	126	2.52e-56	199
M03997:68:000000000-G35DK:1:1101:22791:19726	extended_3UTR_DCG_Soc1_w_forward_primer	100.000	17	0	0	1	17	8	24	2.49e-06	31.9
M03997:68:000000000-G35DK:1:2101:11769:11852	extended_3UTR_DCG_Soc1_w_forward_primer	100.000	48	0	0	1	48	74	121	4.61e-23	87.8
M03997:68:000000000-G35DK:1:1103:26773:19095	extended_3UTR_DCG_Soc1_w_forward_primer	100.000	51	0	0	1	51	83	133	1.13e-24	93.3
M03997:68:000000000-G35DK:1:2102:18210:19885	extended_3UTR_DCG_Soc1_w_forward_primer	100.000	18	0	0	1	18	7	24	4.45e-07	33.7
M03997:68:000000000-G35DK:1:2102:8555:18010	extended_3UTR_DCG_Soc1_w_forward_primer	76.190	42	5	1	1	42	13	49	8.96e-06	31.9
M03997:68:000000000-G35DK:1:2103:23921:23175	extended_3UTR_DCG_Soc1_w_forward_primer	100.000	79	0	0	1	79	13	91	1.19e-39	143
M03997:68:000000000-G35DK:1:1103:16896:20832	extended_3UTR_DCG_Soc1_w_forward_primer	100.000	18	0	0	1	18	7	24	4.45e-07	33.7
M03997:68:000000000-G35DK:1:1104:16883:2835	extended_3UTR_DCG_Soc1_w_forward_primer	100.000	18	0	0	83	100	1	18	2.02e-06	33.7
M03997:68:000000000-G35DK:1:1102:15312:4068	extended_3UTR_DCG_Soc1_w_forward_primer	100.000	18	0	0	1	18	7	24	7.13e-07	33.7
M03997:68:000000000-G35DK:1:1101:9026:23546	extended_3UTR_DCG_Soc1_w_forward_primer	100.000	19	0	0	1	19	7	25	1.28e-07	35.6
M03997:68:000000000-G35DK:1:1104:24759:10934	extended_3UTR_DCG_Soc1_w_forward_primer	100.000	17	0	0	1	17	8	24	6.82e-06	31.9
M03997:68:000000000-G35DK:1:1102:23624:19348	extended_3UTR_DCG_Soc1_w_forward_primer	100.000	68	0	0	1	68	13	80	9.41e-34	123
M03997:68:000000000-G35DK:1:2104:5992:20825	extended_3UTR_DCG_Soc1_w_forward_primer	100.000	92	0	0	1	92	58	149	1.30e-46	167
M03997:68:000000000-G35DK:1:2104:11717:8960	extended_3UTR_DCG_Soc1_w_forward_primer	100.000	19	0	0	1	19	7	25	1.47e-07	35.6
M03997:68:000000000-G35DK:1:1102:28761:12186	extended_3UTR_DCG_Soc1_w_forward_primer	100.000	18	0	0	1	18	7	24	1.09e-06	33.7
M03997:68:000000000-G35DK:1:2104:16669:19954	extended_3UTR_DCG_Soc1_w_forward_primer	100.000	40	0	0	1	40	68	107	8.12e-19	73.4
M03997:68:000000000-G35DK:1:2102:17753:17678	extended_3UTR_DCG_Soc1_w_forward_primer	98.148	54	1	0	1	54	12	65	1.22e-24	93.3
M03997:68:000000000-G35DK:1:2102:3537:10311	extended_3UTR_DCG_Soc1_w_forward_primer	100.000	55	0	0	1	55	42	96	8.37e-27	100
M03997:68:000000000-G35DK:1:1103:16826:28827	extended_3UTR_DCG_Soc1_w_forward_primer	100.000	21	0	0	28	48	1	21	2.09e-08	39.2
M03997:68:000000000-G35DK:1:2103:8858:21762	extended_3UTR_DCG_Soc1_w_forward_primer	100.000	54	0	0	1	54	7	60	2.86e-26	98.7
M03997:68:000000000-G35DK:1:2104:14724:22747	extended_3UTR_DCG_Soc1_w_forward_primer	100.000	18	0	0	1	18	7	24	9.32e-07	33.7
M03997:68:000000000-G35DK:1:1103:19016:17678	extended_3UTR_DCG_Soc1_w_forward_primer	100.000	20	0	0	1	20	5	24	1.17e-07	37.4
M03997:68:000000000-G35DK:1:1101:8314:6455	extended_3UTR_DCG_Soc1_w_forward_primer	100.000	119	0	0	1	119	23	141	3.57e-61	215
M03997:68:000000000-G35DK:1:2101:20694:20454	extended_3UTR_DCG_Soc1_w_forward_primer	100.000	62	0	0	1	62	54	115	1.53e-30	113
M03997:68:000000000-G35DK:1:1101:19575:16049	extended_3UTR_DCG_Soc1_w_forward_primer	100.000	57	0	0	1	57	62	118	7.17e-28	104
M03997:68:000000000-G35DK:1:1101:6898:8420	extended_3UTR_DCG_Soc1_w_forward_primer	95.238	21	1	0	29	49	1	21	9.13e-07	33.7
M03997:68:000000000-G35DK:1:1103:23437:12320	extended_3UTR_DCG_Soc1_w_forward_primer	100.000	51	0	0	1	51	62	112	1.13e-24	93.3
M03997:68:000000000-G35DK:1:2101:12717:12209	extended_3UTR_DCG_Soc1_w_forward_primer	100.000	18	0	0	1	18	7	24	1.38e-06	33.7
M03997:68:000000000-G35DK:1:1102:4479:12734	extended_3UTR_DCG_Soc1_w_forward_primer	98.611	72	1	0	1	72	91	162	3.15e-34	125
M03997:68:000000000-G35DK:1:2101:16706:19457	extended_3UTR_DCG_Soc1_w_forward_primer	100.000	18	0	0	1	18	7	24	1.53e-06	33.7
M03997:68:000000000-G35DK:1:1102:5507:22927	extended_3UTR_DCG_Soc1_w_forward_primer	100.000	19	0	0	1	19	7	25	1.40e-07	35.6
M03997:68:000000000-G35DK:1:2102:24999:19185	extended_3UTR_DCG_Soc1_w_forward_primer	100.000	20	0	0	1	20	7	26	1.18e-07	37.4
M03997:68:000000000-G35DK:1:2103:15522:27060	extended_3UTR_DCG_Soc1_w_forward_primer	100.000	24	0	0	66	89	1	24	1.03e-09	44.6
M03997:68:000000000-G35DK:1:1103:15965:17451	extended_3UTR_DCG_Soc1_w_forward_primer	100.000	30	0	0	1	30	8	37	1.50e-13	55.4
M03997:68:000000000-G35DK:1:2104:20978:23436	extended_3UTR_DCG_Soc1_w_forward_primer	100.000	24	0	0	73	96	1	24	1.09e-09	44.6
M03997:68:000000000-G35DK:1:2104:20923:16167	extended_3UTR_DCG_Soc1_w_forward_primer	98.990	99	1	0	1	99	23	121	9.05e-49	174
M03997:68:000000000-G35DK:1:1101:16475:24962	extended_3UTR_DCG_Soc1_w_forward_primer	100.000	18	0	0	1	18	7	24	8.91e-07	33.7
M03997:68:000000000-G35DK:1:1104:4159:22246	extended_3UTR_DCG_Soc1_w_forward_primer	99.254	134	1	0	1	134	58	191	1.28e-67	237
M03997:68:000000000-G35DK:1:1103:13365:17630	extended_3UTR_DCG_Soc1_w_forward_primer	100.000	18	0	0	1	18	7	24	1.24e-06	33.7
M03997:68:000000000-G35DK:1:2103:17784:22756	extended_3UTR_DCG_Soc1_w_forward_primer	100.000	131	0	0	1	131	8	138	1.21e-67	237
M03997:68:000000000-G35DK:1:1103:28117:14192	extended_3UTR_DCG_Soc1_w_forward_primer	100.000	171	0	0	1	171	13	183	3.11e-89	309
M03997:68:000000000-G35DK:1:1101:24891:9609	extended_3UTR_DCG_Soc1_w_forward_primer	100.000	83	0	0	1	83	26	108	8.49e-42	150
M03997:68:000000000-G35DK:1:1101:12104:13121	extended_3UTR_DCG_Soc1_w_forward_primer	100.000	82	0	0	1	82	31	112	2.92e-41	149
M03997:68:000000000-G35DK:1:2102:10279:20394	extended_3UTR_DCG_Soc1_w_forward_primer	100.000	18	0	0	1	18	7	24	6.23e-07	33.7
M03997:68:000000000-G35DK:1:2103:15762:3364	extended_3UTR_DCG_Soc1_w_forward_primer	98.701	77	1	0	1	77	7	83	6.00e-37	134
M03997:68:000000000-G35DK:1:2104:14610:21041	extended_3UTR_DCG_Soc1_w_forward_primer	100.000	46	0	0	1	46	13	58	5.34e-22	84.2
M03997:68:000000000-G35DK:1:1103:22317:8257	extended_3UTR_DCG_Soc1_w_forward_primer	100.000	31	0	0	1	31	26	56	4.49e-14	57.2
M03997:68:000000000-G35DK:1:1101:22668:12980	extended_3UTR_DCG_Soc1_w_forward_primer	100.000	58	0	0	1	58	64	121	2.10e-28	105
M03997:68:000000000-G35DK:1:2104:28368:16257	extended_3UTR_DCG_Soc1_w_forward_primer	100.000	17	0	0	1	17	10	26	4.18e-06	31.9
M03997:68:000000000-G35DK:1:2101:15778:17089	extended_3UTR_DCG_Soc1_w_forward_primer	100.000	31	0	0	1	31	26	56	4.49e-14	57.2
M03997:68:000000000-G35DK:1:1103:6603:20336	extended_3UTR_DCG_Soc1_w_forward_primer	100.000	54	0	0	1	54	13	66	2.86e-26	98.7
M03997:68:000000000-G35DK:1:2101:13203:16215	extended_3UTR_DCG_Soc1_w_forward_primer	96.774	93	1	1	1	91	29	121	2.70e-42	152
M03997:68:000000000-G35DK:1:2103:8621:16735	extended_3UTR_DCG_Soc1_w_forward_primer	100.000	109	0	0	1	109	13	121	8.70e-56	197
M03997:68:000000000-G35DK:1:2104:17229:7812	extended_3UTR_DCG_Soc1_w_forward_primer	100.000	109	0	0	1	109	13	121	8.70e-56	197
M03997:68:000000000-G35DK:1:2103:27887:16432	extended_3UTR_DCG_Soc1_w_forward_primer	98.810	84	1	0	1	84	29	112	1.05e-40	147
M03997:68:000000000-G35DK:1:1101:4053:15307	extended_3UTR_DCG_Soc1_w_forward_primer	100.000	44	0	0	1	44	13	56	6.16e-21	80.6
M03997:68:000000000-G35DK:1:2104:10289:24674	extended_3UTR_DCG_Soc1_w_forward_primer	98.780	82	1	0	1	82	29	110	1.24e-39	143
M03997:68:000000000-G35DK:1:1103:15653:10000	extended_3UTR_DCG_Soc1_w_forward_primer	100.000	20	0	0	1	20	7	26	1.17e-07	37.4
M03997:68:000000000-G35DK:1:1104:9054:11931	extended_3UTR_DCG_Soc1_w_forward_primer	93.103	29	1	1	46	74	1	28	4.31e-08	41.0
M03997:68:000000000-G35DK:1:2101:12227:23312	extended_3UTR_DCG_Soc1_w_forward_primer	97.778	45	1	0	1	45	56	100	7.71e-20	77.0
M03997:68:000000000-G35DK:1:2101:2483:15052	extended_3UTR_DCG_Soc1_w_forward_primer	97.436	78	2	0	1	78	66	143	2.13e-36	132
M03997:68:000000000-G35DK:1:1103:10570:22750	extended_3UTR_DCG_Soc1_w_forward_primer	100.000	55	0	0	1	55	56	110	8.37e-27	100
M03997:68:000000000-G35DK:1:2101:14568:5107	extended_3UTR_DCG_Soc1_w_forward_primer	90.476	21	2	0	1	21	13	33	8.14e-06	30.1
M03997:68:000000000-G35DK:1:1102:28973:11523	extended_3UTR_DCG_Soc1_w_forward_primer	100.000	19	0	0	1	19	7	25	2.67e-07	35.6
M03997:68:000000000-G35DK:1:1103:17947:9809	extended_3UTR_DCG_Soc1_w_forward_primer	100.000	61	0	0	1	61	83	143	5.24e-30	111
M03997:68:000000000-G35DK:1:1103:11692:24642	extended_3UTR_DCG_Soc1_w_forward_primer	100.000	103	0	0	1	103	13	115	1.48e-52	187
M03997:68:000000000-G35DK:1:1104:22676:26978	extended_3UTR_DCG_Soc1_w_forward_primer	100.000	40	0	0	1	40	113	152	8.12e-19	73.4
M03997:68:000000000-G35DK:1:2104:10048:13876	extended_3UTR_DCG_Soc1_w_forward_primer	100.000	17	0	0	1	17	8	24	2.41e-06	31.9
M03997:68:000000000-G35DK:1:1101:2973:9724	extended_3UTR_DCG_Soc1_w_forward_primer	100.000	20	0	0	1	20	5	24	4.75e-08	37.4
M03997:68:000000000-G35DK:1:1104:21165:11587	extended_3UTR_DCG_Soc1_w_forward_primer	100.000	19	0	0	1	19	7	25	2.80e-07	35.6
M03997:68:000000000-G35DK:1:1103:23078:24367	extended_3UTR_DCG_Soc1_w_forward_primer	99.174	121	1	0	1	121	23	143	1.27e-60	214
M03997:68:000000000-G35DK:1:2101:6201:16902	extended_3UTR_DCG_Soc1_w_forward_primer	100.000	56	0	0	1	56	7	62	2.45e-27	102
M03997:68:000000000-G35DK:1:2104:19981:10637	extended_3UTR_DCG_Soc1_w_forward_primer	100.000	61	0	0	1	61	102	162	2.90e-29	111
M03997:68:000000000-G35DK:1:1102:26952:15162	extended_3UTR_DCG_Soc1_w_forward_primer	100.000	56	0	0	1	56	5	60	2.45e-27	102
M03997:68:000000000-G35DK:1:2104:9972:26183	extended_3UTR_DCG_Soc1_w_forward_primer	100.000	22	0	0	1	22	5	26	5.10e-09	41.0
M03997:68:000000000-G35DK:1:1103:15852:21053	extended_3UTR_DCG_Soc1_w_forward_primer	100.000	114	0	0	1	114	45	158	1.76e-58	206
M03997:68:000000000-G35DK:1:1102:21505:25257	extended_3UTR_DCG_Soc1_w_forward_primer	100.000	70	0	0	1	70	13	82	7.99e-35	127
M03997:68:000000000-G35DK:1:2103:5933:12854	extended_3UTR_DCG_Soc1_w_forward_primer	100.000	20	0	0	1	20	5	24	4.57e-08	37.4
M03997:68:000000000-G35DK:1:2104:21515:11801	extended_3UTR_DCG_Soc1_w_forward_primer	100.000	16	0	0	1	16	13	28	5.15e-06	30.1
M03997:68:000000000-G35DK:1:1101:20627:24035	extended_3UTR_DCG_Soc1_w_forward_primer	100.000	20	0	0	1	20	5	24	6.21e-08	37.4
M03997:68:000000000-G35DK:1:1103:12991:6132	extended_3UTR_DCG_Soc1_w_forward_primer	97.500	40	1	0	1	40	52	91	3.45e-17	68.0
M03997:68:000000000-G35DK:1:1102:14805:23102	extended_3UTR_DCG_Soc1_w_forward_primer	100.000	18	0	0	1	18	7	24	6.68e-07	33.7
M03997:68:000000000-G35DK:1:1101:21811:21299	extended_3UTR_DCG_Soc1_w_forward_primer	100.000	18	0	0	1	18	7	24	1.95e-06	33.7
M03997:68:000000000-G35DK:1:1103:26999:7523	extended_3UTR_DCG_Soc1_w_forward_primer	100.000	25	0	0	1	25	96	120	1.01e-09	46.4
M03997:68:000000000-G35DK:1:1102:18441:8907	extended_3UTR_DCG_Soc1_w_forward_primer	98.551	69	1	0	1	69	23	91	1.17e-32	120
M03997:68:000000000-G35DK:1:1101:17895:4443	extended_3UTR_DCG_Soc1_w_forward_primer	99.371	159	1	0	1	159	62	220	4.00e-81	282
M03997:68:000000000-G35DK:1:2101:22673:16500	extended_3UTR_DCG_Soc1_w_forward_primer	100.000	21	0	0	35	55	1	21	2.40e-08	39.2
M03997:68:000000000-G35DK:1:1102:21591:6043	extended_3UTR_DCG_Soc1_w_forward_primer	100.000	20	0	0	1	20	5	24	3.84e-08	37.4
M03997:68:000000000-G35DK:1:2103:9604:9687	extended_3UTR_DCG_Soc1_w_forward_primer	100.000	17	0	0	1	17	8	24	2.41e-06	31.9
M03997:68:000000000-G35DK:1:1104:13372:21230	extended_3UTR_DCG_Soc1_w_forward_primer	98.361	61	1	0	1	61	20	80	2.23e-28	105
M03997:68:000000000-G35DK:1:2104:6569:13965	extended_3UTR_DCG_Soc1_w_forward_primer	76.190	42	5	1	1	42	13	49	6.74e-06	31.9
M03997:68:000000000-G35DK:1:1101:17626:25537	extended_3UTR_DCG_Soc1_w_forward_primer	100.000	21	0	0	51	71	1	21	3.24e-08	39.2
M03997:68:000000000-G35DK:1:2103:15814:22077	extended_3UTR_DCG_Soc1_w_forward_primer	100.000	77	0	0	1	77	60	136	1.41e-38	140
M03997:68:000000000-G35DK:1:2104:25613:12513	extended_3UTR_DCG_Soc1_w_forward_primer	100.000	60	0	0	1	60	74	133	1.79e-29	109
M03997:68:000000000-G35DK:1:2104:17838:8612	extended_3UTR_DCG_Soc1_w_forward_primer	100.000	17	0	0	1	17	8	24	4.11e-06	31.9
M03997:68:000000000-G35DK:1:2103:4359:17574	extended_3UTR_DCG_Soc1_w_forward_primer	96.296	27	1	0	1	27	93	119	8.47e-10	44.6
M03997:68:000000000-G35DK:1:2102:9245:14839	extended_3UTR_DCG_Soc1_w_forward_primer	100.000	20	0	0	1	20	5	24	3.47e-08	37.4
M03997:68:000000000-G35DK:1:1103:19902:21148	extended_3UTR_DCG_Soc1_w_forward_primer	100.000	18	0	0	1	18	7	24	4.90e-07	33.7
M03997:68:000000000-G35DK:1:1103:24341:16881	extended_3UTR_DCG_Soc1_w_forward_primer	100.000	18	0	0	1	18	7	24	1.66e-06	33.7
M03997:68:000000000-G35DK:1:1101:13584:22051	extended_3UTR_DCG_Soc1_w_forward_primer	98.734	158	0	1	1	156	13	170	4.02e-78	273
M03997:68:000000000-G35DK:1:2101:16344:4491	extended_3UTR_DCG_Soc1_w_forward_primer	100.000	38	0	0	1	38	19	56	9.28e-18	69.8
M03997:68:000000000-G35DK:1:1102:17067:22300	extended_3UTR_DCG_Soc1_w_forward_primer	100.000	20	0	0	1	20	7	26	1.18e-07	37.4
M03997:68:000000000-G35DK:1:1101:5577:11293	extended_3UTR_DCG_Soc1_w_forward_primer	76.190	42	5	1	1	42	13	49	6.59e-06	31.9
M03997:68:000000000-G35DK:1:2103:6401:23711	extended_3UTR_DCG_Soc1_w_forward_primer	97.826	46	1	0	1	46	60	105	2.27e-20	78.8
M03997:68:000000000-G35DK:1:2102:19853:28556	extended_3UTR_DCG_Soc1_w_forward_primer	100.000	38	0	0	1	38	83	120	8.88e-17	69.8
M03997:68:000000000-G35DK:1:1104:25113:23172	extended_3UTR_DCG_Soc1_w_forward_primer	100.000	51	0	0	1	51	62	112	1.13e-24	93.3
M03997:68:000000000-G35DK:1:1104:12506:25792	extended_3UTR_DCG_Soc1_w_forward_primer	100.000	21	0	0	117	137	1	21	6.61e-08	39.2
M03997:68:000000000-G35DK:1:2104:6757:12082	extended_3UTR_DCG_Soc1_w_forward_primer	100.000	119	0	0	1	119	58	176	3.57e-61	215
M03997:68:000000000-G35DK:1:1102:24501:5594	extended_3UTR_DCG_Soc1_w_forward_primer	100.000	133	0	0	1	133	10	142	1.02e-68	241
M03997:68:000000000-G35DK:1:2103:10100:14479	extended_3UTR_DCG_Soc1_w_forward_primer	98.864	88	1	0	1	88	62	149	2.72e-42	154
M03997:68:000000000-G35DK:1:2102:25788:12998	extended_3UTR_DCG_Soc1_w_forward_primer	100.000	71	0	0	1	71	13	83	2.33e-35	129
M03997:68:000000000-G35DK:1:1101:3800:17909	extended_3UTR_DCG_Soc1_w_forward_primer	100.000	17	0	0	1	17	8	24	1.63e-06	31.9
M03997:68:000000000-G35DK:1:1104:27268:23139	extended_3UTR_DCG_Soc1_w_forward_primer	100.000	83	0	0	1	83	23	105	8.49e-42	150
M03997:68:000000000-G35DK:1:1103:12558:11645	extended_3UTR_DCG_Soc1_w_forward_primer	100.000	17	0	0	1	17	8	24	3.19e-06	31.9
M03997:68:000000000-G35DK:1:1102:21368:23978	extended_3UTR_DCG_Soc1_w_forward_primer	100.000	30	0	0	1	30	104	133	1.50e-13	55.4
M03997:68:000000000-G35DK:1:1102:18103:14424	extended_3UTR_DCG_Soc1_w_forward_primer	100.000	70	0	0	1	70	52	121	7.99e-35	127
M03997:68:000000000-G35DK:1:1101:24241:11429	extended_3UTR_DCG_Soc1_w_forward_primer	100.000	64	0	0	1	64	56	119	1.30e-31	116
M03997:68:000000000-G35DK:1:1102:23301:23867	extended_3UTR_DCG_Soc1_w_forward_primer	100.000	46	0	0	1	46	60	105	5.34e-22	84.2
M03997:68:000000000-G35DK:1:1102:8727:13462	extended_3UTR_DCG_Soc1_w_forward_primer	100.000	53	0	0	1	53	107	159	9.76e-26	96.9
M03997:68:000000000-G35DK:1:2103:19158:15951	extended_3UTR_DCG_Soc1_w_forward_primer	97.222	72	0	1	1	70	29	100	4.14e-32	118
M03997:68:000000000-G35DK:1:2104:12265:8899	extended_3UTR_DCG_Soc1_w_forward_primer	76.190	42	5	1	1	42	13	49	5.89e-06	31.9
M03997:68:000000000-G35DK:1:1103:9940:22503	extended_3UTR_DCG_Soc1_w_forward_primer	100.000	21	0	0	47	67	1	21	3.03e-08	39.2
M03997:68:000000000-G35DK:1:1101:2259:18027	extended_3UTR_DCG_Soc1_w_forward_primer	100.000	115	0	0	1	115	7	121	5.10e-59	208
M03997:68:000000000-G35DK:1:1103:9019:20620	extended_3UTR_DCG_Soc1_w_forward_primer	100.000	63	0	0	1	63	91	153	4.46e-31	114
M03997:68:000000000-G35DK:1:2103:23161:23814	extended_3UTR_DCG_Soc1_w_forward_primer	100.000	24	0	0	89	112	1	24	1.27e-09	44.6
M03997:68:000000000-G35DK:1:1102:26455:14110	extended_3UTR_DCG_Soc1_w_forward_primer	100.000	126	0	0	1	126	13	138	6.02e-65	228
M03997:68:000000000-G35DK:1:1101:8031:16309	extended_3UTR_DCG_Soc1_w_forward_primer	100.000	42	0	0	1	42	15	56	7.08e-20	77.0
M03997:68:000000000-G35DK:1:2101:13375:9910	extended_3UTR_DCG_Soc1_w_forward_primer	100.000	60	0	0	1	60	62	121	1.79e-29	109
M03997:68:000000000-G35DK:1:2103:9115:8681	extended_3UTR_DCG_Soc1_w_forward_primer	99.123	114	1	0	1	114	13	126	7.50e-57	201
M03997:68:000000000-G35DK:1:1104:12843:24237	extended_3UTR_DCG_Soc1_w_forward_primer	100.000	80	0	0	1	80	26	105	3.47e-40	145
M03997:68:000000000-G35DK:1:2102:10074:15616	extended_3UTR_DCG_Soc1_w_forward_primer	100.000	20	0	0	1	20	7	26	1.02e-07	37.4
M03997:68:000000000-G35DK:1:2104:9245:16398	extended_3UTR_DCG_Soc1_w_forward_primer	100.000	20	0	0	1	20	5	24	6.21e-08	37.4
M03997:68:000000000-G35DK:1:2103:11982:11901	extended_3UTR_DCG_Soc1_w_forward_primer	100.000	18	0	0	1	18	7	24	1.44e-06	33.7
M03997:68:000000000-G35DK:1:2101:9799:12992	extended_3UTR_DCG_Soc1_w_forward_primer	97.826	46	1	0	1	46	56	101	2.27e-20	78.8
M03997:68:000000000-G35DK:1:1101:26314:23878	extended_3UTR_DCG_Soc1_w_forward_primer	100.000	18	0	0	1	18	7	24	6.90e-07	33.7
M03997:68:000000000-G35DK:1:2102:9778:21135	extended_3UTR_DCG_Soc1_w_forward_primer	100.000	18	0	0	1	18	7	24	2.10e-06	33.7
M03997:68:000000000-G35DK:1:1102:2997:16885	extended_3UTR_DCG_Soc1_w_forward_primer	96.875	96	1	1	1	94	48	143	6.57e-44	158
M03997:68:000000000-G35DK:1:2104:11164:8409	extended_3UTR_DCG_Soc1_w_forward_primer	100.000	18	0	0	1	18	7	24	6.40e-06	33.7
M03997:68:000000000-G35DK:1:1103:8191:5431	extended_3UTR_DCG_Soc1_w_forward_primer	100.000	21	0	0	41	61	1	21	2.71e-08	39.2
M03997:68:000000000-G35DK:1:2103:20221:20540	extended_3UTR_DCG_Soc1_w_forward_primer	100.000	104	0	0	1	104	12	115	4.28e-53	188
M03997:68:000000000-G35DK:1:1102:8663:22651	extended_3UTR_DCG_Soc1_w_forward_primer	100.000	18	0	0	1	18	7	24	1.09e-06	33.7
M03997:68:000000000-G35DK:1:2104:13746:11694	extended_3UTR_DCG_Soc1_w_forward_primer	100.000	21	0	0	75	95	1	21	4.49e-08	39.2
M03997:68:000000000-G35DK:1:2102:3837:11127	extended_3UTR_DCG_Soc1_w_forward_primer	100.000	99	0	0	1	99	7	105	2.13e-50	179
M03997:68:000000000-G35DK:1:2101:19672:5805	extended_3UTR_DCG_Soc1_w_forward_primer	100.000	18	0	0	1	18	7	24	6.90e-07	33.7
M03997:68:000000000-G35DK:1:1104:3079:16753	extended_3UTR_DCG_Soc1_w_forward_primer	100.000	36	0	0	1	36	135	170	1.08e-15	66.2
M03997:68:000000000-G35DK:1:2101:3050:16433	extended_3UTR_DCG_Soc1_w_forward_primer	100.000	18	0	0	1	18	7	24	3.45e-06	33.7
M03997:68:000000000-G35DK:1:1101:16733:22981	extended_3UTR_DCG_Soc1_w_forward_primer	76.190	42	5	1	1	42	13	49	5.81e-06	31.9
M03997:68:000000000-G35DK:1:2102:27199:17106	extended_3UTR_DCG_Soc1_w_forward_primer	100.000	88	0	0	1	88	72	159	1.75e-44	159
M03997:68:000000000-G35DK:1:1103:14717:17605	extended_3UTR_DCG_Soc1_w_forward_primer	100.000	85	0	0	1	85	31	115	7.16e-43	154
M03997:68:000000000-G35DK:1:2103:20605:26433	extended_3UTR_DCG_Soc1_w_forward_primer	100.000	19	0	0	1	19	7	25	5.09e-07	35.6
M03997:68:000000000-G35DK:1:2103:24945:7884	extended_3UTR_DCG_Soc1_w_forward_primer	100.000	72	0	0	1	72	20	91	6.77e-36	131
M03997:68:000000000-G35DK:1:1102:16750:22841	extended_3UTR_DCG_Soc1_w_forward_primer	100.000	17	0	0	1	17	8	24	1.79e-06	31.9
M03997:68:000000000-G35DK:1:2101:16609:28114	extended_3UTR_DCG_Soc1_w_forward_primer	100.000	56	0	0	1	56	60	115	2.45e-27	102
M03997:68:000000000-G35DK:1:1103:28663:16618	extended_3UTR_DCG_Soc1_w_forward_primer	100.000	18	0	0	1	18	7	24	5.34e-07	33.7
M03997:68:000000000-G35DK:1:1102:22279:5343	extended_3UTR_DCG_Soc1_w_forward_primer	100.000	79	0	0	1	79	13	91	1.19e-39	143
M03997:68:000000000-G35DK:1:1104:7193:17927	extended_3UTR_DCG_Soc1_w_forward_primer	100.000	57	0	0	1	57	56	112	7.17e-28	104
M03997:68:000000000-G35DK:1:2102:15816:20304	extended_3UTR_DCG_Soc1_w_forward_primer	100.000	84	0	0	1	84	13	96	2.47e-42	152
M03997:68:000000000-G35DK:1:1103:10521:10920	extended_3UTR_DCG_Soc1_w_forward_primer	100.000	17	0	0	1	17	8	24	2.25e-06	31.9
M03997:68:000000000-G35DK:1:2104:11733:26929	extended_3UTR_DCG_Soc1_w_forward_primer	100.000	96	0	0	1	96	48	143	8.75e-49	174
M03997:68:000000000-G35DK:1:1103:24221:9543	extended_3UTR_DCG_Soc1_w_forward_primer	100.000	93	0	0	1	93	13	105	3.59e-47	168
M03997:68:000000000-G35DK:1:2103:26259:15142	extended_3UTR_DCG_Soc1_w_forward_primer	100.000	56	0	0	1	56	88	143	2.45e-27	102
M03997:68:000000000-G35DK:1:2102:20660:11473	extended_3UTR_DCG_Soc1_w_forward_primer	100.000	17	0	0	1	17	8	24	3.72e-06	31.9
M03997:68:000000000-G35DK:1:1102:16149:14507	extended_3UTR_DCG_Soc1_w_forward_primer	100.000	47	0	0	1	47	66	112	1.57e-22	86.0
M03997:68:000000000-G35DK:1:1103:15119:16905	extended_3UTR_DCG_Soc1_w_forward_primer	100.000	18	0	0	1	18	7	24	1.78e-06	33.7
M03997:68:000000000-G35DK:1:1101:18904:10492	extended_3UTR_DCG_Soc1_w_forward_primer	100.000	77	0	0	1	77	23	99	1.41e-38	140
M03997:68:000000000-G35DK:1:1104:12520:22380	extended_3UTR_DCG_Soc1_w_forward_primer	100.000	20	0	0	1	20	5	24	6.21e-08	37.4
M03997:68:000000000-G35DK:1:1103:25982:22733	extended_3UTR_DCG_Soc1_w_forward_primer	100.000	20	0	0	1	20	5	24	8.02e-08	37.4
M03997:68:000000000-G35DK:1:2103:10518:27337	extended_3UTR_DCG_Soc1_w_forward_primer	100.000	44	0	0	1	44	13	56	6.16e-21	80.6
M03997:68:000000000-G35DK:1:1104:5077:8370	extended_3UTR_DCG_Soc1_w_forward_primer	100.000	78	0	0	1	78	56	133	4.10e-39	141
M03997:68:000000000-G35DK:1:1102:24522:23449	extended_3UTR_DCG_Soc1_w_forward_primer	100.000	19	0	0	1	19	8	26	2.67e-07	35.6
M03997:68:000000000-G35DK:1:2104:18545:16388	extended_3UTR_DCG_Soc1_w_forward_primer	100.000	18	0	0	1	18	7	24	5.34e-07	33.7
M03997:68:000000000-G35DK:1:2104:27105:19584	extended_3UTR_DCG_Soc1_w_forward_primer	100.000	18	0	0	1	18	7	24	1.60e-06	33.7
M03997:68:000000000-G35DK:1:1101:7704:10593	extended_3UTR_DCG_Soc1_w_forward_primer	100.000	19	0	0	1	19	8	26	1.83e-06	35.6
M03997:68:000000000-G35DK:1:1104:9031:19851	extended_3UTR_DCG_Soc1_w_forward_primer	100.000	24	0	0	31	54	1	24	5.77e-10	44.6
M03997:68:000000000-G35DK:1:2101:11761:15023	extended_3UTR_DCG_Soc1_w_forward_primer	100.000	17	0	0	1	17	8	24	1.63e-06	31.9
M03997:68:000000000-G35DK:1:2101:22996:11365	extended_3UTR_DCG_Soc1_w_forward_primer	100.000	28	0	0	1	28	135	162	2.38e-11	51.8
M03997:68:000000000-G35DK:1:1101:25767:13045	extended_3UTR_DCG_Soc1_w_forward_primer	100.000	18	0	0	1	18	7	24	1.35e-06	33.7
M03997:68:000000000-G35DK:1:2104:20815:13379	extended_3UTR_DCG_Soc1_w_forward_primer	99.320	147	1	0	1	147	13	159	1.20e-74	260
M03997:68:000000000-G35DK:1:2101:11838:12353	extended_3UTR_DCG_Soc1_w_forward_primer	100.000	82	0	0	1	82	29	110	2.92e-41	149
M03997:68:000000000-G35DK:1:2104:10553:24283	extended_3UTR_DCG_Soc1_w_forward_primer	100.000	55	0	0	1	55	54	108	8.37e-27	100
M03997:68:000000000-G35DK:1:2101:14038:13156	extended_3UTR_DCG_Soc1_w_forward_primer	100.000	20	0	0	1	20	5	24	1.85e-07	37.4
M03997:68:000000000-G35DK:1:1103:6161:17194	extended_3UTR_DCG_Soc1_w_forward_primer	100.000	20	0	0	1	20	5	24	4.20e-08	37.4
M03997:68:000000000-G35DK:1:1104:19807:9854	extended_3UTR_DCG_Soc1_w_forward_primer	76.190	42	5	1	1	42	13	49	9.73e-06	31.9
M03997:68:000000000-G35DK:1:2101:6258:8216	extended_3UTR_DCG_Soc1_w_forward_primer	100.000	72	0	0	1	72	72	143	6.77e-36	131
M03997:68:000000000-G35DK:1:1102:18946:14613	extended_3UTR_DCG_Soc1_w_forward_primer	100.000	58	0	0	1	58	58	115	2.10e-28	105
M03997:68:000000000-G35DK:1:1103:20377:7815	extended_3UTR_DCG_Soc1_w_forward_primer	100.000	18	0	0	1	18	7	24	2.12e-06	33.7
M03997:68:000000000-G35DK:1:1104:8318:20582	extended_3UTR_DCG_Soc1_w_forward_primer	100.000	110	0	0	1	110	12	121	2.52e-56	199
M03997:68:000000000-G35DK:1:1101:4036:16542	extended_3UTR_DCG_Soc1_w_forward_primer	100.000	21	0	0	54	74	1	21	3.39e-08	39.2
M03997:68:000000000-G35DK:1:1103:15376:17999	extended_3UTR_DCG_Soc1_w_forward_primer	76.190	42	5	1	1	42	13	49	6.74e-06	31.9
M03997:68:000000000-G35DK:1:1103:21595:6832	extended_3UTR_DCG_Soc1_w_forward_primer	78.723	47	5	1	1	47	8	49	1.11e-08	41.0
M03997:68:000000000-G35DK:1:2101:23394:19826	extended_3UTR_DCG_Soc1_w_forward_primer	100.000	18	0	0	1	18	8	25	1.13e-06	33.7
M03997:68:000000000-G35DK:1:1102:12622:16816	extended_3UTR_DCG_Soc1_w_forward_primer	100.000	18	0	0	1	18	7	24	2.32e-06	33.7
M03997:68:000000000-G35DK:1:2102:11116:21046	extended_3UTR_DCG_Soc1_w_forward_primer	100.000	21	0	0	151	171	1	21	8.38e-08	39.2
M03997:68:000000000-G35DK:1:2101:17492:22609	extended_3UTR_DCG_Soc1_w_forward_primer	100.000	123	0	0	1	123	13	135	2.49e-63	223
M03997:68:000000000-G35DK:1:1101:16832:9688	extended_3UTR_DCG_Soc1_w_forward_primer	100.000	38	0	0	1	38	13	50	9.28e-18	69.8
M03997:68:000000000-G35DK:1:1104:10409:19674	extended_3UTR_DCG_Soc1_w_forward_primer	100.000	18	0	0	1	18	7	24	1.84e-06	33.7
M03997:68:000000000-G35DK:1:1102:8737:6383	extended_3UTR_DCG_Soc1_w_forward_primer	98.864	88	1	0	1	88	48	135	2.72e-42	154
M03997:68:000000000-G35DK:1:2101:23861:15722	extended_3UTR_DCG_Soc1_w_forward_primer	100.000	114	0	0	1	114	13	126	1.76e-58	206
M03997:68:000000000-G35DK:1:2102:16547:20052	extended_3UTR_DCG_Soc1_w_forward_primer	100.000	52	0	0	1	52	7	58	3.33e-25	95.1
M03997:68:000000000-G35DK:1:1102:24415:13675	extended_3UTR_DCG_Soc1_w_forward_primer	100.000	77	0	0	1	77	29	105	1.41e-38	140
M03997:68:000000000-G35DK:1:2101:5468:18067	extended_3UTR_DCG_Soc1_w_forward_primer	100.000	58	0	0	1	58	58	115	2.10e-28	105
M03997:68:000000000-G35DK:1:1102:13594:18610	extended_3UTR_DCG_Soc1_w_forward_primer	100.000	17	0	0	1	17	10	26	2.18e-06	31.9
M03997:68:000000000-G35DK:1:2101:10558:15955	extended_3UTR_DCG_Soc1_w_forward_primer	100.000	20	0	0	1	20	5	24	6.03e-08	37.4
M03997:68:000000000-G35DK:1:2103:9833:18399	extended_3UTR_DCG_Soc1_w_forward_primer	100.000	18	0	0	1	18	7	24	7.13e-07	33.7
M03997:68:000000000-G35DK:1:2103:5292:17737	extended_3UTR_DCG_Soc1_w_forward_primer	100.000	17	0	0	1	17	8	24	9.42e-06	31.9
M03997:68:000000000-G35DK:1:1102:7330:21473	extended_3UTR_DCG_Soc1_w_forward_primer	100.000	18	0	0	1	18	7	24	5.34e-07	33.7
M03997:68:000000000-G35DK:1:2104:27448:15342	extended_3UTR_DCG_Soc1_w_forward_primer	100.000	18	0	0	1	18	7	24	7.13e-07	33.7
M03997:68:000000000-G35DK:1:2101:18367:7119	extended_3UTR_DCG_Soc1_w_forward_primer	100.000	19	0	0	1	19	7	25	2.04e-07	35.6
M03997:68:000000000-G35DK:1:2102:13530:21158	extended_3UTR_DCG_Soc1_w_forward_primer	100.000	18	0	0	1	18	7	24	1.38e-06	33.7
M03997:68:000000000-G35DK:1:2104:24395:7285	extended_3UTR_DCG_Soc1_w_forward_primer	100.000	18	0	0	1	18	7	24	9.55e-07	33.7
M03997:68:000000000-G35DK:1:1102:9509:13786	extended_3UTR_DCG_Soc1_w_forward_primer	100.000	67	0	0	1	67	48	114	3.23e-33	122
M03997:68:000000000-G35DK:1:2101:26683:9956	extended_3UTR_DCG_Soc1_w_forward_primer	100.000	109	0	0	1	109	13	121	8.70e-56	197
M03997:68:000000000-G35DK:1:1103:12888:26152	extended_3UTR_DCG_Soc1_w_forward_primer	100.000	19	0	0	1	19	7	25	1.83e-06	35.6
M03997:68:000000000-G35DK:1:1104:22785:23170	extended_3UTR_DCG_Soc1_w_forward_primer	100.000	18	0	0	1	18	7	24	1.35e-06	33.7
M03997:68:000000000-G35DK:1:1102:20828:17326	extended_3UTR_DCG_Soc1_w_forward_primer	100.000	44	0	0	1	44	13	56	6.16e-21	80.6
M03997:68:000000000-G35DK:1:1102:13974:21022	extended_3UTR_DCG_Soc1_w_forward_primer	97.368	38	1	0	1	38	99	136	3.94e-16	64.4
M03997:68:000000000-G35DK:1:2103:21642:15538	extended_3UTR_DCG_Soc1_w_forward_primer	100.000	113	0	0	1	113	31	143	6.10e-58	205
M03997:68:000000000-G35DK:1:1103:21954:13742	extended_3UTR_DCG_Soc1_w_forward_primer	100.000	45	0	0	1	45	118	162	1.41e-20	82.4
M03997:68:000000000-G35DK:1:1104:3063:15938	extended_3UTR_DCG_Soc1_w_forward_primer	100.000	52	0	0	1	52	102	153	4.80e-25	95.1
M03997:68:000000000-G35DK:1:1102:12654:25651	extended_3UTR_DCG_Soc1_w_forward_primer	100.000	20	0	0	1	20	5	24	6.40e-08	37.4
M03997:68:000000000-G35DK:1:2103:26635:13555	extended_3UTR_DCG_Soc1_w_forward_primer	100.000	18	0	0	1	18	7	24	9.55e-07	33.7
M03997:68:000000000-G35DK:1:1101:22311:8141	extended_3UTR_DCG_Soc1_w_forward_primer	100.000	65	0	0	1	65	48	112	3.80e-32	118
M03997:68:000000000-G35DK:1:1103:6465:12921	extended_3UTR_DCG_Soc1_w_forward_primer	100.000	20	0	0	1	20	5	24	1.02e-07	37.4
M03997:68:000000000-G35DK:1:2102:11220:7294	extended_3UTR_DCG_Soc1_w_forward_primer	99.231	130	0	1	1	129	37	166	2.55e-64	226
M03997:68:000000000-G35DK:1:2104:9327:20213	extended_3UTR_DCG_Soc1_w_forward_primer	100.000	55	0	0	1	55	56	110	8.37e-27	100
M03997:68:000000000-G35DK:1:2101:17065:8251	extended_3UTR_DCG_Soc1_w_forward_primer	97.561	82	2	0	1	82	62	143	1.52e-38	140
M03997:68:000000000-G35DK:1:2102:11292:15405	extended_3UTR_DCG_Soc1_w_forward_primer	98.750	80	1	0	1	80	26	105	1.47e-38	140
M03997:68:000000000-G35DK:1:1101:22259:12687	extended_3UTR_DCG_Soc1_w_forward_primer	100.000	20	0	0	1	20	5	24	1.69e-07	37.4
M03997:68:000000000-G35DK:1:2101:13928:20579	extended_3UTR_DCG_Soc1_w_forward_primer	100.000	74	0	0	1	74	13	86	5.74e-37	134
M03997:68:000000000-G35DK:1:2102:14237:18202	extended_3UTR_DCG_Soc1_w_forward_primer	98.214	56	1	0	1	56	13	68	1.04e-25	96.9
M03997:68:000000000-G35DK:1:2102:10653:19540	extended_3UTR_DCG_Soc1_w_forward_primer	100.000	44	0	0	1	44	83	126	6.16e-21	80.6
M03997:68:000000000-G35DK:1:2104:8162:24449	extended_3UTR_DCG_Soc1_w_forward_primer	100.000	18	0	0	1	18	7	24	6.90e-07	33.7
M03997:68:000000000-G35DK:1:1102:8914:18706	extended_3UTR_DCG_Soc1_w_forward_primer	100.000	18	0	0	1	18	7	24	4.90e-07	33.7
M03997:68:000000000-G35DK:1:2101:24366:11042	extended_3UTR_DCG_Soc1_w_forward_primer	100.000	109	0	0	1	109	13	121	8.70e-56	197
M03997:68:000000000-G35DK:1:1101:8513:24627	extended_3UTR_DCG_Soc1_w_forward_primer	98.824	85	1	0	1	85	31	115	3.04e-41	149
M03997:68:000000000-G35DK:1:1103:28671:10967	extended_3UTR_DCG_Soc1_w_forward_primer	100.000	17	0	0	1	17	8	24	1.63e-06	31.9
M03997:68:000000000-G35DK:1:2101:11559:24878	extended_3UTR_DCG_Soc1_w_forward_primer	100.000	18	0	0	1	18	7	24	7.13e-07	33.7
M03997:68:000000000-G35DK:1:1101:13740:21834	extended_3UTR_DCG_Soc1_w_forward_primer	100.000	18	0	0	1	18	7	24	6.68e-07	33.7
M03997:68:000000000-G35DK:1:1102:25806:11293	extended_3UTR_DCG_Soc1_w_forward_primer	100.000	36	0	0	1	36	75	110	1.05e-16	66.2
M03997:68:000000000-G35DK:1:1101:9059:19523	extended_3UTR_DCG_Soc1_w_forward_primer	100.000	20	0	0	1	20	7	26	4.94e-08	37.4
M03997:68:000000000-G35DK:1:2103:10663:26161	extended_3UTR_DCG_Soc1_w_forward_primer	100.000	124	0	0	1	124	10	133	7.21e-64	224
M03997:68:000000000-G35DK:1:2102:17089:27941	extended_3UTR_DCG_Soc1_w_forward_primer	100.000	50	0	0	1	50	13	62	3.97e-24	91.5
M03997:68:000000000-G35DK:1:1104:20920:24898	extended_3UTR_DCG_Soc1_w_forward_primer	100.000	18	0	0	1	18	7	24	4.02e-07	33.7
M03997:68:000000000-G35DK:1:1102:18849:28383	extended_3UTR_DCG_Soc1_w_forward_primer	100.000	20	0	0	1	20	5	24	8.38e-08	37.4
M03997:68:000000000-G35DK:1:1102:14168:5420	extended_3UTR_DCG_Soc1_w_forward_primer	100.000	98	0	0	1	98	10	107	7.35e-50	178
M03997:68:000000000-G35DK:1:2103:14838:2190	extended_3UTR_DCG_Soc1_w_forward_primer	100.000	44	0	0	1	44	58	101	6.16e-21	80.6
M03997:68:000000000-G35DK:1:1104:4022:16657	extended_3UTR_DCG_Soc1_w_forward_primer	100.000	18	0	0	1	18	7	24	2.74e-06	33.7
M03997:68:000000000-G35DK:1:1102:5780:14077	extended_3UTR_DCG_Soc1_w_forward_primer	100.000	53	0	0	1	53	28	80	9.76e-26	96.9
M03997:68:000000000-G35DK:1:1102:5086:8370	extended_3UTR_DCG_Soc1_w_forward_primer	100.000	17	0	0	1	17	8	24	2.80e-06	31.9
M03997:68:000000000-G35DK:1:2104:16284:13371	extended_3UTR_DCG_Soc1_w_forward_primer	100.000	20	0	0	1	20	7	26	5.30e-08	37.4
M03997:68:000000000-G35DK:1:1104:27819:11343	extended_3UTR_DCG_Soc1_w_forward_primer	100.000	73	0	0	1	73	29	101	1.97e-36	132
M03997:68:000000000-G35DK:1:2102:11522:24376	extended_3UTR_DCG_Soc1_w_forward_primer	100.000	18	0	0	1	18	7	24	2.39e-06	33.7
M03997:68:000000000-G35DK:1:1103:8423:4098	extended_3UTR_DCG_Soc1_w_forward_primer	100.000	96	0	0	1	96	26	121	8.75e-49	174
M03997:68:000000000-G35DK:1:1104:20400:3564	extended_3UTR_DCG_Soc1_w_forward_primer	98.529	68	1	0	1	68	48	115	4.00e-32	118
M03997:68:000000000-G35DK:1:1104:22863:8888	extended_3UTR_DCG_Soc1_w_forward_primer	100.000	151	0	0	1	151	23	173	1.96e-78	273
M03997:68:000000000-G35DK:1:2101:29629:16379	extended_3UTR_DCG_Soc1_w_forward_primer	100.000	17	0	0	24	40	8	24	4.26e-06	31.9
M03997:68:000000000-G35DK:1:2103:7762:17875	extended_3UTR_DCG_Soc1_w_forward_primer	100.000	21	0	0	92	112	1	21	5.31e-08	39.2
M03997:68:000000000-G35DK:1:1102:16240:18826	extended_3UTR_DCG_Soc1_w_forward_primer	100.000	54	0	0	1	54	13	66	2.86e-26	98.7
M03997:68:000000000-G35DK:1:2104:18475:6774	extended_3UTR_DCG_Soc1_w_forward_primer	100.000	35	0	0	1	35	113	147	3.55e-16	64.4
M03997:68:000000000-G35DK:1:2101:12672:28926	extended_3UTR_DCG_Soc1_w_forward_primer	100.000	81	0	0	1	81	21	101	1.01e-40	147
M03997:68:000000000-G35DK:1:2101:4857:12779	extended_3UTR_DCG_Soc1_w_forward_primer	100.000	94	0	0	1	94	13	106	1.04e-47	170
M03997:68:000000000-G35DK:1:1102:9955:24864	extended_3UTR_DCG_Soc1_w_forward_primer	96.154	26	1	0	45	70	1	26	2.61e-09	42.8
M03997:68:000000000-G35DK:1:2102:19309:10155	extended_3UTR_DCG_Soc1_w_forward_primer	100.000	73	0	0	1	73	10	82	1.97e-36	132
M03997:68:000000000-G35DK:1:1101:27438:10896	extended_3UTR_DCG_Soc1_w_forward_primer	100.000	85	0	0	1	85	54	138	7.16e-43	154
M03997:68:000000000-G35DK:1:1103:15099:4618	extended_3UTR_DCG_Soc1_w_forward_primer	96.000	25	1	0	36	60	3	27	4.31e-08	41.0
M03997:68:000000000-G35DK:1:1102:23992:18275	extended_3UTR_DCG_Soc1_w_forward_primer	100.000	21	0	0	1	21	6	26	9.95e-09	39.2
M03997:68:000000000-G35DK:1:1102:25024:20510	extended_3UTR_DCG_Soc1_w_forward_primer	100.000	17	0	0	1	17	8	24	2.41e-06	31.9
M03997:68:000000000-G35DK:1:2104:10484:23066	extended_3UTR_DCG_Soc1_w_forward_primer	100.000	41	0	0	1	41	62	102	2.40e-19	75.2
M03997:68:000000000-G35DK:1:1103:18147:17181	extended_3UTR_DCG_Soc1_w_forward_primer	100.000	18	0	0	1	18	7	24	8.24e-07	33.7
M03997:68:000000000-G35DK:1:2101:7509:12216	extended_3UTR_DCG_Soc1_w_forward_primer	100.000	20	0	0	1	20	5	24	6.21e-08	37.4
M03997:68:000000000-G35DK:1:1103:15211:23827	extended_3UTR_DCG_Soc1_w_forward_primer	100.000	20	0	0	1	20	7	26	5.85e-08	37.4
M03997:68:000000000-G35DK:1:2104:13529:19508	extended_3UTR_DCG_Soc1_w_forward_primer	100.000	18	0	0	1	18	7	24	1.82e-06	33.7
M03997:68:000000000-G35DK:1:2103:27848:21920	extended_3UTR_DCG_Soc1_w_forward_primer	95.455	22	1	0	1	22	7	28	2.17e-07	35.6
M03997:68:000000000-G35DK:1:1103:10217:9677	extended_3UTR_DCG_Soc1_w_forward_primer	100.000	20	0	0	1	20	5	24	6.03e-08	37.4
M03997:68:000000000-G35DK:1:1102:26426:11259	extended_3UTR_DCG_Soc1_w_forward_primer	77.778	45	5	1	1	45	10	49	2.34e-07	37.4
M03997:68:000000000-G35DK:1:2102:11286:4012	extended_3UTR_DCG_Soc1_w_forward_primer	100.000	40	0	0	1	40	113	152	8.12e-19	73.4
M03997:68:000000000-G35DK:1:2101:14973:22952	extended_3UTR_DCG_Soc1_w_forward_primer	100.000	84	0	0	1	84	50	133	2.47e-42	152
M03997:68:000000000-G35DK:1:1101:10275:9299	extended_3UTR_DCG_Soc1_w_forward_primer	100.000	21	0	0	137	157	1	21	7.65e-08	39.2
M03997:68:000000000-G35DK:1:2101:21770:25031	extended_3UTR_DCG_Soc1_w_forward_primer	100.000	80	0	0	1	80	83	162	1.41e-39	145
M03997:68:000000000-G35DK:1:2103:25785:23393	extended_3UTR_DCG_Soc1_w_forward_primer	100.000	19	0	0	1	19	8	26	1.98e-07	35.6
M03997:68:000000000-G35DK:1:2104:17113:24073	extended_3UTR_DCG_Soc1_w_forward_primer	100.000	52	0	0	1	52	5	56	3.33e-25	95.1
M03997:68:000000000-G35DK:1:1103:9332:19544	extended_3UTR_DCG_Soc1_w_forward_primer	100.000	20	0	0	1	20	7	26	1.71e-07	37.4
M03997:68:000000000-G35DK:1:2104:22753:19668	extended_3UTR_DCG_Soc1_w_forward_primer	100.000	17	0	0	1	17	8	24	2.25e-06	31.9
M03997:68:000000000-G35DK:1:1103:9155:16015	extended_3UTR_DCG_Soc1_w_forward_primer	100.000	61	0	0	1	61	170	230	5.24e-30	111
M03997:68:000000000-G35DK:1:1101:13388:15392	extended_3UTR_DCG_Soc1_w_forward_primer	98.000	100	0	1	1	98	13	112	3.81e-47	168
M03997:68:000000000-G35DK:1:2104:7468:5626	extended_3UTR_DCG_Soc1_w_forward_primer	82.143	56	8	1	1	54	149	204	4.78e-12	53.6
M03997:68:000000000-G35DK:1:1101:20098:9868	extended_3UTR_DCG_Soc1_w_forward_primer	100.000	20	0	0	1	20	7	26	5.85e-08	37.4
M03997:68:000000000-G35DK:1:1103:19761:28497	extended_3UTR_DCG_Soc1_w_forward_primer	76.190	42	5	1	1	42	13	49	5.35e-06	31.9
M03997:68:000000000-G35DK:1:1101:22604:13235	extended_3UTR_DCG_Soc1_w_forward_primer	100.000	60	0	0	1	60	74	133	1.79e-29	109
M03997:68:000000000-G35DK:1:2104:12833:21200	extended_3UTR_DCG_Soc1_w_forward_primer	99.000	100	1	0	1	100	13	112	2.62e-49	176
M03997:68:000000000-G35DK:1:1104:19923:9460	extended_3UTR_DCG_Soc1_w_forward_primer	95.238	21	1	0	1	21	7	27	6.01e-07	33.7
M03997:68:000000000-G35DK:1:2101:22256:8990	extended_3UTR_DCG_Soc1_w_forward_primer	100.000	44	0	0	1	44	48	91	6.16e-21	80.6
M03997:68:000000000-G35DK:1:1103:22052:17706	extended_3UTR_DCG_Soc1_w_forward_primer	100.000	34	0	0	1	34	58	91	1.19e-15	62.6
M03997:68:000000000-G35DK:1:2101:27501:20017	extended_3UTR_DCG_Soc1_w_forward_primer	76.190	42	5	1	1	42	13	49	3.72e-06	31.9
M03997:68:000000000-G35DK:1:1104:19472:16367	extended_3UTR_DCG_Soc1_w_forward_primer	100.000	71	0	0	1	71	83	153	3.04e-35	129
M03997:68:000000000-G35DK:1:1101:19676:24350	extended_3UTR_DCG_Soc1_w_forward_primer	100.000	19	0	0	1	19	7	25	2.73e-07	35.6
M03997:68:000000000-G35DK:1:2103:10145:27160	extended_3UTR_DCG_Soc1_w_forward_primer	99.074	108	1	0	1	108	31	138	1.28e-53	190
M03997:68:000000000-G35DK:1:1104:10899:12593	extended_3UTR_DCG_Soc1_w_forward_primer	98.765	81	1	0	1	81	56	136	4.28e-39	141
M03997:68:000000000-G35DK:1:1103:8697:6529	extended_3UTR_DCG_Soc1_w_forward_primer	99.107	112	1	0	1	112	10	121	8.97e-56	197
M03997:68:000000000-G35DK:1:2101:19674:24589	extended_3UTR_DCG_Soc1_w_forward_primer	76.190	42	5	1	1	42	13	49	5.19e-06	31.9
M03997:68:000000000-G35DK:1:1101:22411:12613	extended_3UTR_DCG_Soc1_w_forward_primer	96.429	28	1	0	1	28	23	50	7.06e-11	46.4
M03997:68:000000000-G35DK:1:1103:10714:12826	extended_3UTR_DCG_Soc1_w_forward_primer	95.455	22	0	1	1	21	5	26	3.80e-06	31.9
M03997:68:000000000-G35DK:1:1103:9307:10863	extended_3UTR_DCG_Soc1_w_forward_primer	100.000	45	0	0	1	45	93	137	1.81e-21	82.4
M03997:68:000000000-G35DK:1:1104:16164:13924	extended_3UTR_DCG_Soc1_w_forward_primer	100.000	17	0	0	1	17	8	24	1.63e-06	31.9
M03997:68:000000000-G35DK:1:2103:14409:4093	extended_3UTR_DCG_Soc1_w_forward_primer	100.000	38	0	0	1	38	29	66	9.28e-18	69.8
M03997:68:000000000-G35DK:1:1104:5388:13366	extended_3UTR_DCG_Soc1_w_forward_primer	100.000	42	0	0	1	42	66	107	7.08e-20	77.0
M03997:68:000000000-G35DK:1:2102:13622:11843	extended_3UTR_DCG_Soc1_w_forward_primer	100.000	58	0	0	1	58	74	131	2.10e-28	105
M03997:68:000000000-G35DK:1:1102:12575:19015	extended_3UTR_DCG_Soc1_w_forward_primer	100.000	21	0	0	1	21	5	25	1.62e-08	39.2
M03997:68:000000000-G35DK:1:1103:8704:14322	extended_3UTR_DCG_Soc1_w_forward_primer	100.000	18	0	0	1	18	7	24	1.49e-06	33.7
M03997:68:000000000-G35DK:1:2104:4101:13248	extended_3UTR_DCG_Soc1_w_forward_primer	96.842	95	1	1	1	95	23	115	2.32e-43	156
M03997:68:000000000-G35DK:1:1101:10604:9390	extended_3UTR_DCG_Soc1_w_forward_primer	100.000	100	0	0	1	100	13	112	6.17e-51	181
M03997:68:000000000-G35DK:1:1101:11349:21583	extended_3UTR_DCG_Soc1_w_forward_primer	96.053	76	3	0	1	76	46	121	1.07e-33	123
M03997:68:000000000-G35DK:1:2103:22070:12532	extended_3UTR_DCG_Soc1_w_forward_primer	100.000	103	0	0	1	103	13	115	1.48e-52	187
M03997:68:000000000-G35DK:1:1101:5700:14168	extended_3UTR_DCG_Soc1_w_forward_primer	100.000	86	0	0	1	86	74	159	2.08e-43	156
M03997:68:000000000-G35DK:1:1104:18394:16704	extended_3UTR_DCG_Soc1_w_forward_primer	100.000	21	0	0	88	108	1	21	5.10e-08	39.2
M03997:68:000000000-G35DK:1:2104:26704:20789	extended_3UTR_DCG_Soc1_w_forward_primer	100.000	94	0	0	1	94	61	154	1.26e-47	170
M03997:68:000000000-G35DK:1:1101:14121:10623	extended_3UTR_DCG_Soc1_w_forward_primer	100.000	20	0	0	1	20	5	24	5.85e-08	37.4
M03997:68:000000000-G35DK:1:2104:10062:26760	extended_3UTR_DCG_Soc1_w_forward_primer	100.000	85	0	0	1	85	7	91	7.16e-43	154
M03997:68:000000000-G35DK:1:2104:24172:8490	extended_3UTR_DCG_Soc1_w_forward_primer	98.765	81	1	0	1	81	11	91	4.28e-39	141
M03997:68:000000000-G35DK:1:1103:28596:15187	extended_3UTR_DCG_Soc1_w_forward_primer	100.000	50	0	0	1	50	15	64	3.97e-24	91.5
M03997:68:000000000-G35DK:1:1102:19399:16337	extended_3UTR_DCG_Soc1_w_forward_primer	100.000	28	0	0	1	28	19	46	2.38e-11	51.8
M03997:68:000000000-G35DK:1:1102:27959:21490	extended_3UTR_DCG_Soc1_w_forward_primer	100.000	20	0	0	1	20	5	24	2.05e-07	37.4
M03997:68:000000000-G35DK:1:1103:15587:6845	extended_3UTR_DCG_Soc1_w_forward_primer	100.000	20	0	0	1	20	5	24	2.09e-07	37.4
M03997:68:000000000-G35DK:1:1101:25782:14770	extended_3UTR_DCG_Soc1_w_forward_primer	100.000	18	0	0	1	18	7	24	1.09e-06	33.7
M03997:68:000000000-G35DK:1:2102:15227:14325	extended_3UTR_DCG_Soc1_w_forward_primer	100.000	18	0	0	1	18	7	24	2.04e-06	33.7
M03997:68:000000000-G35DK:1:1103:14952:25560	extended_3UTR_DCG_Soc1_w_forward_primer	100.000	19	0	0	1	19	6	24	2.86e-07	35.6
M03997:68:000000000-G35DK:1:2104:15858:17010	extended_3UTR_DCG_Soc1_w_forward_primer	100.000	34	0	0	1	34	31	64	1.29e-15	62.6
M03997:68:000000000-G35DK:1:1103:18342:9895	extended_3UTR_DCG_Soc1_w_forward_primer	100.000	43	0	0	1	43	12	54	2.09e-20	78.8
M03997:68:000000000-G35DK:1:2101:5064:19002	extended_3UTR_DCG_Soc1_w_forward_primer	93.103	29	2	0	1	29	5	33	2.71e-10	44.6
M03997:68:000000000-G35DK:1:1103:9696:14034	extended_3UTR_DCG_Soc1_w_forward_primer	100.000	66	0	0	1	66	97	162	1.15e-32	120
M03997:68:000000000-G35DK:1:2101:5509:21685	extended_3UTR_DCG_Soc1_w_forward_primer	97.500	40	1	0	1	40	7	46	3.45e-17	68.0
M03997:68:000000000-G35DK:1:1104:20164:21480	extended_3UTR_DCG_Soc1_w_forward_primer	96.825	63	0	1	1	61	37	99	2.71e-27	102
M03997:68:000000000-G35DK:1:1101:27162:9719	extended_3UTR_DCG_Soc1_w_forward_primer	100.000	18	0	0	1	18	7	24	1.78e-06	33.7
M03997:68:000000000-G35DK:1:1103:11040:8102	extended_3UTR_DCG_Soc1_w_forward_primer	100.000	18	0	0	1	18	7	24	1.89e-06	33.7
M03997:68:000000000-G35DK:1:2104:11457:10091	extended_3UTR_DCG_Soc1_w_forward_primer	98.558	208	3	0	1	208	13	220	6.91e-105	361
M03997:68:000000000-G35DK:1:2101:29434:15814	extended_3UTR_DCG_Soc1_w_forward_primer	99.123	114	1	0	1	114	13	126	7.50e-57	201
M03997:68:000000000-G35DK:1:1104:19156:8112	extended_3UTR_DCG_Soc1_w_forward_primer	98.020	101	2	0	1	101	54	154	2.90e-48	174
M03997:68:000000000-G35DK:1:1101:28471:17788	extended_3UTR_DCG_Soc1_w_forward_primer	100.000	17	0	0	1	17	8	24	4.26e-06	31.9
M03997:68:000000000-G35DK:1:2101:22670:20201	extended_3UTR_DCG_Soc1_w_forward_primer	100.000	17	0	0	1	17	8	24	3.19e-06	31.9
M03997:68:000000000-G35DK:1:2103:19600:24237	extended_3UTR_DCG_Soc1_w_forward_primer	100.000	21	0	0	33	53	1	21	2.30e-08	39.2
M03997:68:000000000-G35DK:1:1101:17086:13807	extended_3UTR_DCG_Soc1_w_forward_primer	100.000	21	0	0	1	21	7	27	2.24e-08	39.2
M03997:68:000000000-G35DK:1:1102:15447:16498	extended_3UTR_DCG_Soc1_w_forward_primer	100.000	83	0	0	1	83	12	94	8.49e-42	150
M03997:68:000000000-G35DK:1:2102:23307:11921	extended_3UTR_DCG_Soc1_w_forward_primer	95.833	24	0	1	1	23	5	28	2.17e-07	35.6
M03997:68:000000000-G35DK:1:2102:13632:15434	extended_3UTR_DCG_Soc1_w_forward_primer	100.000	20	0	0	1	20	5	24	5.48e-08	37.4
M03997:68:000000000-G35DK:1:1104:25065:11442	extended_3UTR_DCG_Soc1_w_forward_primer	100.000	18	0	0	1	18	7	24	1.82e-06	33.7
M03997:68:000000000-G35DK:1:2101:16921:3347	extended_3UTR_DCG_Soc1_w_forward_primer	97.826	46	1	0	1	46	21	66	2.39e-20	78.8
M03997:68:000000000-G35DK:1:1103:15821:22337	extended_3UTR_DCG_Soc1_w_forward_primer	100.000	80	0	0	1	80	29	108	3.47e-40	145
M03997:68:000000000-G35DK:1:2103:12023:9315	extended_3UTR_DCG_Soc1_w_forward_primer	100.000	42	0	0	1	42	99	140	7.08e-20	77.0
M03997:68:000000000-G35DK:1:2102:25921:21581	extended_3UTR_DCG_Soc1_w_forward_primer	100.000	21	0	0	61	81	1	21	3.76e-08	39.2
M03997:68:000000000-G35DK:1:2103:28400:18548	extended_3UTR_DCG_Soc1_w_forward_primer	100.000	136	0	0	1	136	21	156	2.65e-70	246
M03997:68:000000000-G35DK:1:2103:14844:12252	extended_3UTR_DCG_Soc1_w_forward_primer	100.000	18	0	0	1	18	7	24	8.02e-07	33.7
M03997:68:000000000-G35DK:1:1101:3380:9882	extended_3UTR_DCG_Soc1_w_forward_primer	98.958	96	1	0	1	96	48	143	3.72e-47	168
M03997:68:000000000-G35DK:1:2104:6396:15370	extended_3UTR_DCG_Soc1_w_forward_primer	100.000	27	0	0	1	27	11	37	5.50e-12	50.0
M03997:68:000000000-G35DK:1:2101:4733:20359	extended_3UTR_DCG_Soc1_w_forward_primer	100.000	53	0	0	1	53	62	114	9.76e-26	96.9
M03997:68:000000000-G35DK:1:1102:4821:22875	extended_3UTR_DCG_Soc1_w_forward_primer	100.000	20	0	0	1	20	5	24	8.38e-08	37.4
M03997:68:000000000-G35DK:1:2102:21313:24826	extended_3UTR_DCG_Soc1_w_forward_primer	100.000	18	0	0	1	18	7	24	1.38e-06	33.7
M03997:68:000000000-G35DK:1:2101:15442:28034	extended_3UTR_DCG_Soc1_w_forward_primer	100.000	20	0	0	1	20	5	24	2.58e-07	37.4
M03997:68:000000000-G35DK:1:2102:20840:11772	extended_3UTR_DCG_Soc1_w_forward_primer	98.305	59	1	0	1	59	97	155	1.50e-26	102
M03997:68:000000000-G35DK:1:2102:18806:22998	extended_3UTR_DCG_Soc1_w_forward_primer	100.000	21	0	0	42	62	1	21	2.77e-08	39.2
M03997:68:000000000-G35DK:1:2104:18276:27266	extended_3UTR_DCG_Soc1_w_forward_primer	100.000	24	0	0	57	80	1	24	8.96e-10	44.6
M03997:68:000000000-G35DK:1:2104:9863:19954	extended_3UTR_DCG_Soc1_w_forward_primer	100.000	19	0	0	1	19	7	25	2.04e-07	35.6
M03997:68:000000000-G35DK:1:1104:21953:13183	extended_3UTR_DCG_Soc1_w_forward_primer	100.000	18	0	0	1	18	7	24	5.79e-07	33.7
M03997:68:000000000-G35DK:1:1102:11218:13350	extended_3UTR_DCG_Soc1_w_forward_primer	100.000	84	0	0	1	84	26	109	2.47e-42	152
M03997:68:000000000-G35DK:1:2102:16079:24542	extended_3UTR_DCG_Soc1_w_forward_primer	100.000	18	0	0	1	18	7	24	8.68e-07	33.7
M03997:68:000000000-G35DK:1:2103:21664:14663	extended_3UTR_DCG_Soc1_w_forward_primer	100.000	17	0	0	1	17	8	24	3.49e-06	31.9
M03997:68:000000000-G35DK:1:2101:15964:20114	extended_3UTR_DCG_Soc1_w_forward_primer	100.000	83	0	0	1	83	26	108	8.49e-42	150
M03997:68:000000000-G35DK:1:2102:18782:8420	extended_3UTR_DCG_Soc1_w_forward_primer	90.476	21	2	0	1	21	13	33	5.97e-06	30.1
M03997:68:000000000-G35DK:1:2103:6916:14535	extended_3UTR_DCG_Soc1_w_forward_primer	100.000	17	0	0	1	17	8	24	1.63e-06	31.9
M03997:68:000000000-G35DK:1:2102:9156:4252	extended_3UTR_DCG_Soc1_w_forward_primer	100.000	49	0	0	1	49	106	154	9.49e-23	89.7
M03997:68:000000000-G35DK:1:1103:14324:27934	extended_3UTR_DCG_Soc1_w_forward_primer	100.000	51	0	0	1	51	14	64	1.13e-24	93.3
M03997:68:000000000-G35DK:1:1102:8128:15600	extended_3UTR_DCG_Soc1_w_forward_primer	80.000	50	5	1	1	50	5	49	1.62e-10	46.4
M03997:68:000000000-G35DK:1:1102:15157:8067	extended_3UTR_DCG_Soc1_w_forward_primer	98.913	92	1	0	1	92	21	112	5.27e-45	161
M03997:68:000000000-G35DK:1:1101:3316:9800	extended_3UTR_DCG_Soc1_w_forward_primer	100.000	17	0	0	1	17	8	24	1.55e-06	31.9
M03997:68:000000000-G35DK:1:2101:16149:17515	extended_3UTR_DCG_Soc1_w_forward_primer	100.000	37	0	0	1	37	107	143	3.13e-17	68.0
M03997:68:000000000-G35DK:1:1103:26657:15827	extended_3UTR_DCG_Soc1_w_forward_primer	100.000	46	0	0	1	46	13	58	5.34e-22	84.2
M03997:68:000000000-G35DK:1:1101:17501:21027	extended_3UTR_DCG_Soc1_w_forward_primer	100.000	59	0	0	1	59	52	110	6.13e-29	107
M03997:68:000000000-G35DK:1:1102:10192:9825	extended_3UTR_DCG_Soc1_w_forward_primer	76.190	42	5	1	1	42	13	49	7.34e-06	31.9
M03997:68:000000000-G35DK:1:2102:8049:14606	extended_3UTR_DCG_Soc1_w_forward_primer	100.000	20	0	0	1	20	7	26	3.47e-08	37.4
M03997:68:000000000-G35DK:1:2101:15707:11984	extended_3UTR_DCG_Soc1_w_forward_primer	100.000	109	0	0	1	109	13	121	8.70e-56	197
M03997:68:000000000-G35DK:1:2104:11843:3134	extended_3UTR_DCG_Soc1_w_forward_primer	100.000	21	0	0	48	68	1	21	3.08e-08	39.2
M03997:68:000000000-G35DK:1:1102:12061:6933	extended_3UTR_DCG_Soc1_w_forward_primer	100.000	107	0	0	1	107	13	119	1.04e-54	194
M03997:68:000000000-G35DK:1:1102:22711:17948	extended_3UTR_DCG_Soc1_w_forward_primer	98.485	66	1	0	1	66	13	78	4.71e-31	114
M03997:68:000000000-G35DK:1:2103:18187:17401	extended_3UTR_DCG_Soc1_w_forward_primer	100.000	20	0	0	1	20	7	26	9.29e-08	37.4
M03997:68:000000000-G35DK:1:1103:9844:10429	extended_3UTR_DCG_Soc1_w_forward_primer	100.000	41	0	0	1	41	13	53	2.09e-18	75.2
M03997:68:000000000-G35DK:1:2103:14593:5787	extended_3UTR_DCG_Soc1_w_forward_primer	100.000	18	0	0	1	18	7	24	9.77e-07	33.7
M03997:68:000000000-G35DK:1:2104:13516:13052	extended_3UTR_DCG_Soc1_w_forward_primer	100.000	18	0	0	1	18	7	24	1.82e-06	33.7
M03997:68:000000000-G35DK:1:1102:25707:9809	extended_3UTR_DCG_Soc1_w_forward_primer	100.000	79	0	0	1	79	29	107	1.19e-39	143
M03997:68:000000000-G35DK:1:1102:7936:20768	extended_3UTR_DCG_Soc1_w_forward_primer	100.000	29	0	0	3	31	115	143	5.47e-13	53.6
M03997:68:000000000-G35DK:1:2103:14682:27072	extended_3UTR_DCG_Soc1_w_forward_primer	100.000	18	0	0	1	18	7	24	9.77e-07	33.7
M03997:68:000000000-G35DK:1:2103:20573:25754	extended_3UTR_DCG_Soc1_w_forward_primer	98.611	72	1	0	1	72	105	176	2.88e-34	125
M03997:68:000000000-G35DK:1:1101:7324:13947	extended_3UTR_DCG_Soc1_w_forward_primer	100.000	82	0	0	1	82	29	110	2.92e-41	149
M03997:68:000000000-G35DK:1:2101:8126:16270	extended_3UTR_DCG_Soc1_w_forward_primer	100.000	18	0	0	1	18	7	24	1.49e-06	33.7
M03997:68:000000000-G35DK:1:2104:9945:22779	extended_3UTR_DCG_Soc1_w_forward_primer	100.000	21	0	0	52	72	1	21	3.29e-08	39.2
M03997:68:000000000-G35DK:1:1101:19151:23808	extended_3UTR_DCG_Soc1_w_forward_primer	100.000	85	0	0	1	85	37	121	7.16e-43	154
M03997:68:000000000-G35DK:1:2103:14116:19709	extended_3UTR_DCG_Soc1_w_forward_primer	100.000	16	0	0	1	16	10	25	9.77e-06	30.1
M03997:68:000000000-G35DK:1:2103:13689:6654	extended_3UTR_DCG_Soc1_w_forward_primer	100.000	48	0	0	1	48	91	138	4.61e-23	87.8
M03997:68:000000000-G35DK:1:2102:19712:23050	extended_3UTR_DCG_Soc1_w_forward_primer	100.000	54	0	0	1	54	13	66	2.86e-26	98.7
M03997:68:000000000-G35DK:1:2101:11747:9860	extended_3UTR_DCG_Soc1_w_forward_primer	100.000	21	0	0	54	74	1	21	3.39e-08	39.2
M03997:68:000000000-G35DK:1:2104:4413:14085	extended_3UTR_DCG_Soc1_w_forward_primer	100.000	18	0	0	1	18	7	24	2.08e-06	33.7
M03997:68:000000000-G35DK:1:2101:18203:15593	extended_3UTR_DCG_Soc1_w_forward_primer	100.000	18	0	0	1	18	7	24	7.13e-07	33.7
M03997:68:000000000-G35DK:1:2102:5828:6491	extended_3UTR_DCG_Soc1_w_forward_primer	100.000	20	0	0	1	20	7	26	5.30e-08	37.4
M03997:68:000000000-G35DK:1:1101:8296:5743	extended_3UTR_DCG_Soc1_w_forward_primer	95.238	21	1	0	1	21	8	28	8.46e-07	33.7
M03997:68:000000000-G35DK:1:2103:16333:22938	extended_3UTR_DCG_Soc1_w_forward_primer	100.000	78	0	0	1	78	56	133	4.10e-39	141
M03997:68:000000000-G35DK:1:2103:17341:2892	extended_3UTR_DCG_Soc1_w_forward_primer	89.655	29	0	1	1	29	7	32	6.03e-08	37.4
M03997:68:000000000-G35DK:1:2101:13975:11180	extended_3UTR_DCG_Soc1_w_forward_primer	100.000	89	0	0	1	89	13	101	5.08e-45	161
M03997:68:000000000-G35DK:1:1104:13191:2575	extended_3UTR_DCG_Soc1_w_forward_primer	100.000	102	0	0	1	102	13	114	5.10e-52	185
M03997:68:000000000-G35DK:1:2102:27390:15122	extended_3UTR_DCG_Soc1_w_forward_primer	100.000	20	0	0	1	20	7	26	3.47e-08	37.4
M03997:68:000000000-G35DK:1:1102:16012:18274	extended_3UTR_DCG_Soc1_w_forward_primer	100.000	18	0	0	1	18	7	24	1.49e-06	33.7
M03997:68:000000000-G35DK:1:2102:9971:11629	extended_3UTR_DCG_Soc1_w_forward_primer	100.000	51	0	0	1	51	112	162	7.79e-24	93.3
M03997:68:000000000-G35DK:1:1102:24770:10910	extended_3UTR_DCG_Soc1_w_forward_primer	100.000	80	0	0	1	80	31	110	3.47e-40	145
M03997:68:000000000-G35DK:1:1102:25642:10949	extended_3UTR_DCG_Soc1_w_forward_primer	100.000	21	0	0	62	82	1	21	3.81e-08	39.2
M03997:68:000000000-G35DK:1:1101:26397:10764	extended_3UTR_DCG_Soc1_w_forward_primer	100.000	54	0	0	1	54	13	66	2.86e-26	98.7
M03997:68:000000000-G35DK:1:2104:11562:15729	extended_3UTR_DCG_Soc1_w_forward_primer	100.000	108	0	0	1	108	26	133	3.01e-55	196
M03997:68:000000000-G35DK:1:1102:18293:18164	extended_3UTR_DCG_Soc1_w_forward_primer	98.837	86	1	0	1	86	58	143	8.84e-42	150
M03997:68:000000000-G35DK:1:1103:24999:13258	extended_3UTR_DCG_Soc1_w_forward_primer	100.000	19	0	0	1	19	7	25	2.23e-07	35.6
M03997:68:000000000-G35DK:1:1102:19911:21079	extended_3UTR_DCG_Soc1_w_forward_primer	100.000	20	0	0	1	20	5	24	1.94e-07	37.4
M03997:68:000000000-G35DK:1:2104:14098:10450	extended_3UTR_DCG_Soc1_w_forward_primer	100.000	93	0	0	1	93	13	105	3.59e-47	168
M03997:68:000000000-G35DK:1:1102:6429:13409	extended_3UTR_DCG_Soc1_w_forward_primer	100.000	35	0	0	1	35	48	82	3.55e-16	64.4
M03997:68:000000000-G35DK:1:1104:21573:14408	extended_3UTR_DCG_Soc1_w_forward_primer	100.000	18	0	0	1	18	7	24	5.34e-07	33.7
M03997:68:000000000-G35DK:1:2104:10468:7616	extended_3UTR_DCG_Soc1_w_forward_primer	100.000	18	0	0	1	18	7	24	6.68e-07	33.7
M03997:68:000000000-G35DK:1:2102:21991:24361	extended_3UTR_DCG_Soc1_w_forward_primer	100.000	54	0	0	1	54	29	82	2.86e-26	98.7
M03997:68:000000000-G35DK:1:1103:24061:4140	extended_3UTR_DCG_Soc1_w_forward_primer	100.000	22	0	0	1	22	5	26	2.85e-09	41.0
M03997:68:000000000-G35DK:1:2101:22214:25945	extended_3UTR_DCG_Soc1_w_forward_primer	100.000	18	0	0	1	18	7	24	8.46e-07	33.7
M03997:68:000000000-G35DK:1:2101:11178:21596	extended_3UTR_DCG_Soc1_w_forward_primer	95.238	21	1	0	72	92	1	21	1.84e-06	33.7
M03997:68:000000000-G35DK:1:1103:16393:18559	extended_3UTR_DCG_Soc1_w_forward_primer	100.000	18	0	0	1	18	7	24	9.55e-07	33.7
M03997:68:000000000-G35DK:1:2103:18016:11707	extended_3UTR_DCG_Soc1_w_forward_primer	100.000	60	0	0	1	60	48	107	1.79e-29	109
M03997:68:000000000-G35DK:1:2101:11240:3547	extended_3UTR_DCG_Soc1_w_forward_primer	100.000	20	0	0	1	20	5	24	6.40e-08	37.4
M03997:68:000000000-G35DK:1:1102:5287:23620	extended_3UTR_DCG_Soc1_w_forward_primer	90.000	30	3	0	1	30	7	36	7.78e-09	41.0
M03997:68:000000000-G35DK:1:1104:11992:3830	extended_3UTR_DCG_Soc1_w_forward_primer	100.000	18	0	0	1	18	7	24	4.45e-07	33.7
M03997:68:000000000-G35DK:1:1102:20962:14222	extended_3UTR_DCG_Soc1_w_forward_primer	100.000	20	0	0	1	20	5	24	3.84e-08	37.4
M03997:68:000000000-G35DK:1:2102:16735:8923	extended_3UTR_DCG_Soc1_w_forward_primer	100.000	19	0	0	1	19	7	25	6.85e-07	35.6
M03997:68:000000000-G35DK:1:1101:21331:22072	extended_3UTR_DCG_Soc1_w_forward_primer	100.000	18	0	0	1	18	7	24	4.90e-07	33.7
M03997:68:000000000-G35DK:1:1104:21833:3715	extended_3UTR_DCG_Soc1_w_forward_primer	100.000	21	0	0	152	172	1	21	8.43e-08	39.2
M03997:68:000000000-G35DK:1:1103:9060:16074	extended_3UTR_DCG_Soc1_w_forward_primer	100.000	118	0	0	1	118	26	143	1.23e-60	214
M03997:68:000000000-G35DK:1:2102:8204:6175	extended_3UTR_DCG_Soc1_w_forward_primer	100.000	43	0	0	1	43	91	133	2.09e-20	78.8
M03997:68:000000000-G35DK:1:1101:12560:21702	extended_3UTR_DCG_Soc1_w_forward_primer	100.000	18	0	0	1	18	7	24	1.89e-06	33.7
M03997:68:000000000-G35DK:1:2101:20239:27292	extended_3UTR_DCG_Soc1_w_forward_primer	100.000	20	0	0	1	20	7	26	3.84e-08	37.4
M03997:68:000000000-G35DK:1:2101:6207:9140	extended_3UTR_DCG_Soc1_w_forward_primer	100.000	21	0	0	1	21	4	24	2.92e-08	39.2
M03997:68:000000000-G35DK:1:2101:26913:22232	extended_3UTR_DCG_Soc1_w_forward_primer	100.000	132	0	0	1	132	29	160	3.67e-68	239
M03997:68:000000000-G35DK:1:2102:13872:20466	extended_3UTR_DCG_Soc1_w_forward_primer	100.000	69	0	0	1	69	37	105	2.74e-34	125
M03997:68:000000000-G35DK:1:1103:20130:26096	extended_3UTR_DCG_Soc1_w_forward_primer	98.947	95	1	0	1	95	60	154	1.36e-46	167
M03997:68:000000000-G35DK:1:2101:28414:11483	extended_3UTR_DCG_Soc1_w_forward_primer	100.000	17	0	0	1	17	8	24	5.35e-06	31.9
M03997:68:000000000-G35DK:1:2104:7906:19935	extended_3UTR_DCG_Soc1_w_forward_primer	100.000	33	0	0	1	33	7	39	4.00e-15	60.8
M03997:68:000000000-G35DK:1:1104:28059:18801	extended_3UTR_DCG_Soc1_w_forward_primer	100.000	38	0	0	1	38	83	120	1.63e-17	69.8
M03997:68:000000000-G35DK:1:1102:23862:24963	extended_3UTR_DCG_Soc1_w_forward_primer	100.000	20	0	0	1	20	5	24	6.03e-08	37.4
M03997:68:000000000-G35DK:1:1104:27041:8604	extended_3UTR_DCG_Soc1_w_forward_primer	100.000	18	0	0	1	18	7	24	4.90e-07	33.7
M03997:68:000000000-G35DK:1:1104:19411:15299	extended_3UTR_DCG_Soc1_w_forward_primer	100.000	20	0	0	1	20	135	154	7.68e-08	37.4
M03997:68:000000000-G35DK:1:2102:20129:12631	extended_3UTR_DCG_Soc1_w_forward_primer	76.190	42	5	1	1	42	13	49	7.34e-06	31.9
M03997:68:000000000-G35DK:1:1104:19763:4754	extended_3UTR_DCG_Soc1_w_forward_primer	100.000	79	0	0	1	79	13	91	1.19e-39	143
M03997:68:000000000-G35DK:1:2101:25788:24970	extended_3UTR_DCG_Soc1_w_forward_primer	99.074	108	1	0	1	108	29	136	1.28e-53	190
M03997:68:000000000-G35DK:1:1103:23776:15669	extended_3UTR_DCG_Soc1_w_forward_primer	100.000	45	0	0	1	45	97	141	1.81e-21	82.4
M03997:68:000000000-G35DK:1:1104:28933:18887	extended_3UTR_DCG_Soc1_w_forward_primer	100.000	21	0	0	72	92	1	21	4.33e-08	39.2
M03997:68:000000000-G35DK:1:1104:10820:25345	extended_3UTR_DCG_Soc1_w_forward_primer	100.000	18	0	0	1	18	7	24	2.88e-06	33.7
M03997:68:000000000-G35DK:1:1101:14591:9934	extended_3UTR_DCG_Soc1_w_forward_primer	100.000	18	0	0	1	18	7	24	1.62e-06	33.7
M03997:68:000000000-G35DK:1:2104:15061:8151	extended_3UTR_DCG_Soc1_w_forward_primer	100.000	18	0	0	1	18	7	24	9.55e-07	33.7
M03997:68:000000000-G35DK:1:2101:14326:26851	extended_3UTR_DCG_Soc1_w_forward_primer	76.744	43	5	1	1	43	12	49	6.40e-06	33.7
M03997:68:000000000-G35DK:1:1102:4114:21089	extended_3UTR_DCG_Soc1_w_forward_primer	100.000	55	0	0	1	55	56	110	8.37e-27	100
M03997:68:000000000-G35DK:1:1103:11051:16833	extended_3UTR_DCG_Soc1_w_forward_primer	95.238	21	1	0	1	21	8	28	5.12e-07	33.7
M03997:68:000000000-G35DK:1:2101:7333:22275	extended_3UTR_DCG_Soc1_w_forward_primer	98.750	80	1	0	14	93	12	91	1.74e-38	140
M03997:68:000000000-G35DK:1:2102:27512:10280	extended_3UTR_DCG_Soc1_w_forward_primer	100.000	17	0	0	1	17	8	24	1.63e-06	31.9
M03997:68:000000000-G35DK:1:2103:8076:25884	extended_3UTR_DCG_Soc1_w_forward_primer	100.000	21	0	0	79	99	1	21	4.70e-08	39.2
M03997:68:000000000-G35DK:1:1104:12501:21580	extended_3UTR_DCG_Soc1_w_forward_primer	100.000	19	0	0	1	19	7	25	1.83e-06	35.6
M03997:68:000000000-G35DK:1:1104:18576:13550	extended_3UTR_DCG_Soc1_w_forward_primer	100.000	18	0	0	1	18	7	24	1.15e-06	33.7
M03997:68:000000000-G35DK:1:1103:23573:20770	extended_3UTR_DCG_Soc1_w_forward_primer	100.000	50	0	0	1	50	13	62	3.97e-24	91.5
M03997:68:000000000-G35DK:1:2101:24633:24208	extended_3UTR_DCG_Soc1_w_forward_primer	100.000	18	0	0	1	18	7	24	7.57e-07	33.7
M03997:68:000000000-G35DK:1:1102:27252:12823	extended_3UTR_DCG_Soc1_w_forward_primer	95.000	20	1	0	1	20	7	26	2.72e-06	31.9
M03997:68:000000000-G35DK:1:2103:17713:9823	extended_3UTR_DCG_Soc1_w_forward_primer	100.000	61	0	0	1	61	60	120	6.65e-30	111
M03997:68:000000000-G35DK:1:1102:14669:23230	extended_3UTR_DCG_Soc1_w_forward_primer	100.000	35	0	0	1	35	62	96	3.55e-16	64.4
M03997:68:000000000-G35DK:1:1101:24196:16784	extended_3UTR_DCG_Soc1_w_forward_primer	100.000	20	0	0	1	20	5	24	1.94e-07	37.4
