M03997:68:000000000-G35DK:1:2103:4730:19030	extended_3UTR_DCG_Soc1_w_forward_primer	100.000	17	0	0	1	17	8	24	4.11e-06	31.9
M03997:68:000000000-G35DK:1:1103:19471:20329	extended_3UTR_DCG_Soc1_w_forward_primer	76.190	42	5	1	1	42	13	49	6.59e-06	31.9
M03997:68:000000000-G35DK:1:1101:17332:11021	extended_3UTR_DCG_Soc1_w_forward_primer	100.000	18	0	0	1	18	7	24	5.12e-07	33.7
M03997:68:000000000-G35DK:1:2101:6809:14496	extended_3UTR_DCG_Soc1_w_forward_primer	100.000	110	0	0	1	110	50	159	2.52e-56	199
M03997:68:000000000-G35DK:1:2102:16321:11025	extended_3UTR_DCG_Soc1_w_forward_primer	96.226	53	0	1	1	51	39	91	5.88e-22	84.2
M03997:68:000000000-G35DK:1:1104:24520:18581	extended_3UTR_DCG_Soc1_w_forward_primer	100.000	93	0	0	1	93	13	105	3.59e-47	168
M03997:68:000000000-G35DK:1:1101:8541:5429	extended_3UTR_DCG_Soc1_w_forward_primer	100.000	90	0	0	1	90	42	131	1.47e-45	163
M03997:68:000000000-G35DK:1:2103:19644:20908	extended_3UTR_DCG_Soc1_w_forward_primer	100.000	69	0	0	1	69	31	99	2.74e-34	125
M03997:68:000000000-G35DK:1:1102:15006:25969	extended_3UTR_DCG_Soc1_w_forward_primer	100.000	42	0	0	1	42	83	124	1.20e-19	77.0
M03997:68:000000000-G35DK:1:2102:12100:10384	extended_3UTR_DCG_Soc1_w_forward_primer	94.828	58	1	1	1	56	48	105	1.55e-23	89.7
M03997:68:000000000-G35DK:1:1101:20164:26477	extended_3UTR_DCG_Soc1_w_forward_primer	94.318	88	3	1	1	86	112	199	6.97e-37	134
M03997:68:000000000-G35DK:1:1101:9208:25294	extended_3UTR_DCG_Soc1_w_forward_primer	98.361	61	1	0	1	61	83	143	2.23e-28	105
M03997:68:000000000-G35DK:1:2103:13400:10211	extended_3UTR_DCG_Soc1_w_forward_primer	98.305	59	1	0	1	59	112	170	2.97e-27	102
M03997:68:000000000-G35DK:1:2104:20801:12852	extended_3UTR_DCG_Soc1_w_forward_primer	100.000	54	0	0	1	54	68	121	2.86e-26	98.7
M03997:68:000000000-G35DK:1:1101:8496:10320	extended_3UTR_DCG_Soc1_w_forward_primer	100.000	28	0	0	1	28	97	124	2.07e-12	51.8
M03997:68:000000000-G35DK:1:2101:10202:12050	extended_3UTR_DCG_Soc1_w_forward_primer	97.368	38	1	0	1	38	125	162	6.95e-16	64.4
M03997:68:000000000-G35DK:1:2102:19270:24504	extended_3UTR_DCG_Soc1_w_forward_primer	100.000	66	0	0	1	66	37	102	1.11e-32	120
M03997:68:000000000-G35DK:1:2103:15396:15509	extended_3UTR_DCG_Soc1_w_forward_primer	97.436	39	1	0	1	39	58	96	1.17e-16	66.2
M03997:68:000000000-G35DK:1:1104:13545:16425	extended_3UTR_DCG_Soc1_w_forward_primer	100.000	65	0	0	1	65	58	122	3.80e-32	118
M03997:68:000000000-G35DK:1:1102:8125:25913	extended_3UTR_DCG_Soc1_w_forward_primer	98.765	81	1	0	1	81	104	184	4.64e-39	141
M03997:68:000000000-G35DK:1:2102:28701:10857	extended_3UTR_DCG_Soc1_w_forward_primer	98.230	113	2	0	1	113	58	170	3.83e-55	196
M03997:68:000000000-G35DK:1:2103:22854:24997	extended_3UTR_DCG_Soc1_w_forward_primer	100.000	24	0	0	75	98	1	24	1.12e-09	44.6
M03997:68:000000000-G35DK:1:1102:23293:19146	extended_3UTR_DCG_Soc1_w_forward_primer	100.000	20	0	0	1	20	5	24	1.49e-07	37.4
M03997:68:000000000-G35DK:1:2104:19158:9149	extended_3UTR_DCG_Soc1_w_forward_primer	100.000	81	0	0	1	81	58	138	1.01e-40	147
M03997:68:000000000-G35DK:1:1104:2533:12012	extended_3UTR_DCG_Soc1_w_forward_primer	100.000	19	0	0	1	19	7	25	1.40e-07	35.6
M03997:68:000000000-G35DK:1:2101:11529:20582	extended_3UTR_DCG_Soc1_w_forward_primer	76.190	42	5	1	1	42	13	49	4.11e-06	31.9
M03997:68:000000000-G35DK:1:1104:11207:22317	extended_3UTR_DCG_Soc1_w_forward_primer	100.000	18	0	0	1	18	7	24	4.90e-07	33.7
M03997:68:000000000-G35DK:1:1102:22852:19191	extended_3UTR_DCG_Soc1_w_forward_primer	99.237	131	1	0	1	131	13	143	5.16e-66	232
M03997:68:000000000-G35DK:1:1101:16062:10989	extended_3UTR_DCG_Soc1_w_forward_primer	94.667	75	4	0	1	75	125	199	5.36e-32	118
M03997:68:000000000-G35DK:1:2103:24929:24316	extended_3UTR_DCG_Soc1_w_forward_primer	97.297	74	2	0	1	74	48	121	2.97e-34	125
M03997:68:000000000-G35DK:1:2101:7973:24513	extended_3UTR_DCG_Soc1_w_forward_primer	100.000	42	0	0	1	42	74	115	7.08e-20	77.0
M03997:68:000000000-G35DK:1:2101:17467:16346	extended_3UTR_DCG_Soc1_w_forward_primer	100.000	32	0	0	1	32	31	62	1.34e-14	59.0
M03997:68:000000000-G35DK:1:1103:23580:13945	extended_3UTR_DCG_Soc1_w_forward_primer	97.297	37	1	0	1	37	83	119	2.52e-15	62.6
M03997:68:000000000-G35DK:1:2101:5042:19638	extended_3UTR_DCG_Soc1_w_forward_primer	100.000	32	0	0	1	32	13	44	1.34e-14	59.0
M03997:68:000000000-G35DK:1:1101:20716:24355	extended_3UTR_DCG_Soc1_w_forward_primer	100.000	35	0	0	1	35	13	47	3.55e-16	64.4
M03997:68:000000000-G35DK:1:1101:9767:24437	extended_3UTR_DCG_Soc1_w_forward_primer	100.000	50	0	0	1	50	13	62	3.97e-24	91.5
M03997:68:000000000-G35DK:1:2101:20102:10197	extended_3UTR_DCG_Soc1_w_forward_primer	100.000	67	0	0	1	67	88	154	4.62e-33	122
M03997:68:000000000-G35DK:1:1102:10707:17793	extended_3UTR_DCG_Soc1_w_forward_primer	100.000	34	0	0	1	34	13	46	1.19e-15	62.6
M03997:68:000000000-G35DK:1:1103:26596:18876	extended_3UTR_DCG_Soc1_w_forward_primer	100.000	85	0	0	1	85	31	115	7.16e-43	154
M03997:68:000000000-G35DK:1:1103:27786:18446	extended_3UTR_DCG_Soc1_w_forward_primer	100.000	19	0	0	1	19	8	26	1.83e-06	35.6
M03997:68:000000000-G35DK:1:2104:21380:20350	extended_3UTR_DCG_Soc1_w_forward_primer	100.000	18	0	0	1	18	7	24	2.32e-06	33.7
M03997:68:000000000-G35DK:1:1102:6692:16940	extended_3UTR_DCG_Soc1_w_forward_primer	98.077	52	1	0	1	52	13	64	1.42e-23	89.7
M03997:68:000000000-G35DK:1:2104:24793:25643	extended_3UTR_DCG_Soc1_w_forward_primer	100.000	121	0	0	1	121	13	133	2.98e-62	219
M03997:68:000000000-G35DK:1:1104:21746:13559	extended_3UTR_DCG_Soc1_w_forward_primer	100.000	63	0	0	1	63	29	91	4.46e-31	114
M03997:68:000000000-G35DK:1:1102:21735:12304	extended_3UTR_DCG_Soc1_w_forward_primer	95.238	21	1	0	41	61	1	21	1.15e-06	33.7
M03997:68:000000000-G35DK:1:1102:4868:13127	extended_3UTR_DCG_Soc1_w_forward_primer	100.000	29	0	0	1	29	113	141	4.99e-13	53.6
M03997:68:000000000-G35DK:1:2104:24067:22915	extended_3UTR_DCG_Soc1_w_forward_primer	100.000	33	0	0	1	33	114	146	7.51e-15	60.8
M03997:68:000000000-G35DK:1:2102:12463:16057	extended_3UTR_DCG_Soc1_w_forward_primer	100.000	41	0	0	1	41	86	126	2.84e-19	75.2
M03997:68:000000000-G35DK:1:2102:4888:20869	extended_3UTR_DCG_Soc1_w_forward_primer	100.000	39	0	0	1	39	83	121	2.75e-18	71.6
M03997:68:000000000-G35DK:1:1104:24164:25999	extended_3UTR_DCG_Soc1_w_forward_primer	100.000	73	0	0	1	73	19	91	1.97e-36	132
M03997:68:000000000-G35DK:1:2104:23580:6856	extended_3UTR_DCG_Soc1_w_forward_primer	100.000	79	0	0	1	79	13	91	1.19e-39	143
M03997:68:000000000-G35DK:1:2101:28106:20279	extended_3UTR_DCG_Soc1_w_forward_primer	100.000	52	0	0	1	52	113	164	3.33e-25	95.1
M03997:68:000000000-G35DK:1:2101:12480:18309	extended_3UTR_DCG_Soc1_w_forward_primer	98.413	63	1	0	1	63	48	110	1.90e-29	109
M03997:68:000000000-G35DK:1:2103:12533:14386	extended_3UTR_DCG_Soc1_w_forward_primer	100.000	96	0	0	1	96	83	178	8.75e-49	174
M03997:68:000000000-G35DK:1:2104:7312:12961	extended_3UTR_DCG_Soc1_w_forward_primer	98.333	60	1	0	1	60	23	82	7.62e-28	104
M03997:68:000000000-G35DK:1:1102:27846:8652	extended_3UTR_DCG_Soc1_w_forward_primer	100.000	46	0	0	1	46	83	128	8.96e-22	84.2
M03997:68:000000000-G35DK:1:1102:5808:6484	extended_3UTR_DCG_Soc1_w_forward_primer	100.000	18	0	0	1	18	7	24	3.83e-06	33.7
M03997:68:000000000-G35DK:1:2101:26832:12708	extended_3UTR_DCG_Soc1_w_forward_primer	99.083	109	1	0	1	109	83	191	4.37e-54	192
M03997:68:000000000-G35DK:1:1102:20956:7215	extended_3UTR_DCG_Soc1_w_forward_primer	98.246	57	0	1	1	56	135	191	4.10e-25	95.1
M03997:68:000000000-G35DK:1:1102:22070:13016	extended_3UTR_DCG_Soc1_w_forward_primer	100.000	109	0	0	1	109	13	121	8.70e-56	197
M03997:68:000000000-G35DK:1:1103:10977:22953	extended_3UTR_DCG_Soc1_w_forward_primer	100.000	79	0	0	1	79	13	91	1.19e-39	143
M03997:68:000000000-G35DK:1:1103:27280:20881	extended_3UTR_DCG_Soc1_w_forward_primer	100.000	24	0	0	49	72	1	24	7.98e-10	44.6
M03997:68:000000000-G35DK:1:2101:10198:8033	extended_3UTR_DCG_Soc1_w_forward_primer	95.349	43	0	1	1	41	38	80	1.24e-16	66.2
M03997:68:000000000-G35DK:1:1104:15325:15926	extended_3UTR_DCG_Soc1_w_forward_primer	100.000	103	0	0	1	103	83	185	1.92e-52	187
M03997:68:000000000-G35DK:1:1102:11341:14308	extended_3UTR_DCG_Soc1_w_forward_primer	100.000	33	0	0	1	33	83	115	4.00e-15	60.8
M03997:68:000000000-G35DK:1:2104:19229:20713	extended_3UTR_DCG_Soc1_w_forward_primer	100.000	66	0	0	1	66	26	91	1.11e-32	120
M03997:68:000000000-G35DK:1:1103:21202:3643	extended_3UTR_DCG_Soc1_w_forward_primer	99.074	108	1	0	1	108	13	120	1.28e-53	190
M03997:68:000000000-G35DK:1:2101:4221:8807	extended_3UTR_DCG_Soc1_w_forward_primer	98.077	52	1	0	1	52	15	66	1.42e-23	89.7
M03997:68:000000000-G35DK:1:2103:13555:10749	extended_3UTR_DCG_Soc1_w_forward_primer	100.000	20	0	0	1	20	110	129	6.95e-08	37.4
M03997:68:000000000-G35DK:1:2104:10908:13426	extended_3UTR_DCG_Soc1_w_forward_primer	98.824	85	1	0	1	85	107	191	3.04e-41	149
M03997:68:000000000-G35DK:1:1101:7297:20654	extended_3UTR_DCG_Soc1_w_forward_primer	98.925	93	1	0	1	93	23	115	1.53e-45	163
M03997:68:000000000-G35DK:1:2102:22278:12324	extended_3UTR_DCG_Soc1_w_forward_primer	98.925	93	1	0	1	93	23	115	1.53e-45	163
M03997:68:000000000-G35DK:1:1103:12572:18687	extended_3UTR_DCG_Soc1_w_forward_primer	100.000	151	0	0	1	151	13	163	2.34e-78	273
M03997:68:000000000-G35DK:1:1102:14396:15082	extended_3UTR_DCG_Soc1_w_forward_primer	100.000	119	0	0	1	119	60	178	3.57e-61	215
M03997:68:000000000-G35DK:1:1101:17631:5862	extended_3UTR_DCG_Soc1_w_forward_primer	98.000	50	1	0	1	50	15	64	1.69e-22	86.0
M03997:68:000000000-G35DK:1:2101:12667:28087	extended_3UTR_DCG_Soc1_w_forward_primer	76.744	43	5	1	1	43	12	49	3.03e-06	33.7
M03997:68:000000000-G35DK:1:1104:26760:22513	extended_3UTR_DCG_Soc1_w_forward_primer	100.000	48	0	0	1	48	74	121	4.61e-23	87.8
M03997:68:000000000-G35DK:1:1102:4713:7392	extended_3UTR_DCG_Soc1_w_forward_primer	100.000	55	0	0	1	55	37	91	8.37e-27	100
M03997:68:000000000-G35DK:1:2104:9391:11370	extended_3UTR_DCG_Soc1_w_forward_primer	87.500	32	3	1	1	31	168	199	2.14e-07	37.4
M03997:68:000000000-G35DK:1:2103:24938:15772	extended_3UTR_DCG_Soc1_w_forward_primer	98.684	76	1	0	1	76	56	131	2.06e-36	132
M03997:68:000000000-G35DK:1:2103:10935:13696	extended_3UTR_DCG_Soc1_w_forward_primer	100.000	17	0	0	1	17	10	26	1.48e-06	31.9
M03997:68:000000000-G35DK:1:1103:6031:17334	extended_3UTR_DCG_Soc1_w_forward_primer	100.000	93	0	0	1	93	29	121	3.59e-47	168
M03997:68:000000000-G35DK:1:1102:20879:25359	extended_3UTR_DCG_Soc1_w_forward_primer	100.000	18	0	0	1	18	7	24	8.02e-07	33.7
M03997:68:000000000-G35DK:1:1103:27762:14622	extended_3UTR_DCG_Soc1_w_forward_primer	98.485	66	1	0	1	66	68	133	4.71e-31	114
M03997:68:000000000-G35DK:1:2103:23689:26305	extended_3UTR_DCG_Soc1_w_forward_primer	100.000	18	0	0	1	18	7	24	6.40e-06	33.7
M03997:68:000000000-G35DK:1:2104:18437:16684	extended_3UTR_DCG_Soc1_w_forward_primer	100.000	93	0	0	1	93	29	121	3.59e-47	168
M03997:68:000000000-G35DK:1:1103:20114:17360	extended_3UTR_DCG_Soc1_w_forward_primer	98.462	65	1	0	1	65	72	136	1.62e-30	113
M03997:68:000000000-G35DK:1:2102:16106:9456	extended_3UTR_DCG_Soc1_w_forward_primer	100.000	18	0	0	1	18	7	24	9.13e-07	33.7
M03997:68:000000000-G35DK:1:1104:22391:10789	extended_3UTR_DCG_Soc1_w_forward_primer	100.000	73	0	0	1	73	34	106	1.97e-36	132
M03997:68:000000000-G35DK:1:2104:14691:15907	extended_3UTR_DCG_Soc1_w_forward_primer	100.000	99	0	0	1	99	23	121	2.13e-50	179
M03997:68:000000000-G35DK:1:2101:25439:19481	extended_3UTR_DCG_Soc1_w_forward_primer	99.083	109	1	0	1	109	13	121	3.70e-54	192
M03997:68:000000000-G35DK:1:1103:24411:11604	extended_3UTR_DCG_Soc1_w_forward_primer	100.000	58	0	0	1	58	50	107	2.10e-28	105
M03997:68:000000000-G35DK:1:1102:10489:8008	extended_3UTR_DCG_Soc1_w_forward_primer	100.000	47	0	0	1	47	8	54	1.57e-22	86.0
M03997:68:000000000-G35DK:1:2101:15446:15025	extended_3UTR_DCG_Soc1_w_forward_primer	100.000	69	0	0	1	69	56	124	2.88e-34	125
M03997:68:000000000-G35DK:1:1104:13800:2819	extended_3UTR_DCG_Soc1_w_forward_primer	100.000	50	0	0	1	50	7	56	3.97e-24	91.5
M03997:68:000000000-G35DK:1:1102:16682:26659	extended_3UTR_DCG_Soc1_w_forward_primer	100.000	54	0	0	1	54	113	166	4.51e-26	98.7
M03997:68:000000000-G35DK:1:2103:4461:10705	extended_3UTR_DCG_Soc1_w_forward_primer	97.333	75	0	1	1	73	31	105	1.02e-33	123
M03997:68:000000000-G35DK:1:1104:18640:19781	extended_3UTR_DCG_Soc1_w_forward_primer	98.182	55	1	0	1	55	26	80	3.56e-25	95.1
M03997:68:000000000-G35DK:1:1101:22891:7297	extended_3UTR_DCG_Soc1_w_forward_primer	93.617	47	3	0	1	47	113	159	3.46e-18	71.6
M03997:68:000000000-G35DK:1:1101:29348:18161	extended_3UTR_DCG_Soc1_w_forward_primer	100.000	35	0	0	1	35	151	185	7.08e-16	64.4
M03997:68:000000000-G35DK:1:2102:15950:16009	extended_3UTR_DCG_Soc1_w_forward_primer	100.000	108	0	0	1	108	38	145	8.87e-55	196
M03997:68:000000000-G35DK:1:2103:16495:12598	extended_3UTR_DCG_Soc1_w_forward_primer	100.000	33	0	0	1	33	93	125	7.67e-15	60.8
M03997:68:000000000-G35DK:1:2102:18419:26654	extended_3UTR_DCG_Soc1_w_forward_primer	100.000	18	0	0	1	18	7	24	9.32e-07	33.7
M03997:68:000000000-G35DK:1:1104:14257:23799	extended_3UTR_DCG_Soc1_w_forward_primer	100.000	79	0	0	1	79	93	171	1.19e-39	143
M03997:68:000000000-G35DK:1:1102:20903:19127	extended_3UTR_DCG_Soc1_w_forward_primer	100.000	57	0	0	1	57	56	112	7.17e-28	104
M03997:68:000000000-G35DK:1:1102:7454:11652	extended_3UTR_DCG_Soc1_w_forward_primer	100.000	21	0	0	44	64	1	21	2.87e-08	39.2
M03997:68:000000000-G35DK:1:1103:7480:16208	extended_3UTR_DCG_Soc1_w_forward_primer	100.000	95	0	0	1	95	13	107	3.02e-48	172
M03997:68:000000000-G35DK:1:1101:9627:16454	extended_3UTR_DCG_Soc1_w_forward_primer	100.000	18	0	0	1	18	7	24	5.79e-07	33.7
M03997:68:000000000-G35DK:1:2101:11291:28456	extended_3UTR_DCG_Soc1_w_forward_primer	100.000	90	0	0	1	90	26	115	1.47e-45	163
M03997:68:000000000-G35DK:1:1102:23025:16708	extended_3UTR_DCG_Soc1_w_forward_primer	94.000	100	5	1	1	99	13	112	3.31e-41	150
M03997:68:000000000-G35DK:1:2103:20982:10362	extended_3UTR_DCG_Soc1_w_forward_primer	100.000	20	0	0	1	20	7	26	5.30e-08	37.4
M03997:68:000000000-G35DK:1:2102:19060:2824	extended_3UTR_DCG_Soc1_w_forward_primer	100.000	50	0	0	1	50	13	62	3.97e-24	91.5
M03997:68:000000000-G35DK:1:1102:5578:17223	extended_3UTR_DCG_Soc1_w_forward_primer	100.000	27	0	0	1	27	13	39	5.50e-12	50.0
M03997:68:000000000-G35DK:1:2103:14255:17250	extended_3UTR_DCG_Soc1_w_forward_primer	98.361	61	1	0	1	61	102	162	3.17e-28	105
M03997:68:000000000-G35DK:1:2103:20105:21275	extended_3UTR_DCG_Soc1_w_forward_primer	100.000	21	0	0	1	21	5	25	2.71e-08	39.2
M03997:68:000000000-G35DK:1:1101:5739:24962	extended_3UTR_DCG_Soc1_w_forward_primer	98.925	93	1	0	1	93	13	105	1.53e-45	163
M03997:68:000000000-G35DK:1:1101:20627:20729	extended_3UTR_DCG_Soc1_w_forward_primer	99.225	129	1	0	1	129	42	170	7.27e-65	228
M03997:68:000000000-G35DK:1:1103:19336:16428	extended_3UTR_DCG_Soc1_w_forward_primer	100.000	17	0	0	1	17	8	24	1.55e-06	31.9
M03997:68:000000000-G35DK:1:2104:9653:17881	extended_3UTR_DCG_Soc1_w_forward_primer	100.000	19	0	0	1	19	7	25	2.04e-07	35.6
M03997:68:000000000-G35DK:1:1102:16223:23282	extended_3UTR_DCG_Soc1_w_forward_primer	100.000	50	0	0	1	50	107	156	3.97e-24	91.5
M03997:68:000000000-G35DK:1:2102:10537:27127	extended_3UTR_DCG_Soc1_w_forward_primer	100.000	30	0	0	1	30	8	37	1.50e-13	55.4
M03997:68:000000000-G35DK:1:2101:4203:21641	extended_3UTR_DCG_Soc1_w_forward_primer	100.000	18	0	0	1	18	7	24	1.60e-06	33.7
M03997:68:000000000-G35DK:1:2101:29209:17256	extended_3UTR_DCG_Soc1_w_forward_primer	100.000	31	0	0	1	31	113	143	4.49e-14	57.2
M03997:68:000000000-G35DK:1:1101:11099:14760	extended_3UTR_DCG_Soc1_w_forward_primer	100.000	18	0	0	1	18	7	24	1.66e-06	33.7
M03997:68:000000000-G35DK:1:2102:19430:22778	extended_3UTR_DCG_Soc1_w_forward_primer	100.000	28	0	0	1	28	130	157	1.66e-12	51.8
M03997:68:000000000-G35DK:1:1104:17701:20014	extended_3UTR_DCG_Soc1_w_forward_primer	100.000	105	0	0	1	105	13	117	1.32e-53	190
M03997:68:000000000-G35DK:1:1102:15821:15478	extended_3UTR_DCG_Soc1_w_forward_primer	100.000	63	0	0	1	63	29	91	4.46e-31	114
M03997:68:000000000-G35DK:1:2103:18191:19965	extended_3UTR_DCG_Soc1_w_forward_primer	100.000	20	0	0	1	20	7	26	8.38e-08	37.4
M03997:68:000000000-G35DK:1:2103:7123:12353	extended_3UTR_DCG_Soc1_w_forward_primer	96.667	30	1	0	1	30	130	159	8.32e-11	50.0
M03997:68:000000000-G35DK:1:2102:27130:19769	extended_3UTR_DCG_Soc1_w_forward_primer	97.895	95	0	1	1	93	21	115	1.86e-44	159
M03997:68:000000000-G35DK:1:2104:28374:18340	extended_3UTR_DCG_Soc1_w_forward_primer	98.113	53	1	0	1	53	62	114	4.15e-24	91.5
M03997:68:000000000-G35DK:1:1103:19948:23581	extended_3UTR_DCG_Soc1_w_forward_primer	100.000	117	0	0	1	117	5	121	4.27e-60	212
M03997:68:000000000-G35DK:1:1101:11804:25708	extended_3UTR_DCG_Soc1_w_forward_primer	76.190	42	5	1	1	42	13	49	4.26e-06	31.9
M03997:68:000000000-G35DK:1:2104:15791:14025	extended_3UTR_DCG_Soc1_w_forward_primer	100.000	58	0	0	1	58	48	105	2.10e-28	105
M03997:68:000000000-G35DK:1:1103:7800:11842	extended_3UTR_DCG_Soc1_w_forward_primer	100.000	79	0	0	1	79	13	91	1.19e-39	143
M03997:68:000000000-G35DK:1:2102:18183:21775	extended_3UTR_DCG_Soc1_w_forward_primer	98.701	77	1	0	1	77	26	102	7.77e-37	134
M03997:68:000000000-G35DK:1:2103:24179:26463	extended_3UTR_DCG_Soc1_w_forward_primer	98.438	64	1	0	1	64	56	119	5.54e-30	111
M03997:68:000000000-G35DK:1:2101:28167:13384	extended_3UTR_DCG_Soc1_w_forward_primer	76.190	42	5	1	1	42	13	49	3.19e-06	31.9
M03997:68:000000000-G35DK:1:2101:9435:23319	extended_3UTR_DCG_Soc1_w_forward_primer	100.000	19	0	0	1	19	110	128	2.36e-07	35.6
M03997:68:000000000-G35DK:1:2103:16489:9442	extended_3UTR_DCG_Soc1_w_forward_primer	100.000	18	0	0	1	18	7	24	4.45e-07	33.7
M03997:68:000000000-G35DK:1:2103:24372:25524	extended_3UTR_DCG_Soc1_w_forward_primer	98.649	74	1	0	1	74	60	133	2.44e-35	129
M03997:68:000000000-G35DK:1:2103:10121:18964	extended_3UTR_DCG_Soc1_w_forward_primer	100.000	46	0	0	1	46	83	128	8.96e-22	84.2
M03997:68:000000000-G35DK:1:2103:22378:16302	extended_3UTR_DCG_Soc1_w_forward_primer	100.000	90	0	0	1	90	21	110	1.47e-45	163
M03997:68:000000000-G35DK:1:2101:20852:13069	extended_3UTR_DCG_Soc1_w_forward_primer	97.248	109	3	0	1	109	13	121	1.92e-51	183
M03997:68:000000000-G35DK:1:1103:13915:10535	extended_3UTR_DCG_Soc1_w_forward_primer	98.276	58	1	0	1	58	113	170	1.11e-26	100
M03997:68:000000000-G35DK:1:1103:7841:16431	extended_3UTR_DCG_Soc1_w_forward_primer	100.000	63	0	0	1	63	29	91	4.46e-31	114
M03997:68:000000000-G35DK:1:1101:27162:12055	extended_3UTR_DCG_Soc1_w_forward_primer	100.000	110	0	0	1	110	74	183	2.52e-56	199
M03997:68:000000000-G35DK:1:1104:15099:23569	extended_3UTR_DCG_Soc1_w_forward_primer	100.000	28	0	0	1	28	83	110	1.66e-12	51.8
M03997:68:000000000-G35DK:1:1102:15581:16395	extended_3UTR_DCG_Soc1_w_forward_primer	100.000	20	0	0	1	20	7	26	7.49e-08	37.4
M03997:68:000000000-G35DK:1:2101:25783:15389	extended_3UTR_DCG_Soc1_w_forward_primer	100.000	45	0	0	1	45	10	54	1.81e-21	82.4
M03997:68:000000000-G35DK:1:1101:22621:21814	extended_3UTR_DCG_Soc1_w_forward_primer	100.000	18	0	0	1	18	7	24	7.13e-07	33.7
M03997:68:000000000-G35DK:1:1102:8137:5141	extended_3UTR_DCG_Soc1_w_forward_primer	100.000	44	0	0	1	44	56	99	6.16e-21	80.6
M03997:68:000000000-G35DK:1:2104:13352:7705	extended_3UTR_DCG_Soc1_w_forward_primer	100.000	21	0	0	73	93	1	21	4.39e-08	39.2
M03997:68:000000000-G35DK:1:1104:18489:17753	extended_3UTR_DCG_Soc1_w_forward_primer	100.000	60	0	0	1	60	107	166	2.64e-29	109
M03997:68:000000000-G35DK:1:2102:17552:8124	extended_3UTR_DCG_Soc1_w_forward_primer	98.485	66	1	0	1	66	97	162	6.86e-31	114
M03997:68:000000000-G35DK:1:2104:19247:3921	extended_3UTR_DCG_Soc1_w_forward_primer	96.552	58	0	1	1	56	48	105	1.27e-24	93.3
M03997:68:000000000-G35DK:1:2101:14325:24396	extended_3UTR_DCG_Soc1_w_forward_primer	100.000	18	0	0	1	18	7	24	7.79e-07	33.7
M03997:68:000000000-G35DK:1:1102:26652:11476	extended_3UTR_DCG_Soc1_w_forward_primer	100.000	66	0	0	1	66	26	91	1.11e-32	120
M03997:68:000000000-G35DK:1:1102:14718:26254	extended_3UTR_DCG_Soc1_w_forward_primer	77.778	45	5	1	1	45	10	49	1.64e-07	37.4
M03997:68:000000000-G35DK:1:2103:19552:23878	extended_3UTR_DCG_Soc1_w_forward_primer	100.000	20	0	0	1	20	7	26	7.31e-08	37.4
M03997:68:000000000-G35DK:1:1102:22674:16820	extended_3UTR_DCG_Soc1_w_forward_primer	76.190	42	5	1	1	42	13	49	5.35e-06	31.9
M03997:68:000000000-G35DK:1:2104:21396:13489	extended_3UTR_DCG_Soc1_w_forward_primer	100.000	17	0	0	1	17	8	24	2.02e-06	31.9
M03997:68:000000000-G35DK:1:1104:17271:26066	extended_3UTR_DCG_Soc1_w_forward_primer	100.000	28	0	0	1	28	29	56	1.66e-12	51.8
M03997:68:000000000-G35DK:1:1104:14866:5967	extended_3UTR_DCG_Soc1_w_forward_primer	100.000	94	0	0	1	94	12	105	1.04e-47	170
M03997:68:000000000-G35DK:1:1104:14497:22223	extended_3UTR_DCG_Soc1_w_forward_primer	100.000	104	0	0	1	104	15	118	5.51e-53	188
M03997:68:000000000-G35DK:1:2101:20488:19532	extended_3UTR_DCG_Soc1_w_forward_primer	100.000	69	0	0	1	69	107	175	4.02e-34	125
M03997:68:000000000-G35DK:1:2101:8159:13542	extended_3UTR_DCG_Soc1_w_forward_primer	100.000	87	0	0	1	87	29	115	6.03e-44	158
M03997:68:000000000-G35DK:1:1103:16669:24519	extended_3UTR_DCG_Soc1_w_forward_primer	98.980	98	1	0	1	98	13	110	3.13e-48	172
M03997:68:000000000-G35DK:1:2103:21780:25187	extended_3UTR_DCG_Soc1_w_forward_primer	94.737	19	1	0	1	19	5	23	9.22e-06	30.1
M03997:68:000000000-G35DK:1:1104:17493:26411	extended_3UTR_DCG_Soc1_w_forward_primer	98.182	110	0	1	1	108	12	121	1.56e-52	187
M03997:68:000000000-G35DK:1:1102:26808:17309	extended_3UTR_DCG_Soc1_w_forward_primer	100.000	17	0	0	1	17	8	24	6.28e-06	31.9
M03997:68:000000000-G35DK:1:1101:20012:16973	extended_3UTR_DCG_Soc1_w_forward_primer	100.000	18	0	0	1	18	7	24	1.71e-06	33.7
M03997:68:000000000-G35DK:1:1104:8737:23623	extended_3UTR_DCG_Soc1_w_forward_primer	95.455	22	1	0	1	22	7	28	1.28e-07	35.6
M03997:68:000000000-G35DK:1:2101:20061:8995	extended_3UTR_DCG_Soc1_w_forward_primer	100.000	28	0	0	1	28	10	37	1.66e-12	51.8
M03997:68:000000000-G35DK:1:1102:20527:6083	extended_3UTR_DCG_Soc1_w_forward_primer	100.000	46	0	0	1	46	62	107	5.34e-22	84.2
M03997:68:000000000-G35DK:1:1102:16654:17540	extended_3UTR_DCG_Soc1_w_forward_primer	100.000	51	0	0	1	51	83	133	1.13e-24	93.3
M03997:68:000000000-G35DK:1:1101:25154:15819	extended_3UTR_DCG_Soc1_w_forward_primer	100.000	67	0	0	1	67	72	138	3.23e-33	122
M03997:68:000000000-G35DK:1:1101:12005:9895	extended_3UTR_DCG_Soc1_w_forward_primer	100.000	82	0	0	1	82	29	110	2.92e-41	149
M03997:68:000000000-G35DK:1:1104:20202:18433	extended_3UTR_DCG_Soc1_w_forward_primer	100.000	66	0	0	1	66	113	178	1.11e-32	120
M03997:68:000000000-G35DK:1:2102:17048:13288	extended_3UTR_DCG_Soc1_w_forward_primer	99.138	116	1	0	1	116	21	136	6.28e-58	205
M03997:68:000000000-G35DK:1:1103:8835:18894	extended_3UTR_DCG_Soc1_w_forward_primer	100.000	63	0	0	1	63	97	159	6.12e-31	114
M03997:68:000000000-G35DK:1:1102:19428:16767	extended_3UTR_DCG_Soc1_w_forward_primer	98.039	51	1	0	1	51	62	112	4.83e-23	87.8
M03997:68:000000000-G35DK:1:1103:14318:27507	extended_3UTR_DCG_Soc1_w_forward_primer	100.000	72	0	0	1	72	102	173	6.77e-36	131
M03997:68:000000000-G35DK:1:1104:19472:6617	extended_3UTR_DCG_Soc1_w_forward_primer	100.000	53	0	0	1	53	56	108	9.76e-26	96.9
M03997:68:000000000-G35DK:1:1103:16862:10562	extended_3UTR_DCG_Soc1_w_forward_primer	100.000	33	0	0	1	33	83	115	4.00e-15	60.8
M03997:68:000000000-G35DK:1:2102:16059:2756	extended_3UTR_DCG_Soc1_w_forward_primer	100.000	17	0	0	1	17	10	26	2.95e-06	31.9
M03997:68:000000000-G35DK:1:1101:18183:26554	extended_3UTR_DCG_Soc1_w_forward_primer	100.000	109	0	0	1	109	19	127	8.88e-56	197
M03997:68:000000000-G35DK:1:2102:6992:17061	extended_3UTR_DCG_Soc1_w_forward_primer	100.000	30	0	0	1	30	91	120	1.50e-13	55.4
M03997:68:000000000-G35DK:1:1103:2660:17912	extended_3UTR_DCG_Soc1_w_forward_primer	100.000	109	0	0	1	109	13	121	8.70e-56	197
M03997:68:000000000-G35DK:1:2103:12227:2513	extended_3UTR_DCG_Soc1_w_forward_primer	100.000	18	0	0	1	18	7	24	4.32e-06	33.7
M03997:68:000000000-G35DK:1:1104:27980:10778	extended_3UTR_DCG_Soc1_w_forward_primer	100.000	72	0	0	1	72	72	143	6.77e-36	131
M03997:68:000000000-G35DK:1:1104:18955:17769	extended_3UTR_DCG_Soc1_w_forward_primer	100.000	72	0	0	1	72	29	100	9.03e-36	131
M03997:68:000000000-G35DK:1:1101:12013:14941	extended_3UTR_DCG_Soc1_w_forward_primer	100.000	91	0	0	1	91	6	96	4.27e-46	165
M03997:68:000000000-G35DK:1:1104:25236:25333	extended_3UTR_DCG_Soc1_w_forward_primer	100.000	46	0	0	1	46	13	58	5.34e-22	84.2
M03997:68:000000000-G35DK:1:2102:17421:22216	extended_3UTR_DCG_Soc1_w_forward_primer	100.000	64	0	0	1	64	58	121	1.30e-31	116
M03997:68:000000000-G35DK:1:1104:17943:6970	extended_3UTR_DCG_Soc1_w_forward_primer	100.000	25	0	0	1	25	13	37	6.70e-11	46.4
M03997:68:000000000-G35DK:1:2103:10611:19954	extended_3UTR_DCG_Soc1_w_forward_primer	100.000	94	0	0	1	94	13	106	1.04e-47	170
M03997:68:000000000-G35DK:1:2104:15101:9242	extended_3UTR_DCG_Soc1_w_forward_primer	100.000	37	0	0	1	37	74	110	3.13e-17	68.0
M03997:68:000000000-G35DK:1:2101:16028:25321	extended_3UTR_DCG_Soc1_w_forward_primer	100.000	26	0	0	31	56	1	26	4.74e-11	48.2
M03997:68:000000000-G35DK:1:1102:16735:13414	extended_3UTR_DCG_Soc1_w_forward_primer	100.000	28	0	0	1	28	10	37	1.66e-12	51.8
M03997:68:000000000-G35DK:1:1102:25186:22820	extended_3UTR_DCG_Soc1_w_forward_primer	100.000	57	0	0	1	57	56	112	7.17e-28	104
M03997:68:000000000-G35DK:1:1101:5958:22488	extended_3UTR_DCG_Soc1_w_forward_primer	100.000	107	0	0	1	107	58	164	1.04e-54	194
M03997:68:000000000-G35DK:1:2102:27618:10309	extended_3UTR_DCG_Soc1_w_forward_primer	100.000	18	0	0	1	18	7	24	5.79e-07	33.7
M03997:68:000000000-G35DK:1:1103:18508:19592	extended_3UTR_DCG_Soc1_w_forward_primer	100.000	19	0	0	1	19	7	25	4.26e-07	35.6
M03997:68:000000000-G35DK:1:2101:21292:13240	extended_3UTR_DCG_Soc1_w_forward_primer	96.429	56	0	1	1	54	23	78	1.55e-23	89.7
M03997:68:000000000-G35DK:1:1102:7615:19699	extended_3UTR_DCG_Soc1_w_forward_primer	100.000	17	0	0	1	17	10	26	2.72e-06	31.9
M03997:68:000000000-G35DK:1:2102:18909:20843	extended_3UTR_DCG_Soc1_w_forward_primer	100.000	147	0	0	1	147	13	159	2.83e-76	266
M03997:68:000000000-G35DK:1:2102:26908:17436	extended_3UTR_DCG_Soc1_w_forward_primer	100.000	54	0	0	1	54	13	66	2.86e-26	98.7
M03997:68:000000000-G35DK:1:1102:15442:11590	extended_3UTR_DCG_Soc1_w_forward_primer	100.000	57	0	0	1	57	56	112	7.17e-28	104
M03997:68:000000000-G35DK:1:2103:19565:16668	extended_3UTR_DCG_Soc1_w_forward_primer	100.000	44	0	0	1	44	105	148	6.16e-21	80.6
M03997:68:000000000-G35DK:1:2102:16499:8521	extended_3UTR_DCG_Soc1_w_forward_primer	100.000	20	0	0	1	20	7	26	7.49e-08	37.4
M03997:68:000000000-G35DK:1:1104:18652:8661	extended_3UTR_DCG_Soc1_w_forward_primer	98.718	78	1	0	1	78	23	100	1.74e-37	136
M03997:68:000000000-G35DK:1:2101:21526:27784	extended_3UTR_DCG_Soc1_w_forward_primer	100.000	29	0	0	1	29	110	138	4.99e-13	53.6
M03997:68:000000000-G35DK:1:1101:28097:16647	extended_3UTR_DCG_Soc1_w_forward_primer	76.190	42	5	1	1	42	13	49	4.26e-06	31.9
M03997:68:000000000-G35DK:1:2103:14220:15498	extended_3UTR_DCG_Soc1_w_forward_primer	100.000	72	0	0	1	72	88	159	9.35e-36	131
M03997:68:000000000-G35DK:1:2102:29209:17121	extended_3UTR_DCG_Soc1_w_forward_primer	97.531	81	0	1	1	81	23	101	6.35e-37	134
M03997:68:000000000-G35DK:1:1103:26037:22020	extended_3UTR_DCG_Soc1_w_forward_primer	100.000	48	0	0	1	48	83	130	3.31e-22	87.8
M03997:68:000000000-G35DK:1:1104:21243:3472	extended_3UTR_DCG_Soc1_w_forward_primer	100.000	108	0	0	1	108	13	120	3.01e-55	196
M03997:68:000000000-G35DK:1:2103:7587:18111	extended_3UTR_DCG_Soc1_w_forward_primer	97.368	38	1	0	1	38	23	60	3.94e-16	64.4
M03997:68:000000000-G35DK:1:1104:9400:24938	extended_3UTR_DCG_Soc1_w_forward_primer	100.000	58	0	0	1	58	64	121	2.10e-28	105
M03997:68:000000000-G35DK:1:1103:22732:21952	extended_3UTR_DCG_Soc1_w_forward_primer	100.000	37	0	0	1	37	130	166	5.49e-17	68.0
M03997:68:000000000-G35DK:1:1104:18834:8928	extended_3UTR_DCG_Soc1_w_forward_primer	100.000	17	0	0	1	17	8	24	1.94e-06	31.9
M03997:68:000000000-G35DK:1:1103:3173:15035	extended_3UTR_DCG_Soc1_w_forward_primer	100.000	48	0	0	1	48	15	62	4.61e-23	87.8
M03997:68:000000000-G35DK:1:2104:20137:17999	extended_3UTR_DCG_Soc1_w_forward_primer	100.000	60	0	0	1	60	23	82	1.79e-29	109
M03997:68:000000000-G35DK:1:2101:23685:22487	extended_3UTR_DCG_Soc1_w_forward_primer	100.000	160	0	0	1	160	56	215	2.71e-83	289
M03997:68:000000000-G35DK:1:1102:10677:16816	extended_3UTR_DCG_Soc1_w_forward_primer	100.000	57	0	0	1	57	128	184	9.56e-28	104
M03997:68:000000000-G35DK:1:1101:7894:13461	extended_3UTR_DCG_Soc1_w_forward_primer	100.000	45	0	0	1	45	56	100	1.81e-21	82.4
M03997:68:000000000-G35DK:1:1103:16049:17757	extended_3UTR_DCG_Soc1_w_forward_primer	100.000	40	0	0	1	40	97	136	8.12e-19	73.4
M03997:68:000000000-G35DK:1:1101:12341:16073	extended_3UTR_DCG_Soc1_w_forward_primer	100.000	82	0	0	1	82	10	91	2.92e-41	149
M03997:68:000000000-G35DK:1:2104:25098:17926	extended_3UTR_DCG_Soc1_w_forward_primer	100.000	64	0	0	1	64	58	121	1.30e-31	116
M03997:68:000000000-G35DK:1:2101:14425:22479	extended_3UTR_DCG_Soc1_w_forward_primer	77.778	45	5	1	1	45	10	49	1.17e-07	37.4
M03997:68:000000000-G35DK:1:1102:24658:23718	extended_3UTR_DCG_Soc1_w_forward_primer	100.000	72	0	0	1	72	62	133	6.77e-36	131
M03997:68:000000000-G35DK:1:1103:23080:12766	extended_3UTR_DCG_Soc1_w_forward_primer	98.485	132	2	0	1	132	7	138	1.81e-65	230
M03997:68:000000000-G35DK:1:2103:21465:27200	extended_3UTR_DCG_Soc1_w_forward_primer	100.000	49	0	0	1	49	64	112	1.35e-23	89.7
M03997:68:000000000-G35DK:1:2104:10485:11788	extended_3UTR_DCG_Soc1_w_forward_primer	100.000	18	0	0	1	18	7	24	1.15e-06	33.7
M03997:68:000000000-G35DK:1:2104:7356:6385	extended_3UTR_DCG_Soc1_w_forward_primer	76.190	42	5	1	1	42	13	49	5.19e-06	31.9
M03997:68:000000000-G35DK:1:2103:12549:21782	extended_3UTR_DCG_Soc1_w_forward_primer	100.000	33	0	0	1	33	104	136	4.00e-15	60.8
M03997:68:000000000-G35DK:1:1102:11572:9148	extended_3UTR_DCG_Soc1_w_forward_primer	100.000	87	0	0	1	87	52	138	6.03e-44	158
M03997:68:000000000-G35DK:1:2103:18055:6800	extended_3UTR_DCG_Soc1_w_forward_primer	100.000	52	0	0	1	52	13	64	3.64e-25	95.1
M03997:68:000000000-G35DK:1:1103:10253:9421	extended_3UTR_DCG_Soc1_w_forward_primer	98.361	61	1	0	1	61	113	173	2.23e-28	105
M03997:68:000000000-G35DK:1:2103:2350:14402	extended_3UTR_DCG_Soc1_w_forward_primer	100.000	18	0	0	1	18	7	24	2.15e-06	33.7
M03997:68:000000000-G35DK:1:2104:28346:16687	extended_3UTR_DCG_Soc1_w_forward_primer	100.000	129	0	0	1	129	42	170	1.48e-66	233
M03997:68:000000000-G35DK:1:1104:20836:26050	extended_3UTR_DCG_Soc1_w_forward_primer	100.000	101	0	0	1	101	83	183	1.76e-51	183
M03997:68:000000000-G35DK:1:1102:22923:18913	extended_3UTR_DCG_Soc1_w_forward_primer	97.778	45	1	0	1	45	18	62	7.71e-20	77.0
M03997:68:000000000-G35DK:1:2103:8959:17100	extended_3UTR_DCG_Soc1_w_forward_primer	100.000	61	0	0	1	61	10	70	5.24e-30	111
M03997:68:000000000-G35DK:1:1101:18339:28853	extended_3UTR_DCG_Soc1_w_forward_primer	100.000	60	0	0	1	60	99	158	1.83e-29	109
M03997:68:000000000-G35DK:1:2104:28784:14483	extended_3UTR_DCG_Soc1_w_forward_primer	100.000	84	0	0	1	84	29	112	2.47e-42	152
M03997:68:000000000-G35DK:1:2101:10605:14246	extended_3UTR_DCG_Soc1_w_forward_primer	100.000	67	0	0	1	67	72	138	3.23e-33	122
M03997:68:000000000-G35DK:1:1101:10318:14733	extended_3UTR_DCG_Soc1_w_forward_primer	100.000	18	0	0	1	18	7	24	8.24e-07	33.7
M03997:68:000000000-G35DK:1:2103:2964:14524	extended_3UTR_DCG_Soc1_w_forward_primer	100.000	18	0	0	1	18	7	24	1.93e-06	33.7
M03997:68:000000000-G35DK:1:2102:11278:5361	extended_3UTR_DCG_Soc1_w_forward_primer	100.000	20	0	0	1	20	7	26	7.13e-08	37.4
M03997:68:000000000-G35DK:1:1103:6296:16345	extended_3UTR_DCG_Soc1_w_forward_primer	100.000	111	0	0	1	111	13	123	7.29e-57	201
M03997:68:000000000-G35DK:1:1104:25610:14901	extended_3UTR_DCG_Soc1_w_forward_primer	98.276	58	1	0	1	58	58	115	8.92e-27	100
M03997:68:000000000-G35DK:1:2104:26368:22640	extended_3UTR_DCG_Soc1_w_forward_primer	100.000	60	0	0	1	60	93	152	1.79e-29	109
M03997:68:000000000-G35DK:1:2102:6880:20179	extended_3UTR_DCG_Soc1_w_forward_primer	100.000	53	0	0	1	53	12	64	9.76e-26	96.9
M03997:68:000000000-G35DK:1:1103:24058:17144	extended_3UTR_DCG_Soc1_w_forward_primer	95.238	21	1	0	42	62	1	21	1.18e-06	33.7
M03997:68:000000000-G35DK:1:1102:21149:22889	extended_3UTR_DCG_Soc1_w_forward_primer	100.000	70	0	0	1	70	13	82	7.99e-35	127
M03997:68:000000000-G35DK:1:2103:27085:16429	extended_3UTR_DCG_Soc1_w_forward_primer	100.000	63	0	0	1	63	97	159	4.46e-31	114
M03997:68:000000000-G35DK:1:2103:13275:17008	extended_3UTR_DCG_Soc1_w_forward_primer	100.000	29	0	0	1	29	110	138	4.99e-13	53.6
M03997:68:000000000-G35DK:1:1103:6157:21821	extended_3UTR_DCG_Soc1_w_forward_primer	100.000	33	0	0	1	33	13	45	4.00e-15	60.8
M03997:68:000000000-G35DK:1:1102:8782:16221	extended_3UTR_DCG_Soc1_w_forward_primer	98.425	127	2	0	1	127	37	163	2.23e-62	221
M03997:68:000000000-G35DK:1:2102:19798:22412	extended_3UTR_DCG_Soc1_w_forward_primer	100.000	46	0	0	1	46	133	178	5.34e-22	84.2
M03997:68:000000000-G35DK:1:2102:23761:13542	extended_3UTR_DCG_Soc1_w_forward_primer	100.000	106	0	0	1	106	7	112	3.59e-54	192
M03997:68:000000000-G35DK:1:1102:16616:20921	extended_3UTR_DCG_Soc1_w_forward_primer	100.000	110	0	0	1	110	12	121	2.52e-56	199
M03997:68:000000000-G35DK:1:2104:15294:14957	extended_3UTR_DCG_Soc1_w_forward_primer	100.000	59	0	0	1	59	54	112	6.13e-29	107
M03997:68:000000000-G35DK:1:2102:23232:7862	extended_3UTR_DCG_Soc1_w_forward_primer	100.000	64	0	0	1	64	62	125	1.63e-31	116
M03997:68:000000000-G35DK:1:1104:24144:22797	extended_3UTR_DCG_Soc1_w_forward_primer	100.000	18	0	0	1	18	7	24	6.40e-06	33.7
M03997:68:000000000-G35DK:1:2101:11741:12776	extended_3UTR_DCG_Soc1_w_forward_primer	100.000	50	0	0	1	50	56	105	3.97e-24	91.5
M03997:68:000000000-G35DK:1:1104:17255:21503	extended_3UTR_DCG_Soc1_w_forward_primer	100.000	70	0	0	1	70	13	82	7.99e-35	127
M03997:68:000000000-G35DK:1:2103:22393:8016	extended_3UTR_DCG_Soc1_w_forward_primer	96.667	30	1	0	1	30	13	42	1.30e-11	50.0
M03997:68:000000000-G35DK:1:2104:11413:14732	extended_3UTR_DCG_Soc1_w_forward_primer	100.000	75	0	0	1	75	26	100	1.67e-37	136
M03997:68:000000000-G35DK:1:2102:10318:4528	extended_3UTR_DCG_Soc1_w_forward_primer	100.000	86	0	0	1	86	56	141	2.08e-43	156
M03997:68:000000000-G35DK:1:1102:27344:18222	extended_3UTR_DCG_Soc1_w_forward_primer	100.000	76	0	0	1	76	40	115	6.72e-38	138
M03997:68:000000000-G35DK:1:1104:9471:27600	extended_3UTR_DCG_Soc1_w_forward_primer	100.000	17	0	0	1	17	83	99	2.80e-06	31.9
M03997:68:000000000-G35DK:1:2102:19654:16822	extended_3UTR_DCG_Soc1_w_forward_primer	100.000	40	0	0	1	40	27	66	8.12e-19	73.4
M03997:68:000000000-G35DK:1:1103:11205:2448	extended_3UTR_DCG_Soc1_w_forward_primer	100.000	109	0	0	1	109	56	164	8.70e-56	197
M03997:68:000000000-G35DK:1:2104:10682:22237	extended_3UTR_DCG_Soc1_w_forward_primer	100.000	17	0	0	1	17	8	24	3.72e-06	31.9
M03997:68:000000000-G35DK:1:2101:14675:9331	extended_3UTR_DCG_Soc1_w_forward_primer	100.000	88	0	0	1	88	13	100	1.75e-44	159
M03997:68:000000000-G35DK:1:2102:13666:19027	extended_3UTR_DCG_Soc1_w_forward_primer	100.000	21	0	0	1	21	6	26	1.52e-08	39.2
M03997:68:000000000-G35DK:1:2102:25237:21010	extended_3UTR_DCG_Soc1_w_forward_primer	100.000	85	0	0	1	85	37	121	7.16e-43	154
M03997:68:000000000-G35DK:1:2104:15665:26088	extended_3UTR_DCG_Soc1_w_forward_primer	100.000	20	0	0	1	20	7	26	3.30e-08	37.4
M03997:68:000000000-G35DK:1:1104:19749:14067	extended_3UTR_DCG_Soc1_w_forward_primer	100.000	87	0	0	1	87	74	160	2.23e-43	158
M03997:68:000000000-G35DK:1:2104:8302:25834	extended_3UTR_DCG_Soc1_w_forward_primer	96.667	30	1	0	1	30	83	112	6.37e-12	50.0
M03997:68:000000000-G35DK:1:1101:7934:22876	extended_3UTR_DCG_Soc1_w_forward_primer	100.000	46	0	0	1	46	62	107	5.34e-22	84.2
M03997:68:000000000-G35DK:1:2104:24203:23207	extended_3UTR_DCG_Soc1_w_forward_primer	76.190	42	5	1	1	42	13	49	4.65e-06	31.9
M03997:68:000000000-G35DK:1:2102:10970:23368	extended_3UTR_DCG_Soc1_w_forward_primer	100.000	57	0	0	1	57	56	112	7.17e-28	104
M03997:68:000000000-G35DK:1:1101:6497:6144	extended_3UTR_DCG_Soc1_w_forward_primer	100.000	93	0	0	1	93	13	105	3.59e-47	168
M03997:68:000000000-G35DK:1:1104:6587:5052	extended_3UTR_DCG_Soc1_w_forward_primer	100.000	75	0	0	1	75	52	126	2.10e-37	136
M03997:68:000000000-G35DK:1:1101:15174:12243	extended_3UTR_DCG_Soc1_w_forward_primer	100.000	57	0	0	1	57	56	112	7.17e-28	104
M03997:68:000000000-G35DK:1:2101:10241:2967	extended_3UTR_DCG_Soc1_w_forward_primer	100.000	37	0	0	1	37	130	166	4.73e-17	68.0
M03997:68:000000000-G35DK:1:2102:14030:22353	extended_3UTR_DCG_Soc1_w_forward_primer	98.276	58	1	0	1	58	113	170	5.25e-26	100
M03997:68:000000000-G35DK:1:1104:13155:18228	extended_3UTR_DCG_Soc1_w_forward_primer	95.556	90	4	0	1	90	110	199	4.52e-40	145
M03997:68:000000000-G35DK:1:2104:28744:12826	extended_3UTR_DCG_Soc1_w_forward_primer	95.455	22	0	1	1	21	170	191	2.56e-06	31.9
M03997:68:000000000-G35DK:1:1102:15186:25961	extended_3UTR_DCG_Soc1_w_forward_primer	100.000	16	0	0	1	16	13	28	9.77e-06	30.1
M03997:68:000000000-G35DK:1:2103:13759:15905	extended_3UTR_DCG_Soc1_w_forward_primer	100.000	79	0	0	1	79	13	91	1.19e-39	143
M03997:68:000000000-G35DK:1:2101:21164:20947	extended_3UTR_DCG_Soc1_w_forward_primer	100.000	18	0	0	1	18	7	24	2.90e-06	33.7
M03997:68:000000000-G35DK:1:1104:25749:15596	extended_3UTR_DCG_Soc1_w_forward_primer	100.000	29	0	0	1	29	93	121	4.99e-13	53.6
M03997:68:000000000-G35DK:1:1102:15894:6720	extended_3UTR_DCG_Soc1_w_forward_primer	100.000	38	0	0	1	38	13	50	1.66e-17	69.8
M03997:68:000000000-G35DK:1:1103:9887:12440	extended_3UTR_DCG_Soc1_w_forward_primer	98.000	50	1	0	1	50	56	105	1.69e-22	86.0
M03997:68:000000000-G35DK:1:1101:2113:18244	extended_3UTR_DCG_Soc1_w_forward_primer	100.000	33	0	0	1	33	83	115	4.00e-15	60.8
M03997:68:000000000-G35DK:1:1104:10124:4498	extended_3UTR_DCG_Soc1_w_forward_primer	100.000	103	0	0	1	103	13	115	1.48e-52	187
M03997:68:000000000-G35DK:1:1101:29148:13722	extended_3UTR_DCG_Soc1_w_forward_primer	100.000	23	0	0	1	23	104	126	1.80e-09	42.8
M03997:68:000000000-G35DK:1:2104:24305:22180	extended_3UTR_DCG_Soc1_w_forward_primer	100.000	63	0	0	1	63	10	72	4.46e-31	114
M03997:68:000000000-G35DK:1:1104:10984:4756	extended_3UTR_DCG_Soc1_w_forward_primer	99.083	109	1	0	1	109	13	121	3.70e-54	192
M03997:68:000000000-G35DK:1:1102:11620:14054	extended_3UTR_DCG_Soc1_w_forward_primer	98.810	84	1	0	1	84	83	166	4.03e-40	147
M03997:68:000000000-G35DK:1:1102:8397:25143	extended_3UTR_DCG_Soc1_w_forward_primer	100.000	25	0	0	1	25	104	128	1.51e-10	46.4
M03997:68:000000000-G35DK:1:1101:17859:26750	extended_3UTR_DCG_Soc1_w_forward_primer	100.000	74	0	0	1	74	48	121	5.74e-37	134
M03997:68:000000000-G35DK:1:2103:25830:24205	extended_3UTR_DCG_Soc1_w_forward_primer	100.000	56	0	0	1	56	83	138	2.45e-27	102
M03997:68:000000000-G35DK:1:2103:19783:17524	extended_3UTR_DCG_Soc1_w_forward_primer	100.000	20	0	0	1	20	7	26	4.02e-08	37.4
M03997:68:000000000-G35DK:1:1103:18682:6332	extended_3UTR_DCG_Soc1_w_forward_primer	100.000	20	0	0	84	103	1	20	1.69e-07	37.4
M03997:68:000000000-G35DK:1:1102:22541:12580	extended_3UTR_DCG_Soc1_w_forward_primer	94.393	107	6	0	1	107	93	199	1.67e-46	167
M03997:68:000000000-G35DK:1:1101:3513:16298	extended_3UTR_DCG_Soc1_w_forward_primer	98.438	64	1	0	1	64	107	170	6.75e-30	111
M03997:68:000000000-G35DK:1:1101:3353:10849	extended_3UTR_DCG_Soc1_w_forward_primer	97.778	90	2	0	1	90	102	191	9.39e-43	154
M03997:68:000000000-G35DK:1:1103:20946:16850	extended_3UTR_DCG_Soc1_w_forward_primer	96.825	63	2	0	1	63	29	91	2.31e-28	105
M03997:68:000000000-G35DK:1:1101:14302:7135	extended_3UTR_DCG_Soc1_w_forward_primer	98.571	70	1	0	1	70	13	82	3.40e-33	122
M03997:68:000000000-G35DK:1:2104:11011:9135	extended_3UTR_DCG_Soc1_w_forward_primer	100.000	19	0	0	1	19	8	26	4.83e-07	35.6
M03997:68:000000000-G35DK:1:1103:11686:14584	extended_3UTR_DCG_Soc1_w_forward_primer	100.000	74	0	0	1	74	58	131	5.74e-37	134
M03997:68:000000000-G35DK:1:1104:12149:14007	extended_3UTR_DCG_Soc1_w_forward_primer	100.000	46	0	0	1	46	13	58	5.34e-22	84.2
M03997:68:000000000-G35DK:1:2104:23550:8612	extended_3UTR_DCG_Soc1_w_forward_primer	92.593	27	1	1	50	75	1	27	1.28e-07	37.4
M03997:68:000000000-G35DK:1:2102:17819:3055	extended_3UTR_DCG_Soc1_w_forward_primer	98.230	113	2	0	1	113	12	124	3.99e-55	196
M03997:68:000000000-G35DK:1:1102:12950:11680	extended_3UTR_DCG_Soc1_w_forward_primer	100.000	43	0	0	1	43	135	177	3.57e-20	78.8
M03997:68:000000000-G35DK:1:1102:22046:9382	extended_3UTR_DCG_Soc1_w_forward_primer	76.190	42	5	1	1	42	13	49	5.89e-06	31.9
M03997:68:000000000-G35DK:1:1104:28651:10144	extended_3UTR_DCG_Soc1_w_forward_primer	100.000	39	0	0	1	39	83	121	2.75e-18	71.6
M03997:68:000000000-G35DK:1:2104:13718:19052	extended_3UTR_DCG_Soc1_w_forward_primer	100.000	68	0	0	1	68	5	72	9.41e-34	123
M03997:68:000000000-G35DK:1:1103:21485:26107	extended_3UTR_DCG_Soc1_w_forward_primer	100.000	56	0	0	1	56	128	183	2.45e-27	102
M03997:68:000000000-G35DK:1:2102:15838:5836	extended_3UTR_DCG_Soc1_w_forward_primer	100.000	18	0	0	1	18	7	24	1.82e-06	33.7
M03997:68:000000000-G35DK:1:1102:11084:5891	extended_3UTR_DCG_Soc1_w_forward_primer	100.000	31	0	0	1	31	7	37	4.49e-14	57.2
M03997:68:000000000-G35DK:1:2102:25537:5952	extended_3UTR_DCG_Soc1_w_forward_primer	100.000	103	0	0	1	103	13	115	1.48e-52	187
M03997:68:000000000-G35DK:1:1101:14402:18137	extended_3UTR_DCG_Soc1_w_forward_primer	76.190	42	5	1	1	42	13	49	6.74e-06	31.9
M03997:68:000000000-G35DK:1:2104:20620:8219	extended_3UTR_DCG_Soc1_w_forward_primer	98.333	60	1	0	1	60	62	121	7.62e-28	104
M03997:68:000000000-G35DK:1:2102:22472:25921	extended_3UTR_DCG_Soc1_w_forward_primer	100.000	50	0	0	1	50	13	62	3.97e-24	91.5
M03997:68:000000000-G35DK:1:2102:18215:12353	extended_3UTR_DCG_Soc1_w_forward_primer	100.000	54	0	0	1	54	52	105	2.86e-26	98.7
M03997:68:000000000-G35DK:1:1102:20954:24659	extended_3UTR_DCG_Soc1_w_forward_primer	97.222	36	1	0	1	36	135	170	4.49e-15	60.8
M03997:68:000000000-G35DK:1:1102:26328:20861	extended_3UTR_DCG_Soc1_w_forward_primer	98.750	80	1	0	1	80	26	105	1.47e-38	140
M03997:68:000000000-G35DK:1:1101:13207:15596	extended_3UTR_DCG_Soc1_w_forward_primer	98.889	90	1	0	1	90	26	115	6.26e-44	158
M03997:68:000000000-G35DK:1:2102:22066:9096	extended_3UTR_DCG_Soc1_w_forward_primer	100.000	98	0	0	1	98	13	110	7.35e-50	178
M03997:68:000000000-G35DK:1:1104:9545:21376	extended_3UTR_DCG_Soc1_w_forward_primer	100.000	49	0	0	1	49	48	96	1.35e-23	89.7
M03997:68:000000000-G35DK:1:1101:10005:17744	extended_3UTR_DCG_Soc1_w_forward_primer	100.000	58	0	0	1	58	7	64	2.10e-28	105
M03997:68:000000000-G35DK:1:2103:18768:26660	extended_3UTR_DCG_Soc1_w_forward_primer	100.000	60	0	0	1	60	7	66	1.79e-29	109
M03997:68:000000000-G35DK:1:1104:11922:28354	extended_3UTR_DCG_Soc1_w_forward_primer	100.000	120	0	0	1	120	7	126	1.08e-61	217
M03997:68:000000000-G35DK:1:1104:14837:5691	extended_3UTR_DCG_Soc1_w_forward_primer	100.000	63	0	0	1	63	97	159	4.46e-31	114
M03997:68:000000000-G35DK:1:1101:18041:13873	extended_3UTR_DCG_Soc1_w_forward_primer	100.000	34	0	0	1	34	83	116	1.88e-15	62.6
M03997:68:000000000-G35DK:1:2103:7866:10637	extended_3UTR_DCG_Soc1_w_forward_primer	100.000	109	0	0	1	109	23	131	8.70e-56	197
M03997:68:000000000-G35DK:1:2102:15301:13519	extended_3UTR_DCG_Soc1_w_forward_primer	100.000	35	0	0	1	35	99	133	3.55e-16	64.4
M03997:68:000000000-G35DK:1:1104:9780:12136	extended_3UTR_DCG_Soc1_w_forward_primer	100.000	39	0	0	1	39	83	121	2.75e-18	71.6
M03997:68:000000000-G35DK:1:2104:16433:26169	extended_3UTR_DCG_Soc1_w_forward_primer	100.000	53	0	0	1	53	50	102	9.76e-26	96.9
M03997:68:000000000-G35DK:1:1104:10159:20409	extended_3UTR_DCG_Soc1_w_forward_primer	100.000	34	0	0	1	34	112	145	1.19e-15	62.6
M03997:68:000000000-G35DK:1:1104:13498:14227	extended_3UTR_DCG_Soc1_w_forward_primer	100.000	91	0	0	1	91	83	173	4.27e-46	165
M03997:68:000000000-G35DK:1:2102:19120:14458	extended_3UTR_DCG_Soc1_w_forward_primer	79.167	48	5	1	1	48	7	49	3.47e-09	42.8
M03997:68:000000000-G35DK:1:1102:3844:21321	extended_3UTR_DCG_Soc1_w_forward_primer	100.000	23	0	0	1	23	106	128	1.81e-09	42.8
M03997:68:000000000-G35DK:1:2103:16449:5276	extended_3UTR_DCG_Soc1_w_forward_primer	100.000	68	0	0	1	68	54	121	9.41e-34	123
M03997:68:000000000-G35DK:1:1104:6358:15830	extended_3UTR_DCG_Soc1_w_forward_primer	100.000	18	0	0	1	18	7	24	4.45e-07	33.7
M03997:68:000000000-G35DK:1:1102:16394:12880	extended_3UTR_DCG_Soc1_w_forward_primer	100.000	80	0	0	1	80	104	183	3.47e-40	145
M03997:68:000000000-G35DK:1:2102:23240:18790	extended_3UTR_DCG_Soc1_w_forward_primer	76.190	42	5	1	1	42	13	49	9.73e-06	31.9
M03997:68:000000000-G35DK:1:1104:28709:15571	extended_3UTR_DCG_Soc1_w_forward_primer	100.000	53	0	0	1	53	12	64	9.76e-26	96.9
M03997:68:000000000-G35DK:1:1101:16430:19830	extended_3UTR_DCG_Soc1_w_forward_primer	100.000	21	0	0	106	126	1	21	6.04e-08	39.2
M03997:68:000000000-G35DK:1:1102:23361:21171	extended_3UTR_DCG_Soc1_w_forward_primer	100.000	60	0	0	1	60	56	115	1.79e-29	109
M03997:68:000000000-G35DK:1:1103:15317:13279	extended_3UTR_DCG_Soc1_w_forward_primer	98.758	161	2	0	1	161	13	173	4.06e-81	282
M03997:68:000000000-G35DK:1:2104:26986:16564	extended_3UTR_DCG_Soc1_w_forward_primer	100.000	72	0	0	1	72	37	108	6.77e-36	131
M03997:68:000000000-G35DK:1:2103:18328:15919	extended_3UTR_DCG_Soc1_w_forward_primer	100.000	94	0	0	1	94	78	171	1.04e-47	170
M03997:68:000000000-G35DK:1:2104:27158:19281	extended_3UTR_DCG_Soc1_w_forward_primer	100.000	52	0	0	1	52	13	64	3.33e-25	95.1
M03997:68:000000000-G35DK:1:2101:20463:12912	extended_3UTR_DCG_Soc1_w_forward_primer	100.000	72	0	0	1	72	62	133	6.77e-36	131
M03997:68:000000000-G35DK:1:1103:21427:14500	extended_3UTR_DCG_Soc1_w_forward_primer	100.000	60	0	0	1	60	13	72	1.79e-29	109
M03997:68:000000000-G35DK:1:1103:23686:15001	extended_3UTR_DCG_Soc1_w_forward_primer	100.000	20	0	0	1	20	7	26	7.49e-08	37.4
M03997:68:000000000-G35DK:1:1103:16480:19112	extended_3UTR_DCG_Soc1_w_forward_primer	100.000	20	0	0	1	20	7	26	5.85e-08	37.4
M03997:68:000000000-G35DK:1:1103:13958:18774	extended_3UTR_DCG_Soc1_w_forward_primer	100.000	38	0	0	1	38	19	56	9.28e-18	69.8
M03997:68:000000000-G35DK:1:2101:26835:8573	extended_3UTR_DCG_Soc1_w_forward_primer	100.000	46	0	0	1	46	91	136	5.34e-22	84.2
M03997:68:000000000-G35DK:1:1104:16141:12212	extended_3UTR_DCG_Soc1_w_forward_primer	100.000	79	0	0	1	79	58	136	1.19e-39	143
M03997:68:000000000-G35DK:1:1101:17293:11015	extended_3UTR_DCG_Soc1_w_forward_primer	100.000	86	0	0	1	86	68	153	2.08e-43	156
M03997:68:000000000-G35DK:1:1103:14437:15170	extended_3UTR_DCG_Soc1_w_forward_primer	100.000	85	0	0	1	85	23	107	7.16e-43	154
M03997:68:000000000-G35DK:1:1104:24665:19468	extended_3UTR_DCG_Soc1_w_forward_primer	76.190	42	5	1	1	42	13	49	9.73e-06	31.9
M03997:68:000000000-G35DK:1:1101:3826:21113	extended_3UTR_DCG_Soc1_w_forward_primer	98.438	64	1	0	1	64	75	138	5.54e-30	111
M03997:68:000000000-G35DK:1:1104:28008:17184	extended_3UTR_DCG_Soc1_w_forward_primer	98.750	80	1	0	1	80	12	91	1.47e-38	140
M03997:68:000000000-G35DK:1:1104:17517:18197	extended_3UTR_DCG_Soc1_w_forward_primer	79.167	48	5	1	1	48	7	49	2.61e-09	42.8
M03997:68:000000000-G35DK:1:1104:13492:16298	extended_3UTR_DCG_Soc1_w_forward_primer	100.000	45	0	0	1	45	99	143	1.81e-21	82.4
M03997:68:000000000-G35DK:1:1104:24119:15594	extended_3UTR_DCG_Soc1_w_forward_primer	100.000	20	0	0	1	20	5	24	8.38e-08	37.4
M03997:68:000000000-G35DK:1:2103:22333:7987	extended_3UTR_DCG_Soc1_w_forward_primer	100.000	27	0	0	1	27	13	39	1.22e-11	50.0
M03997:68:000000000-G35DK:1:1104:13077:27639	extended_3UTR_DCG_Soc1_w_forward_primer	100.000	18	0	0	1	18	7	24	7.79e-07	33.7
M03997:68:000000000-G35DK:1:2101:6812:22877	extended_3UTR_DCG_Soc1_w_forward_primer	99.020	102	1	0	1	102	13	114	2.17e-50	179
M03997:68:000000000-G35DK:1:1101:10013:16437	extended_3UTR_DCG_Soc1_w_forward_primer	100.000	19	0	0	1	19	8	26	1.98e-07	35.6
M03997:68:000000000-G35DK:1:1103:9671:11666	extended_3UTR_DCG_Soc1_w_forward_primer	100.000	60	0	0	1	60	56	115	1.79e-29	109
M03997:68:000000000-G35DK:1:1101:16936:2272	extended_3UTR_DCG_Soc1_w_forward_primer	79.167	48	5	1	1	48	7	49	3.04e-09	42.8
M03997:68:000000000-G35DK:1:1104:23684:21293	extended_3UTR_DCG_Soc1_w_forward_primer	100.000	77	0	0	1	77	29	105	1.41e-38	140
M03997:68:000000000-G35DK:1:1103:22299:23249	extended_3UTR_DCG_Soc1_w_forward_primer	100.000	33	0	0	1	33	127	159	7.82e-15	60.8
M03997:68:000000000-G35DK:1:1104:16789:4935	extended_3UTR_DCG_Soc1_w_forward_primer	100.000	18	0	0	1	18	7	24	7.35e-07	33.7
M03997:68:000000000-G35DK:1:1104:9058:10591	extended_3UTR_DCG_Soc1_w_forward_primer	98.214	56	1	0	1	56	7	62	1.04e-25	96.9
M03997:68:000000000-G35DK:1:2101:23538:25849	extended_3UTR_DCG_Soc1_w_forward_primer	100.000	88	0	0	1	88	83	170	1.99e-44	159
M03997:68:000000000-G35DK:1:1101:14781:24165	extended_3UTR_DCG_Soc1_w_forward_primer	100.000	90	0	0	1	90	21	110	1.47e-45	163
M03997:68:000000000-G35DK:1:2104:28766:17362	extended_3UTR_DCG_Soc1_w_forward_primer	100.000	60	0	0	1	60	97	156	1.79e-29	109
M03997:68:000000000-G35DK:1:1102:5151:9047	extended_3UTR_DCG_Soc1_w_forward_primer	100.000	64	0	0	1	64	58	121	1.30e-31	116
M03997:68:000000000-G35DK:1:1101:25248:6695	extended_3UTR_DCG_Soc1_w_forward_primer	100.000	20	0	0	1	20	7	26	3.30e-08	37.4
M03997:68:000000000-G35DK:1:2101:16271:2567	extended_3UTR_DCG_Soc1_w_forward_primer	100.000	38	0	0	1	38	83	120	1.57e-17	69.8
M03997:68:000000000-G35DK:1:1103:4650:17506	extended_3UTR_DCG_Soc1_w_forward_primer	100.000	18	0	0	1	18	7	24	6.01e-07	33.7
M03997:68:000000000-G35DK:1:2103:15267:26012	extended_3UTR_DCG_Soc1_w_forward_primer	100.000	104	0	0	1	104	10	113	4.28e-53	188
M03997:68:000000000-G35DK:1:1103:10256:17420	extended_3UTR_DCG_Soc1_w_forward_primer	100.000	47	0	0	1	47	5	51	1.57e-22	86.0
M03997:68:000000000-G35DK:1:2102:19596:2799	extended_3UTR_DCG_Soc1_w_forward_primer	100.000	78	0	0	1	78	29	106	4.16e-39	141
M03997:68:000000000-G35DK:1:1101:27096:17833	extended_3UTR_DCG_Soc1_w_forward_primer	95.238	21	1	0	31	51	1	21	9.32e-07	33.7
M03997:68:000000000-G35DK:1:1101:19250:16772	extended_3UTR_DCG_Soc1_w_forward_primer	100.000	19	0	0	1	19	7	25	1.28e-07	35.6
M03997:68:000000000-G35DK:1:2103:13659:9855	extended_3UTR_DCG_Soc1_w_forward_primer	100.000	17	0	0	1	17	8	24	1.63e-06	31.9
M03997:68:000000000-G35DK:1:2104:21007:22601	extended_3UTR_DCG_Soc1_w_forward_primer	100.000	72	0	0	1	72	37	108	6.77e-36	131
M03997:68:000000000-G35DK:1:1102:14814:21933	extended_3UTR_DCG_Soc1_w_forward_primer	100.000	96	0	0	1	96	26	121	8.75e-49	174
M03997:68:000000000-G35DK:1:2101:27541:15786	extended_3UTR_DCG_Soc1_w_forward_primer	100.000	20	0	0	1	20	7	26	7.13e-08	37.4
M03997:68:000000000-G35DK:1:2102:5917:23491	extended_3UTR_DCG_Soc1_w_forward_primer	77.273	44	5	1	1	44	11	49	4.52e-07	35.6
M03997:68:000000000-G35DK:1:2102:2253:18620	extended_3UTR_DCG_Soc1_w_forward_primer	100.000	105	0	0	1	105	72	176	1.24e-53	190
M03997:68:000000000-G35DK:1:2101:23138:6757	extended_3UTR_DCG_Soc1_w_forward_primer	100.000	71	0	0	1	71	10	80	2.33e-35	129
M03997:68:000000000-G35DK:1:1102:11462:25330	extended_3UTR_DCG_Soc1_w_forward_primer	97.959	49	1	0	1	49	12	60	5.76e-22	84.2
M03997:68:000000000-G35DK:1:1101:24369:18179	extended_3UTR_DCG_Soc1_w_forward_primer	100.000	18	0	0	1	18	7	24	6.46e-07	33.7
M03997:68:000000000-G35DK:1:2103:9545:7577	extended_3UTR_DCG_Soc1_w_forward_primer	100.000	51	0	0	1	51	41	91	1.13e-24	93.3
M03997:68:000000000-G35DK:1:1102:16176:19020	extended_3UTR_DCG_Soc1_w_forward_primer	90.909	22	2	0	1	22	170	191	2.64e-06	31.9
M03997:68:000000000-G35DK:1:1103:4978:6637	extended_3UTR_DCG_Soc1_w_forward_primer	98.780	82	1	0	1	82	83	164	1.24e-39	143
M03997:68:000000000-G35DK:1:2103:15442:22490	extended_3UTR_DCG_Soc1_w_forward_primer	100.000	103	0	0	1	103	13	115	1.48e-52	187
M03997:68:000000000-G35DK:1:2104:11919:13868	extended_3UTR_DCG_Soc1_w_forward_primer	100.000	91	0	0	1	91	82	172	4.27e-46	165
M03997:68:000000000-G35DK:1:2101:13393:20004	extended_3UTR_DCG_Soc1_w_forward_primer	98.913	92	1	0	1	92	19	110	5.27e-45	161
M03997:68:000000000-G35DK:1:2103:11837:21447	extended_3UTR_DCG_Soc1_w_forward_primer	100.000	28	0	0	1	28	5	32	1.66e-12	51.8
M03997:68:000000000-G35DK:1:1103:5161:12852	extended_3UTR_DCG_Soc1_w_forward_primer	100.000	17	0	0	1	17	8	24	5.11e-06	31.9
M03997:68:000000000-G35DK:1:1103:16627:15951	extended_3UTR_DCG_Soc1_w_forward_primer	76.190	42	5	1	1	42	13	49	4.26e-06	31.9
M03997:68:000000000-G35DK:1:2101:12918:11895	extended_3UTR_DCG_Soc1_w_forward_primer	98.734	79	1	0	1	79	13	91	5.07e-38	138
M03997:68:000000000-G35DK:1:2104:8148:18659	extended_3UTR_DCG_Soc1_w_forward_primer	98.876	89	1	0	1	89	13	101	2.16e-43	156
M03997:68:000000000-G35DK:1:1101:12476:9403	extended_3UTR_DCG_Soc1_w_forward_primer	98.592	142	2	0	1	142	29	170	7.43e-71	248
M03997:68:000000000-G35DK:1:1103:11599:9132	extended_3UTR_DCG_Soc1_w_forward_primer	100.000	50	0	0	1	50	119	168	4.24e-24	91.5
M03997:68:000000000-G35DK:1:1101:11270:15412	extended_3UTR_DCG_Soc1_w_forward_primer	79.167	48	5	1	1	48	7	49	2.61e-09	42.8
M03997:68:000000000-G35DK:1:1101:2029:16500	extended_3UTR_DCG_Soc1_w_forward_primer	99.000	100	1	0	1	100	13	112	2.62e-49	176
M03997:68:000000000-G35DK:1:1101:5199:17115	extended_3UTR_DCG_Soc1_w_forward_primer	100.000	62	0	0	1	62	26	87	2.08e-30	113
M03997:68:000000000-G35DK:1:1104:1816:15724	extended_3UTR_DCG_Soc1_w_forward_primer	99.153	118	1	0	1	118	74	191	5.44e-59	208
M03997:68:000000000-G35DK:1:1101:22600:24331	extended_3UTR_DCG_Soc1_w_forward_primer	98.837	86	1	0	1	86	27	112	8.84e-42	150
M03997:68:000000000-G35DK:1:1104:19952:10530	extended_3UTR_DCG_Soc1_w_forward_primer	100.000	29	0	0	1	29	88	116	1.07e-12	53.6
M03997:68:000000000-G35DK:1:2104:21551:8827	extended_3UTR_DCG_Soc1_w_forward_primer	96.364	55	0	1	1	53	37	91	5.05e-23	87.8
M03997:68:000000000-G35DK:1:1104:22943:24340	extended_3UTR_DCG_Soc1_w_forward_primer	100.000	49	0	0	1	49	48	96	1.35e-23	89.7
M03997:68:000000000-G35DK:1:2104:6794:11005	extended_3UTR_DCG_Soc1_w_forward_primer	100.000	18	0	0	1	18	107	124	7.79e-07	33.7
M03997:68:000000000-G35DK:1:2101:25688:20382	extended_3UTR_DCG_Soc1_w_forward_primer	96.875	96	1	1	1	94	31	126	8.40e-44	158
M03997:68:000000000-G35DK:1:1103:16774:5757	extended_3UTR_DCG_Soc1_w_forward_primer	95.588	68	3	0	1	68	74	141	2.14e-29	109
M03997:68:000000000-G35DK:1:1101:5307:12185	extended_3UTR_DCG_Soc1_w_forward_primer	100.000	20	0	0	1	20	5	24	5.25e-07	37.4
M03997:68:000000000-G35DK:1:1103:16044:24002	extended_3UTR_DCG_Soc1_w_forward_primer	100.000	50	0	0	1	50	64	113	3.97e-24	91.5
M03997:68:000000000-G35DK:1:1101:14286:10587	extended_3UTR_DCG_Soc1_w_forward_primer	100.000	18	0	0	1	18	7	24	7.35e-07	33.7
M03997:68:000000000-G35DK:1:2101:22256:20348	extended_3UTR_DCG_Soc1_w_forward_primer	100.000	17	0	0	1	17	8	24	2.41e-06	31.9
M03997:68:000000000-G35DK:1:1104:14198:24298	extended_3UTR_DCG_Soc1_w_forward_primer	100.000	64	0	0	1	64	58	121	1.30e-31	116
M03997:68:000000000-G35DK:1:1102:12093:24315	extended_3UTR_DCG_Soc1_w_forward_primer	88.571	35	4	0	1	35	165	199	1.41e-10	46.4
M03997:68:000000000-G35DK:1:1104:20343:16049	extended_3UTR_DCG_Soc1_w_forward_primer	97.727	44	1	0	1	44	13	56	2.62e-19	75.2
M03997:68:000000000-G35DK:1:2104:17589:10852	extended_3UTR_DCG_Soc1_w_forward_primer	100.000	18	0	0	1	18	7	24	8.46e-07	33.7
M03997:68:000000000-G35DK:1:1104:3172:10900	extended_3UTR_DCG_Soc1_w_forward_primer	100.000	97	0	0	1	97	62	158	3.22e-49	176
M03997:68:000000000-G35DK:1:2103:20535:8648	extended_3UTR_DCG_Soc1_w_forward_primer	100.000	60	0	0	1	60	62	121	1.79e-29	109
M03997:68:000000000-G35DK:1:1101:22807:24312	extended_3UTR_DCG_Soc1_w_forward_primer	100.000	35	0	0	1	35	125	159	3.55e-16	64.4
M03997:68:000000000-G35DK:1:2104:6721:23648	extended_3UTR_DCG_Soc1_w_forward_primer	100.000	39	0	0	14	52	12	50	3.80e-18	71.6
M03997:68:000000000-G35DK:1:1101:9093:21972	extended_3UTR_DCG_Soc1_w_forward_primer	100.000	57	0	0	1	57	110	166	1.03e-27	104
M03997:68:000000000-G35DK:1:1103:20650:11053	extended_3UTR_DCG_Soc1_w_forward_primer	100.000	33	0	0	1	33	139	171	4.00e-15	60.8
M03997:68:000000000-G35DK:1:1103:6363:11378	extended_3UTR_DCG_Soc1_w_forward_primer	97.917	96	2	0	1	96	26	121	4.53e-46	165
M03997:68:000000000-G35DK:1:1104:13945:15025	extended_3UTR_DCG_Soc1_w_forward_primer	100.000	81	0	0	1	81	41	121	1.01e-40	147
M03997:68:000000000-G35DK:1:1101:6599:20640	extended_3UTR_DCG_Soc1_w_forward_primer	100.000	24	0	0	75	98	1	24	1.12e-09	44.6
M03997:68:000000000-G35DK:1:1102:13309:9459	extended_3UTR_DCG_Soc1_w_forward_primer	100.000	32	0	0	1	32	102	133	1.34e-14	59.0
M03997:68:000000000-G35DK:1:1104:8482:20126	extended_3UTR_DCG_Soc1_w_forward_primer	100.000	90	0	0	1	90	37	126	1.94e-45	163
M03997:68:000000000-G35DK:1:1104:7040:10271	extended_3UTR_DCG_Soc1_w_forward_primer	97.727	44	1	0	1	44	29	72	2.62e-19	75.2
M03997:68:000000000-G35DK:1:2102:10376:28114	extended_3UTR_DCG_Soc1_w_forward_primer	97.727	44	1	0	1	44	13	56	2.62e-19	75.2
M03997:68:000000000-G35DK:1:2102:24701:11579	extended_3UTR_DCG_Soc1_w_forward_primer	100.000	36	0	0	1	36	15	50	1.05e-16	66.2
M03997:68:000000000-G35DK:1:2102:21259:6612	extended_3UTR_DCG_Soc1_w_forward_primer	100.000	30	0	0	1	30	7	36	1.50e-13	55.4
M03997:68:000000000-G35DK:1:1102:15919:9960	extended_3UTR_DCG_Soc1_w_forward_primer	100.000	65	0	0	1	65	88	152	4.61e-32	118
M03997:68:000000000-G35DK:1:1103:12682:9653	extended_3UTR_DCG_Soc1_w_forward_primer	100.000	20	0	0	1	20	7	26	5.67e-08	37.4
M03997:68:000000000-G35DK:1:2101:19240:17814	extended_3UTR_DCG_Soc1_w_forward_primer	100.000	132	0	0	1	132	12	143	3.50e-68	239
M03997:68:000000000-G35DK:1:1102:7109:22360	extended_3UTR_DCG_Soc1_w_forward_primer	100.000	31	0	0	1	31	56	86	4.49e-14	57.2
M03997:68:000000000-G35DK:1:1101:18650:20169	extended_3UTR_DCG_Soc1_w_forward_primer	98.182	55	1	0	1	55	74	128	5.34e-25	95.1
M03997:68:000000000-G35DK:1:2102:27499:21364	extended_3UTR_DCG_Soc1_w_forward_primer	100.000	68	0	0	1	68	58	125	1.34e-33	123
M03997:68:000000000-G35DK:1:1101:11941:13851	extended_3UTR_DCG_Soc1_w_forward_primer	96.094	128	4	1	1	127	72	199	1.71e-57	205
M03997:68:000000000-G35DK:1:1101:12026:27353	extended_3UTR_DCG_Soc1_w_forward_primer	100.000	18	0	0	1	18	7	24	8.02e-07	33.7
M03997:68:000000000-G35DK:1:1101:7589:10472	extended_3UTR_DCG_Soc1_w_forward_primer	100.000	98	0	0	1	98	29	126	7.74e-50	178
M03997:68:000000000-G35DK:1:2104:8431:11396	extended_3UTR_DCG_Soc1_w_forward_primer	100.000	21	0	0	87	107	1	21	5.05e-08	39.2
M03997:68:000000000-G35DK:1:1103:24011:5219	extended_3UTR_DCG_Soc1_w_forward_primer	100.000	77	0	0	1	77	91	167	1.41e-38	140
M03997:68:000000000-G35DK:1:2101:10820:24645	extended_3UTR_DCG_Soc1_w_forward_primer	98.182	55	1	0	1	55	56	110	3.56e-25	95.1
M03997:68:000000000-G35DK:1:2103:9242:20589	extended_3UTR_DCG_Soc1_w_forward_primer	100.000	75	0	0	1	75	54	128	2.32e-37	136
M03997:68:000000000-G35DK:1:1102:8229:6191	extended_3UTR_DCG_Soc1_w_forward_primer	97.727	88	2	0	1	88	83	170	1.16e-41	150
M03997:68:000000000-G35DK:1:1102:25450:16933	extended_3UTR_DCG_Soc1_w_forward_primer	100.000	89	0	0	1	89	31	119	5.08e-45	161
M03997:68:000000000-G35DK:1:1101:24421:24544	extended_3UTR_DCG_Soc1_w_forward_primer	100.000	20	0	0	1	20	7	26	4.02e-08	37.4
M03997:68:000000000-G35DK:1:1101:27508:19936	extended_3UTR_DCG_Soc1_w_forward_primer	100.000	20	0	0	1	20	7	26	7.68e-08	37.4
M03997:68:000000000-G35DK:1:2102:19980:19953	extended_3UTR_DCG_Soc1_w_forward_primer	100.000	102	0	0	1	102	13	114	5.10e-52	185
M03997:68:000000000-G35DK:1:2103:7906:24546	extended_3UTR_DCG_Soc1_w_forward_primer	100.000	18	0	0	1	18	7	24	4.45e-07	33.7
M03997:68:000000000-G35DK:1:1102:24212:15624	extended_3UTR_DCG_Soc1_w_forward_primer	100.000	92	0	0	1	92	46	137	1.24e-46	167
M03997:68:000000000-G35DK:1:2104:26387:8576	extended_3UTR_DCG_Soc1_w_forward_primer	100.000	68	0	0	1	68	54	121	9.41e-34	123
M03997:68:000000000-G35DK:1:1103:23650:25178	extended_3UTR_DCG_Soc1_w_forward_primer	100.000	84	0	0	1	84	13	96	2.47e-42	152
M03997:68:000000000-G35DK:1:1103:6846:4504	extended_3UTR_DCG_Soc1_w_forward_primer	99.091	110	1	0	1	110	26	135	1.07e-54	194
M03997:68:000000000-G35DK:1:2101:19411:19280	extended_3UTR_DCG_Soc1_w_forward_primer	100.000	87	0	0	1	87	29	115	6.03e-44	158
M03997:68:000000000-G35DK:1:2102:19401:25032	extended_3UTR_DCG_Soc1_w_forward_primer	100.000	64	0	0	1	64	58	121	1.30e-31	116
M03997:68:000000000-G35DK:1:1102:19085:5755	extended_3UTR_DCG_Soc1_w_forward_primer	100.000	93	0	0	1	93	29	121	3.59e-47	168
M03997:68:000000000-G35DK:1:2103:22277:25416	extended_3UTR_DCG_Soc1_w_forward_primer	100.000	62	0	0	1	62	88	149	1.53e-30	113
M03997:68:000000000-G35DK:1:1101:23644:4286	extended_3UTR_DCG_Soc1_w_forward_primer	100.000	68	0	0	1	68	7	74	9.41e-34	123
M03997:68:000000000-G35DK:1:2101:16824:9165	extended_3UTR_DCG_Soc1_w_forward_primer	100.000	41	0	0	1	41	68	108	2.40e-19	75.2
M03997:68:000000000-G35DK:1:2103:14707:25207	extended_3UTR_DCG_Soc1_w_forward_primer	100.000	77	0	0	1	77	23	99	1.41e-38	140
M03997:68:000000000-G35DK:1:1102:20201:14334	extended_3UTR_DCG_Soc1_w_forward_primer	98.305	59	1	0	1	59	62	120	3.49e-27	102
M03997:68:000000000-G35DK:1:1101:6896:5892	extended_3UTR_DCG_Soc1_w_forward_primer	100.000	18	0	0	1	18	7	24	5.79e-07	33.7
M03997:68:000000000-G35DK:1:1104:19412:7663	extended_3UTR_DCG_Soc1_w_forward_primer	100.000	95	0	0	1	95	26	120	3.47e-48	172
M03997:68:000000000-G35DK:1:2104:3854:22298	extended_3UTR_DCG_Soc1_w_forward_primer	98.485	66	1	0	1	66	45	110	4.71e-31	114
M03997:68:000000000-G35DK:1:2102:15956:16276	extended_3UTR_DCG_Soc1_w_forward_primer	100.000	49	0	0	1	49	62	110	1.35e-23	89.7
M03997:68:000000000-G35DK:1:1101:16914:10697	extended_3UTR_DCG_Soc1_w_forward_primer	96.667	30	1	0	1	30	13	42	1.01e-11	50.0
M03997:68:000000000-G35DK:1:1103:8845:15388	extended_3UTR_DCG_Soc1_w_forward_primer	79.167	48	5	1	1	48	7	49	2.87e-09	42.8
M03997:68:000000000-G35DK:1:2103:23185:11296	extended_3UTR_DCG_Soc1_w_forward_primer	100.000	49	0	0	1	49	67	115	1.35e-23	89.7
M03997:68:000000000-G35DK:1:1101:8584:9243	extended_3UTR_DCG_Soc1_w_forward_primer	100.000	32	0	0	1	32	93	124	1.61e-13	59.0
M03997:68:000000000-G35DK:1:1101:3721:17375	extended_3UTR_DCG_Soc1_w_forward_primer	100.000	145	0	0	1	145	29	173	3.40e-75	262
M03997:68:000000000-G35DK:1:1104:29358:14415	extended_3UTR_DCG_Soc1_w_forward_primer	100.000	50	0	0	1	50	13	62	3.97e-24	91.5
M03997:68:000000000-G35DK:1:1102:12786:27056	extended_3UTR_DCG_Soc1_w_forward_primer	100.000	107	0	0	1	107	37	143	1.04e-54	194
M03997:68:000000000-G35DK:1:2102:19365:20605	extended_3UTR_DCG_Soc1_w_forward_primer	100.000	54	0	0	1	54	13	66	2.86e-26	98.7
M03997:68:000000000-G35DK:1:2102:26618:8113	extended_3UTR_DCG_Soc1_w_forward_primer	100.000	18	0	0	1	18	7	24	1.15e-06	33.7
M03997:68:000000000-G35DK:1:2101:19985:19827	extended_3UTR_DCG_Soc1_w_forward_primer	100.000	33	0	0	1	33	151	183	4.60e-14	60.8
M03997:68:000000000-G35DK:1:1104:22136:10663	extended_3UTR_DCG_Soc1_w_forward_primer	100.000	18	0	0	1	18	13	30	5.79e-07	33.7
M03997:68:000000000-G35DK:1:1102:19467:17287	extended_3UTR_DCG_Soc1_w_forward_primer	100.000	86	0	0	1	86	27	112	2.08e-43	156
M03997:68:000000000-G35DK:1:2102:5299:12757	extended_3UTR_DCG_Soc1_w_forward_primer	100.000	18	0	0	1	18	7	24	2.06e-06	33.7
M03997:68:000000000-G35DK:1:2101:19554:22067	extended_3UTR_DCG_Soc1_w_forward_primer	98.718	78	1	0	1	78	107	184	2.39e-37	136
M03997:68:000000000-G35DK:1:2103:17774:14826	extended_3UTR_DCG_Soc1_w_forward_primer	98.750	80	1	0	1	80	54	133	1.47e-38	140
M03997:68:000000000-G35DK:1:2103:9179:19850	extended_3UTR_DCG_Soc1_w_forward_primer	100.000	76	0	0	1	76	46	121	4.85e-38	138
M03997:68:000000000-G35DK:1:2104:24660:25611	extended_3UTR_DCG_Soc1_w_forward_primer	100.000	93	0	0	1	93	13	105	3.59e-47	168
M03997:68:000000000-G35DK:1:1101:18870:8741	extended_3UTR_DCG_Soc1_w_forward_primer	100.000	94	0	0	1	94	14	107	1.04e-47	170
M03997:68:000000000-G35DK:1:2101:19561:27247	extended_3UTR_DCG_Soc1_w_forward_primer	100.000	18	0	0	1	18	7	24	8.24e-07	33.7
M03997:68:000000000-G35DK:1:1101:22077:13394	extended_3UTR_DCG_Soc1_w_forward_primer	100.000	60	0	0	1	60	7	66	1.79e-29	109
M03997:68:000000000-G35DK:1:1103:14456:8800	extended_3UTR_DCG_Soc1_w_forward_primer	100.000	17	0	0	1	17	8	24	2.41e-06	31.9
M03997:68:000000000-G35DK:1:1103:16035:10034	extended_3UTR_DCG_Soc1_w_forward_primer	100.000	71	0	0	1	71	31	101	2.33e-35	129
M03997:68:000000000-G35DK:1:1103:22990:11627	extended_3UTR_DCG_Soc1_w_forward_primer	100.000	62	0	0	1	62	102	163	1.53e-30	113
M03997:68:000000000-G35DK:1:1104:9372:14927	extended_3UTR_DCG_Soc1_w_forward_primer	100.000	31	0	0	1	31	156	186	4.49e-14	57.2
M03997:68:000000000-G35DK:1:1101:24768:20887	extended_3UTR_DCG_Soc1_w_forward_primer	100.000	72	0	0	1	72	62	133	6.77e-36	131
M03997:68:000000000-G35DK:1:2104:14606:14599	extended_3UTR_DCG_Soc1_w_forward_primer	100.000	67	0	0	1	67	26	92	3.29e-33	122
M03997:68:000000000-G35DK:1:2104:20544:22785	extended_3UTR_DCG_Soc1_w_forward_primer	100.000	76	0	0	1	76	37	112	4.85e-38	138
M03997:68:000000000-G35DK:1:1101:12071:14633	extended_3UTR_DCG_Soc1_w_forward_primer	100.000	17	0	0	1	17	8	24	3.95e-06	31.9
M03997:68:000000000-G35DK:1:2104:18539:21742	extended_3UTR_DCG_Soc1_w_forward_primer	100.000	17	0	0	1	17	8	24	3.41e-06	31.9
M03997:68:000000000-G35DK:1:1103:11890:22266	extended_3UTR_DCG_Soc1_w_forward_primer	100.000	109	0	0	1	109	13	121	8.70e-56	197
M03997:68:000000000-G35DK:1:1101:24649:15277	extended_3UTR_DCG_Soc1_w_forward_primer	100.000	33	0	0	1	33	13	45	4.00e-15	60.8
M03997:68:000000000-G35DK:1:2103:16666:12701	extended_3UTR_DCG_Soc1_w_forward_primer	100.000	105	0	0	1	105	54	158	1.24e-53	190
M03997:68:000000000-G35DK:1:1103:14474:10988	extended_3UTR_DCG_Soc1_w_forward_primer	100.000	18	0	0	1	18	8	25	8.24e-07	33.7
M03997:68:000000000-G35DK:1:1103:14579:11670	extended_3UTR_DCG_Soc1_w_forward_primer	100.000	18	0	0	1	18	7	24	7.13e-07	33.7
M03997:68:000000000-G35DK:1:2104:17113:7372	extended_3UTR_DCG_Soc1_w_forward_primer	100.000	115	0	0	1	115	62	176	5.10e-59	208
M03997:68:000000000-G35DK:1:1101:4736:15324	extended_3UTR_DCG_Soc1_w_forward_primer	76.190	42	5	1	1	42	13	49	7.96e-06	31.9
M03997:68:000000000-G35DK:1:2102:3020:11853	extended_3UTR_DCG_Soc1_w_forward_primer	76.190	42	5	1	1	42	13	49	4.11e-06	31.9
M03997:68:000000000-G35DK:1:1104:21796:3004	extended_3UTR_DCG_Soc1_w_forward_primer	97.619	42	1	0	1	42	129	170	4.77e-18	71.6
M03997:68:000000000-G35DK:1:2103:20640:5938	extended_3UTR_DCG_Soc1_w_forward_primer	100.000	39	0	0	5	43	58	96	3.10e-18	71.6
M03997:68:000000000-G35DK:1:2101:6465:17993	extended_3UTR_DCG_Soc1_w_forward_primer	96.364	55	0	1	1	53	26	80	5.05e-23	87.8
M03997:68:000000000-G35DK:1:2102:23849:11295	extended_3UTR_DCG_Soc1_w_forward_primer	100.000	18	0	0	1	18	7	24	1.09e-06	33.7
M03997:68:000000000-G35DK:1:1104:18518:5273	extended_3UTR_DCG_Soc1_w_forward_primer	100.000	88	0	0	1	88	23	110	1.75e-44	159
M03997:68:000000000-G35DK:1:1104:29412:12557	extended_3UTR_DCG_Soc1_w_forward_primer	100.000	24	0	0	1	24	8	31	2.10e-10	44.6
M03997:68:000000000-G35DK:1:2102:27380:12771	extended_3UTR_DCG_Soc1_w_forward_primer	100.000	18	0	0	1	18	7	24	1.69e-06	33.7
M03997:68:000000000-G35DK:1:2103:16571:4637	extended_3UTR_DCG_Soc1_w_forward_primer	93.056	72	5	0	1	72	128	199	3.54e-28	107
M03997:68:000000000-G35DK:1:2103:18826:19013	extended_3UTR_DCG_Soc1_w_forward_primer	100.000	52	0	0	1	52	31	82	3.33e-25	95.1
M03997:68:000000000-G35DK:1:1103:8559:21218	extended_3UTR_DCG_Soc1_w_forward_primer	100.000	85	0	0	1	85	21	105	7.16e-43	154
M03997:68:000000000-G35DK:1:2104:29443:17764	extended_3UTR_DCG_Soc1_w_forward_primer	100.000	19	0	0	1	19	8	26	1.13e-06	35.6
M03997:68:000000000-G35DK:1:1101:27119:16963	extended_3UTR_DCG_Soc1_w_forward_primer	76.190	42	5	1	1	42	13	49	6.74e-06	31.9
M03997:68:000000000-G35DK:1:2101:15037:11139	extended_3UTR_DCG_Soc1_w_forward_primer	75.472	106	25	1	6	110	2	107	8.80e-18	71.6
M03997:68:000000000-G35DK:1:1104:18931:21744	extended_3UTR_DCG_Soc1_w_forward_primer	100.000	60	0	0	1	60	56	115	1.79e-29	109
M03997:68:000000000-G35DK:1:2103:24404:8213	extended_3UTR_DCG_Soc1_w_forward_primer	100.000	134	0	0	1	134	31	164	2.92e-69	242
M03997:68:000000000-G35DK:1:1102:13850:8209	extended_3UTR_DCG_Soc1_w_forward_primer	100.000	18	0	0	1	18	7	24	2.90e-06	33.7
M03997:68:000000000-G35DK:1:1103:4235:13229	extended_3UTR_DCG_Soc1_w_forward_primer	100.000	20	0	0	1	20	5	24	8.20e-08	37.4
M03997:68:000000000-G35DK:1:2101:1883:16913	extended_3UTR_DCG_Soc1_w_forward_primer	100.000	62	0	0	1	62	60	121	1.53e-30	113
M03997:68:000000000-G35DK:1:1103:17009:25639	extended_3UTR_DCG_Soc1_w_forward_primer	76.190	42	5	1	1	42	13	49	9.42e-06	31.9
M03997:68:000000000-G35DK:1:2104:22151:7167	extended_3UTR_DCG_Soc1_w_forward_primer	100.000	18	0	0	1	18	7	24	6.01e-07	33.7
M03997:68:000000000-G35DK:1:1102:20412:26378	extended_3UTR_DCG_Soc1_w_forward_primer	100.000	50	0	0	1	50	128	177	3.97e-24	91.5
M03997:68:000000000-G35DK:1:2103:7535:21194	extended_3UTR_DCG_Soc1_w_forward_primer	100.000	109	0	0	1	109	13	121	8.70e-56	197
M03997:68:000000000-G35DK:1:1104:25882:11134	extended_3UTR_DCG_Soc1_w_forward_primer	100.000	51	0	0	1	51	10	60	1.13e-24	93.3
M03997:68:000000000-G35DK:1:2104:14403:24317	extended_3UTR_DCG_Soc1_w_forward_primer	76.190	42	5	1	1	42	13	49	2.80e-06	31.9
M03997:68:000000000-G35DK:1:1102:4856:12516	extended_3UTR_DCG_Soc1_w_forward_primer	100.000	71	0	0	1	71	58	128	1.08e-34	129
M03997:68:000000000-G35DK:1:2103:27051:9255	extended_3UTR_DCG_Soc1_w_forward_primer	100.000	63	0	0	1	63	74	136	4.46e-31	114
M03997:68:000000000-G35DK:1:2103:7379:8811	extended_3UTR_DCG_Soc1_w_forward_primer	100.000	20	0	0	1	20	7	26	7.65e-08	37.4
M03997:68:000000000-G35DK:1:1102:19907:11448	extended_3UTR_DCG_Soc1_w_forward_primer	100.000	54	0	0	1	54	83	136	2.86e-26	98.7
M03997:68:000000000-G35DK:1:2101:13876:8462	extended_3UTR_DCG_Soc1_w_forward_primer	100.000	133	0	0	1	133	46	178	1.01e-68	241
M03997:68:000000000-G35DK:1:1103:14579:24260	extended_3UTR_DCG_Soc1_w_forward_primer	96.154	52	2	0	1	52	140	191	2.25e-22	86.0
M03997:68:000000000-G35DK:1:1101:22044:3254	extended_3UTR_DCG_Soc1_w_forward_primer	100.000	30	0	0	1	30	13	42	1.70e-13	55.4
M03997:68:000000000-G35DK:1:1104:7703:12715	extended_3UTR_DCG_Soc1_w_forward_primer	100.000	69	0	0	1	69	53	121	2.74e-34	125
M03997:68:000000000-G35DK:1:1101:16487:3662	extended_3UTR_DCG_Soc1_w_forward_primer	100.000	43	0	0	1	43	135	177	2.09e-20	78.8
M03997:68:000000000-G35DK:1:2101:8081:19546	extended_3UTR_DCG_Soc1_w_forward_primer	100.000	52	0	0	1	52	56	107	3.33e-25	95.1
M03997:68:000000000-G35DK:1:2101:20938:7868	extended_3UTR_DCG_Soc1_w_forward_primer	98.214	56	1	0	1	56	128	183	1.04e-25	96.9
M03997:68:000000000-G35DK:1:1101:23397:12628	extended_3UTR_DCG_Soc1_w_forward_primer	100.000	46	0	0	1	46	125	170	1.04e-21	84.2
M03997:68:000000000-G35DK:1:2102:14589:19299	extended_3UTR_DCG_Soc1_w_forward_primer	100.000	52	0	0	1	52	54	105	3.33e-25	95.1
M03997:68:000000000-G35DK:1:1101:24302:25578	extended_3UTR_DCG_Soc1_w_forward_primer	100.000	18	0	0	1	18	8	25	9.35e-07	33.7
M03997:68:000000000-G35DK:1:2104:11120:22833	extended_3UTR_DCG_Soc1_w_forward_primer	100.000	18	0	0	1	18	7	24	9.35e-07	33.7
M03997:68:000000000-G35DK:1:1103:23873:9548	extended_3UTR_DCG_Soc1_w_forward_primer	100.000	61	0	0	1	61	58	118	5.74e-30	111
M03997:68:000000000-G35DK:1:2103:22184:9513	extended_3UTR_DCG_Soc1_w_forward_primer	100.000	20	0	0	1	20	5	24	3.66e-08	37.4
M03997:68:000000000-G35DK:1:2104:8158:18638	extended_3UTR_DCG_Soc1_w_forward_primer	96.552	29	1	0	1	29	163	191	2.83e-11	48.2
M03997:68:000000000-G35DK:1:1103:18295:22683	extended_3UTR_DCG_Soc1_w_forward_primer	97.500	80	2	0	1	80	12	91	1.80e-37	136
M03997:68:000000000-G35DK:1:2104:8646:17336	extended_3UTR_DCG_Soc1_w_forward_primer	100.000	52	0	0	1	52	64	115	3.33e-25	95.1
M03997:68:000000000-G35DK:1:2103:22093:16284	extended_3UTR_DCG_Soc1_w_forward_primer	100.000	37	0	0	1	37	10	46	3.13e-17	68.0
M03997:68:000000000-G35DK:1:1103:10506:25663	extended_3UTR_DCG_Soc1_w_forward_primer	100.000	18	0	0	1	18	7	24	1.80e-06	33.7
M03997:68:000000000-G35DK:1:2102:10924:19457	extended_3UTR_DCG_Soc1_w_forward_primer	100.000	24	0	0	1	24	13	36	4.43e-10	44.6
M03997:68:000000000-G35DK:1:1104:10423:4037	extended_3UTR_DCG_Soc1_w_forward_primer	98.485	66	1	0	1	66	37	102	4.71e-31	114
M03997:68:000000000-G35DK:1:2101:10047:20819	extended_3UTR_DCG_Soc1_w_forward_primer	100.000	19	0	0	1	19	8	26	2.68e-07	35.6
M03997:68:000000000-G35DK:1:2102:7328:20234	extended_3UTR_DCG_Soc1_w_forward_primer	100.000	57	0	0	1	57	26	82	7.17e-28	104
M03997:68:000000000-G35DK:1:2101:12822:27767	extended_3UTR_DCG_Soc1_w_forward_primer	100.000	58	0	0	1	58	58	115	2.10e-28	105
M03997:68:000000000-G35DK:1:2101:22628:16975	extended_3UTR_DCG_Soc1_w_forward_primer	100.000	56	0	0	1	56	78	133	2.45e-27	102
M03997:68:000000000-G35DK:1:2104:17573:8623	extended_3UTR_DCG_Soc1_w_forward_primer	100.000	30	0	0	1	30	83	112	1.50e-13	55.4
M03997:68:000000000-G35DK:1:1103:23570:9863	extended_3UTR_DCG_Soc1_w_forward_primer	100.000	85	0	0	1	85	31	115	7.16e-43	154
M03997:68:000000000-G35DK:1:2103:11524:25228	extended_3UTR_DCG_Soc1_w_forward_primer	100.000	32	0	0	1	32	110	141	1.61e-13	59.0
M03997:68:000000000-G35DK:1:2103:15032:6594	extended_3UTR_DCG_Soc1_w_forward_primer	100.000	18	0	0	1	18	7	24	7.35e-07	33.7
M03997:68:000000000-G35DK:1:2104:27989:10573	extended_3UTR_DCG_Soc1_w_forward_primer	100.000	17	0	0	1	17	10	26	2.80e-06	31.9
M03997:68:000000000-G35DK:1:2103:13126:20532	extended_3UTR_DCG_Soc1_w_forward_primer	76.190	42	5	1	1	42	13	49	6.74e-06	31.9
M03997:68:000000000-G35DK:1:2103:14358:16462	extended_3UTR_DCG_Soc1_w_forward_primer	100.000	21	0	0	87	107	1	21	5.05e-08	39.2
M03997:68:000000000-G35DK:1:2103:14430:11761	extended_3UTR_DCG_Soc1_w_forward_primer	100.000	97	0	0	1	97	19	115	2.54e-49	176
M03997:68:000000000-G35DK:1:2103:9717:6958	extended_3UTR_DCG_Soc1_w_forward_primer	100.000	104	0	0	1	104	54	157	4.28e-53	188
M03997:68:000000000-G35DK:1:1102:24005:8122	extended_3UTR_DCG_Soc1_w_forward_primer	100.000	58	0	0	1	58	7	64	2.10e-28	105
M03997:68:000000000-G35DK:1:1104:14682:5329	extended_3UTR_DCG_Soc1_w_forward_primer	100.000	77	0	0	1	77	42	118	1.41e-38	140
M03997:68:000000000-G35DK:1:2104:14050:15616	extended_3UTR_DCG_Soc1_w_forward_primer	100.000	56	0	0	1	56	88	143	2.45e-27	102
M03997:68:000000000-G35DK:1:2101:16521:22171	extended_3UTR_DCG_Soc1_w_forward_primer	100.000	20	0	0	1	20	5	24	9.84e-08	37.4
M03997:68:000000000-G35DK:1:2102:21136:25729	extended_3UTR_DCG_Soc1_w_forward_primer	99.000	100	1	0	1	100	13	112	2.62e-49	176
M03997:68:000000000-G35DK:1:1102:23699:24289	extended_3UTR_DCG_Soc1_w_forward_primer	100.000	20	0	0	1	20	7	26	5.48e-08	37.4
M03997:68:000000000-G35DK:1:2102:15248:13448	extended_3UTR_DCG_Soc1_w_forward_primer	92.593	81	6	0	1	81	119	199	1.65e-32	120
M03997:68:000000000-G35DK:1:2103:12976:27586	extended_3UTR_DCG_Soc1_w_forward_primer	100.000	19	0	0	1	19	6	24	1.72e-07	35.6
M03997:68:000000000-G35DK:1:2103:24109:17708	extended_3UTR_DCG_Soc1_w_forward_primer	100.000	74	0	0	1	74	62	135	5.74e-37	134
M03997:68:000000000-G35DK:1:1104:9412:13390	extended_3UTR_DCG_Soc1_w_forward_primer	98.630	73	1	0	1	73	54	126	8.38e-35	127
M03997:68:000000000-G35DK:1:1101:17700:12433	extended_3UTR_DCG_Soc1_w_forward_primer	100.000	52	0	0	1	52	7	58	3.33e-25	95.1
M03997:68:000000000-G35DK:1:2102:20656:19600	extended_3UTR_DCG_Soc1_w_forward_primer	100.000	53	0	0	1	53	97	149	9.76e-26	96.9
