M03997:68:000000000-G35DK:1:1103:16158:4135	extended_3UTR_DCG_Soc1_w_forward_primer	100.000	17	0	0	1	17	10	26	3.03e-06	31.9
M03997:68:000000000-G35DK:1:1104:20849:20734	extended_3UTR_DCG_Soc1_w_forward_primer	98.824	85	1	0	1	85	29	113	3.04e-41	149
M03997:68:000000000-G35DK:1:2103:20781:12812	extended_3UTR_DCG_Soc1_w_forward_primer	100.000	42	0	0	1	42	97	138	7.08e-20	77.0
M03997:68:000000000-G35DK:1:1103:8643:15499	extended_3UTR_DCG_Soc1_w_forward_primer	100.000	18	0	0	1	18	7	24	8.46e-07	33.7
M03997:68:000000000-G35DK:1:1103:23541:7271	extended_3UTR_DCG_Soc1_w_forward_primer	100.000	18	0	0	1	18	7	24	4.23e-07	33.7
M03997:68:000000000-G35DK:1:2103:17706:9539	extended_3UTR_DCG_Soc1_w_forward_primer	95.455	22	1	0	1	22	7	28	7.10e-07	35.6
M03997:68:000000000-G35DK:1:2104:18064:20367	extended_3UTR_DCG_Soc1_w_forward_primer	100.000	74	0	0	1	74	23	96	5.74e-37	134
M03997:68:000000000-G35DK:1:1104:13798:8750	extended_3UTR_DCG_Soc1_w_forward_primer	100.000	18	0	0	1	18	7	24	6.40e-06	33.7
M03997:68:000000000-G35DK:1:1103:22863:16197	extended_3UTR_DCG_Soc1_w_forward_primer	100.000	54	0	0	1	54	13	66	2.86e-26	98.7
M03997:68:000000000-G35DK:1:2102:22021:7261	extended_3UTR_DCG_Soc1_w_forward_primer	100.000	60	0	0	1	60	48	107	1.79e-29	109
M03997:68:000000000-G35DK:1:2104:22896:21418	extended_3UTR_DCG_Soc1_w_forward_primer	100.000	18	0	0	1	18	7	24	2.48e-06	33.7
M03997:68:000000000-G35DK:1:2104:19315:17721	extended_3UTR_DCG_Soc1_w_forward_primer	98.701	77	1	0	1	77	15	91	6.00e-37	134
M03997:68:000000000-G35DK:1:1101:21549:8717	extended_3UTR_DCG_Soc1_w_forward_primer	100.000	25	0	0	63	87	1	25	2.78e-10	46.4
M03997:68:000000000-G35DK:1:1102:21624:14243	extended_3UTR_DCG_Soc1_w_forward_primer	100.000	98	0	0	1	98	34	131	7.35e-50	178
M03997:68:000000000-G35DK:1:2102:27301:20704	extended_3UTR_DCG_Soc1_w_forward_primer	100.000	17	0	0	1	17	8	24	4.73e-06	31.9
M03997:68:000000000-G35DK:1:1104:24170:25315	extended_3UTR_DCG_Soc1_w_forward_primer	100.000	20	0	0	1	20	5	24	3.84e-08	37.4
M03997:68:000000000-G35DK:1:1104:26494:9180	extended_3UTR_DCG_Soc1_w_forward_primer	98.507	67	1	0	1	67	93	159	1.37e-31	116
M03997:68:000000000-G35DK:1:2103:8566:8263	extended_3UTR_DCG_Soc1_w_forward_primer	100.000	39	0	0	1	39	83	121	2.75e-18	71.6
M03997:68:000000000-G35DK:1:2104:10430:18432	extended_3UTR_DCG_Soc1_w_forward_primer	100.000	44	0	0	1	44	58	101	6.16e-21	80.6
M03997:68:000000000-G35DK:1:1103:6075:10189	extended_3UTR_DCG_Soc1_w_forward_primer	100.000	166	0	0	1	166	19	184	1.56e-86	300
M03997:68:000000000-G35DK:1:1102:14378:16383	extended_3UTR_DCG_Soc1_w_forward_primer	98.485	66	1	0	1	66	56	121	4.71e-31	114
M03997:68:000000000-G35DK:1:2104:27617:15707	extended_3UTR_DCG_Soc1_w_forward_primer	100.000	85	0	0	1	85	23	107	7.16e-43	154
M03997:68:000000000-G35DK:1:1104:20847:25370	extended_3UTR_DCG_Soc1_w_forward_primer	92.857	28	2	0	1	28	7	34	2.27e-09	42.8
M03997:68:000000000-G35DK:1:1103:9516:11687	extended_3UTR_DCG_Soc1_w_forward_primer	100.000	27	0	0	1	27	13	39	5.50e-12	50.0
M03997:68:000000000-G35DK:1:2102:8594:18289	extended_3UTR_DCG_Soc1_w_forward_primer	96.825	63	0	1	1	61	29	91	2.71e-27	102
M03997:68:000000000-G35DK:1:2101:29451:14905	extended_3UTR_DCG_Soc1_w_forward_primer	100.000	19	0	0	18	36	3	21	1.79e-07	35.6
M03997:68:000000000-G35DK:1:2102:17697:13206	extended_3UTR_DCG_Soc1_w_forward_primer	100.000	54	0	0	1	54	83	136	2.86e-26	98.7
M03997:68:000000000-G35DK:1:1101:27339:16600	extended_3UTR_DCG_Soc1_w_forward_primer	98.780	82	1	0	1	82	39	120	4.91e-39	143
M03997:68:000000000-G35DK:1:1104:11427:6304	extended_3UTR_DCG_Soc1_w_forward_primer	100.000	66	0	0	1	66	50	115	1.11e-32	120
M03997:68:000000000-G35DK:1:1102:11962:27424	extended_3UTR_DCG_Soc1_w_forward_primer	100.000	21	0	0	38	58	1	21	2.56e-08	39.2
M03997:68:000000000-G35DK:1:2101:25575:9085	extended_3UTR_DCG_Soc1_w_forward_primer	100.000	42	0	0	1	42	64	105	7.08e-20	77.0
M03997:68:000000000-G35DK:1:2104:23062:8521	extended_3UTR_DCG_Soc1_w_forward_primer	100.000	46	0	0	1	46	29	74	5.34e-22	84.2
M03997:68:000000000-G35DK:1:2104:17655:10953	extended_3UTR_DCG_Soc1_w_forward_primer	100.000	20	0	0	1	20	5	24	7.13e-08	37.4
M03997:68:000000000-G35DK:1:2102:22001:19065	extended_3UTR_DCG_Soc1_w_forward_primer	98.958	96	1	0	1	96	12	107	3.72e-47	168
M03997:68:000000000-G35DK:1:1101:5035:20234	extended_3UTR_DCG_Soc1_w_forward_primer	100.000	64	0	0	1	64	13	76	1.30e-31	116
M03997:68:000000000-G35DK:1:1101:12318:11933	extended_3UTR_DCG_Soc1_w_forward_primer	100.000	92	0	0	1	92	19	110	1.24e-46	167
M03997:68:000000000-G35DK:1:2104:25565:21670	extended_3UTR_DCG_Soc1_w_forward_primer	100.000	52	0	0	1	52	13	64	3.33e-25	95.1
M03997:68:000000000-G35DK:1:2102:25278:22051	extended_3UTR_DCG_Soc1_w_forward_primer	100.000	54	0	0	1	54	62	115	2.86e-26	98.7
M03997:68:000000000-G35DK:1:2102:28066:18193	extended_3UTR_DCG_Soc1_w_forward_primer	100.000	18	0	0	1	18	7	24	9.77e-07	33.7
M03997:68:000000000-G35DK:1:2102:23441:11620	extended_3UTR_DCG_Soc1_w_forward_primer	100.000	63	0	0	1	63	29	91	4.46e-31	114
M03997:68:000000000-G35DK:1:1101:12601:16513	extended_3UTR_DCG_Soc1_w_forward_primer	100.000	17	0	0	1	17	10	26	5.11e-06	31.9
M03997:68:000000000-G35DK:1:2102:7315:21780	extended_3UTR_DCG_Soc1_w_forward_primer	100.000	82	0	0	1	82	31	112	2.92e-41	149
M03997:68:000000000-G35DK:1:1104:14760:22477	extended_3UTR_DCG_Soc1_w_forward_primer	99.153	118	1	0	1	118	26	143	5.25e-59	208
M03997:68:000000000-G35DK:1:2103:22651:18649	extended_3UTR_DCG_Soc1_w_forward_primer	100.000	20	0	0	1	20	5	24	8.20e-08	37.4
M03997:68:000000000-G35DK:1:2102:11538:15430	extended_3UTR_DCG_Soc1_w_forward_primer	100.000	101	0	0	1	101	15	115	1.76e-51	183
M03997:68:000000000-G35DK:1:2104:22461:14718	extended_3UTR_DCG_Soc1_w_forward_primer	98.718	78	1	0	1	78	27	104	1.74e-37	136
M03997:68:000000000-G35DK:1:1101:4042:17859	extended_3UTR_DCG_Soc1_w_forward_primer	100.000	42	0	0	1	42	29	70	7.08e-20	77.0
M03997:68:000000000-G35DK:1:2102:5840:14708	extended_3UTR_DCG_Soc1_w_forward_primer	98.413	63	1	0	1	63	29	91	1.90e-29	109
M03997:68:000000000-G35DK:1:1103:21485:13385	extended_3UTR_DCG_Soc1_w_forward_primer	100.000	94	0	0	1	94	43	136	1.04e-47	170
M03997:68:000000000-G35DK:1:2103:14465:17108	extended_3UTR_DCG_Soc1_w_forward_primer	100.000	20	0	0	1	20	7	26	3.47e-08	37.4
M03997:68:000000000-G35DK:1:1103:12399:27042	extended_3UTR_DCG_Soc1_w_forward_primer	100.000	98	0	0	1	98	48	145	7.35e-50	178
M03997:68:000000000-G35DK:1:1104:6269:20115	extended_3UTR_DCG_Soc1_w_forward_primer	100.000	18	0	0	1	18	7	24	4.90e-07	33.7
M03997:68:000000000-G35DK:1:2104:20172:24420	extended_3UTR_DCG_Soc1_w_forward_primer	100.000	22	0	0	1	22	5	26	4.31e-08	41.0
M03997:68:000000000-G35DK:1:1103:16810:15599	extended_3UTR_DCG_Soc1_w_forward_primer	100.000	22	0	0	1	22	5	26	3.00e-09	41.0
M03997:68:000000000-G35DK:1:2104:19686:26876	extended_3UTR_DCG_Soc1_w_forward_primer	100.000	63	0	0	1	63	60	122	4.46e-31	114
M03997:68:000000000-G35DK:1:1104:16190:21141	extended_3UTR_DCG_Soc1_w_forward_primer	100.000	36	0	0	1	36	21	56	1.05e-16	66.2
M03997:68:000000000-G35DK:1:1104:18518:27511	extended_3UTR_DCG_Soc1_w_forward_primer	100.000	21	0	0	25	45	1	21	1.94e-08	39.2
M03997:68:000000000-G35DK:1:1104:13985:7126	extended_3UTR_DCG_Soc1_w_forward_primer	100.000	17	0	0	1	17	10	26	4.18e-06	31.9
M03997:68:000000000-G35DK:1:1104:22535:11233	extended_3UTR_DCG_Soc1_w_forward_primer	97.468	79	2	0	1	79	13	91	6.18e-37	134
M03997:68:000000000-G35DK:1:1101:24101:6675	extended_3UTR_DCG_Soc1_w_forward_primer	100.000	20	0	0	1	20	7	26	5.25e-07	37.4
M03997:68:000000000-G35DK:1:1102:12752:4143	extended_3UTR_DCG_Soc1_w_forward_primer	100.000	44	0	0	1	44	13	56	6.16e-21	80.6
M03997:68:000000000-G35DK:1:2101:13717:8342	extended_3UTR_DCG_Soc1_w_forward_primer	99.225	129	1	0	1	129	48	176	6.18e-65	228
M03997:68:000000000-G35DK:1:1102:7440:10762	extended_3UTR_DCG_Soc1_w_forward_primer	97.059	34	1	0	1	34	58	91	5.07e-14	57.2
M03997:68:000000000-G35DK:1:1102:20199:17329	extended_3UTR_DCG_Soc1_w_forward_primer	100.000	117	0	0	1	117	62	178	4.27e-60	212
M03997:68:000000000-G35DK:1:2103:24119:23811	extended_3UTR_DCG_Soc1_w_forward_primer	98.529	68	1	0	1	68	13	80	4.00e-32	118
M03997:68:000000000-G35DK:1:2104:13679:13976	extended_3UTR_DCG_Soc1_w_forward_primer	100.000	62	0	0	1	62	5	66	1.53e-30	113
M03997:68:000000000-G35DK:1:2102:27172:8019	extended_3UTR_DCG_Soc1_w_forward_primer	100.000	17	0	0	1	17	8	24	2.64e-06	31.9
M03997:68:000000000-G35DK:1:2103:17180:23171	extended_3UTR_DCG_Soc1_w_forward_primer	100.000	22	0	0	1	22	5	26	3.15e-09	41.0
M03997:68:000000000-G35DK:1:2101:9985:21259	extended_3UTR_DCG_Soc1_w_forward_primer	100.000	70	0	0	1	70	13	82	7.99e-35	127
M03997:68:000000000-G35DK:1:1104:23595:12747	extended_3UTR_DCG_Soc1_w_forward_primer	100.000	79	0	0	1	79	13	91	1.19e-39	143
M03997:68:000000000-G35DK:1:1103:18777:21449	extended_3UTR_DCG_Soc1_w_forward_primer	98.630	73	1	0	1	73	29	101	8.38e-35	127
M03997:68:000000000-G35DK:1:1103:26208:13599	extended_3UTR_DCG_Soc1_w_forward_primer	97.619	42	1	0	1	42	23	64	3.19e-18	71.6
M03997:68:000000000-G35DK:1:2102:28359:16598	extended_3UTR_DCG_Soc1_w_forward_primer	98.305	118	0	1	1	116	26	143	7.65e-57	201
M03997:68:000000000-G35DK:1:2103:5117:18399	extended_3UTR_DCG_Soc1_w_forward_primer	100.000	103	0	0	1	103	10	112	1.48e-52	187
M03997:68:000000000-G35DK:1:2102:7935:17633	extended_3UTR_DCG_Soc1_w_forward_primer	100.000	44	0	0	1	44	13	56	6.16e-21	80.6
M03997:68:000000000-G35DK:1:2103:27894:13720	extended_3UTR_DCG_Soc1_w_forward_primer	100.000	27	0	0	1	27	52	78	5.50e-12	50.0
M03997:68:000000000-G35DK:1:2102:29107:13066	extended_3UTR_DCG_Soc1_w_forward_primer	100.000	33	0	0	1	33	7	39	4.00e-15	60.8
M03997:68:000000000-G35DK:1:1104:16567:16578	extended_3UTR_DCG_Soc1_w_forward_primer	100.000	18	0	0	1	18	7	24	6.40e-06	33.7
M03997:68:000000000-G35DK:1:1103:16777:14680	extended_3UTR_DCG_Soc1_w_forward_primer	100.000	21	0	0	1	21	4	24	3.08e-08	39.2
M03997:68:000000000-G35DK:1:1101:28893:16213	extended_3UTR_DCG_Soc1_w_forward_primer	100.000	34	0	0	1	34	58	91	1.19e-15	62.6
M03997:68:000000000-G35DK:1:1104:20718:5160	extended_3UTR_DCG_Soc1_w_forward_primer	100.000	52	0	0	1	52	13	64	3.33e-25	95.1
M03997:68:000000000-G35DK:1:1102:25244:21981	extended_3UTR_DCG_Soc1_w_forward_primer	100.000	50	0	0	1	50	13	62	3.97e-24	91.5
M03997:68:000000000-G35DK:1:2102:9997:18042	extended_3UTR_DCG_Soc1_w_forward_primer	99.153	118	1	0	1	118	13	130	5.30e-59	208
M03997:68:000000000-G35DK:1:2101:20288:17143	extended_3UTR_DCG_Soc1_w_forward_primer	100.000	66	0	0	1	66	26	91	1.11e-32	120
M03997:68:000000000-G35DK:1:1101:20832:19290	extended_3UTR_DCG_Soc1_w_forward_primer	100.000	32	0	0	1	32	60	91	1.34e-14	59.0
M03997:68:000000000-G35DK:1:2104:25503:23089	extended_3UTR_DCG_Soc1_w_forward_primer	100.000	21	0	0	52	72	1	21	3.29e-08	39.2
M03997:68:000000000-G35DK:1:1101:16461:24912	extended_3UTR_DCG_Soc1_w_forward_primer	100.000	93	0	0	1	93	13	105	3.59e-47	168
M03997:68:000000000-G35DK:1:1101:7600:7984	extended_3UTR_DCG_Soc1_w_forward_primer	100.000	20	0	0	1	20	7	26	3.12e-08	37.4
M03997:68:000000000-G35DK:1:1104:16788:17605	extended_3UTR_DCG_Soc1_w_forward_primer	100.000	18	0	0	1	18	7	24	9.35e-07	33.7
M03997:68:000000000-G35DK:1:2103:23981:8287	extended_3UTR_DCG_Soc1_w_forward_primer	100.000	33	0	0	1	33	13	45	4.00e-15	60.8
M03997:68:000000000-G35DK:1:1101:18471:21320	extended_3UTR_DCG_Soc1_w_forward_primer	100.000	99	0	0	1	99	7	105	2.13e-50	179
M03997:68:000000000-G35DK:1:1101:11080:8559	extended_3UTR_DCG_Soc1_w_forward_primer	100.000	54	0	0	1	54	62	115	2.86e-26	98.7
M03997:68:000000000-G35DK:1:1103:13099:27791	extended_3UTR_DCG_Soc1_w_forward_primer	100.000	55	0	0	1	55	58	112	8.37e-27	100
M03997:68:000000000-G35DK:1:2101:17557:24855	extended_3UTR_DCG_Soc1_w_forward_primer	100.000	21	0	0	45	65	1	21	2.92e-08	39.2
M03997:68:000000000-G35DK:1:2102:23019:21679	extended_3UTR_DCG_Soc1_w_forward_primer	100.000	79	0	0	1	79	58	136	1.19e-39	143
M03997:68:000000000-G35DK:1:1104:7819:21566	extended_3UTR_DCG_Soc1_w_forward_primer	100.000	19	0	0	1	19	7	25	2.49e-07	35.6
M03997:68:000000000-G35DK:1:2103:22834:24582	extended_3UTR_DCG_Soc1_w_forward_primer	100.000	50	0	0	1	50	56	105	3.97e-24	91.5
M03997:68:000000000-G35DK:1:2103:22936:11972	extended_3UTR_DCG_Soc1_w_forward_primer	100.000	22	0	0	1	22	5	26	9.27e-09	41.0
M03997:68:000000000-G35DK:1:2101:10288:18745	extended_3UTR_DCG_Soc1_w_forward_primer	100.000	18	0	0	1	18	7	24	1.82e-06	33.7
M03997:68:000000000-G35DK:1:2101:21288:26091	extended_3UTR_DCG_Soc1_w_forward_primer	100.000	34	0	0	1	34	27	60	1.19e-15	62.6
M03997:68:000000000-G35DK:1:2101:21563:13204	extended_3UTR_DCG_Soc1_w_forward_primer	98.980	98	1	0	1	98	13	110	3.13e-48	172
M03997:68:000000000-G35DK:1:1102:18935:2642	extended_3UTR_DCG_Soc1_w_forward_primer	100.000	20	0	0	1	20	7	26	3.66e-08	37.4
M03997:68:000000000-G35DK:1:2103:21614:16654	extended_3UTR_DCG_Soc1_w_forward_primer	100.000	50	0	0	1	50	13	62	3.97e-24	91.5
M03997:68:000000000-G35DK:1:2104:23136:8551	extended_3UTR_DCG_Soc1_w_forward_primer	100.000	51	0	0	1	51	83	133	1.13e-24	93.3
M03997:68:000000000-G35DK:1:1102:12141:17395	extended_3UTR_DCG_Soc1_w_forward_primer	100.000	72	0	0	1	72	37	108	6.77e-36	131
M03997:68:000000000-G35DK:1:2104:19838:18620	extended_3UTR_DCG_Soc1_w_forward_primer	100.000	69	0	0	1	69	37	105	2.74e-34	125
M03997:68:000000000-G35DK:1:1101:6160:15925	extended_3UTR_DCG_Soc1_w_forward_primer	98.485	66	1	0	1	66	99	164	4.71e-31	114
M03997:68:000000000-G35DK:1:1103:19566:9718	extended_3UTR_DCG_Soc1_w_forward_primer	100.000	82	0	0	1	82	31	112	2.92e-41	149
M03997:68:000000000-G35DK:1:1102:14965:11501	extended_3UTR_DCG_Soc1_w_forward_primer	100.000	64	0	0	1	64	7	70	1.30e-31	116
M03997:68:000000000-G35DK:1:1103:23009:17614	extended_3UTR_DCG_Soc1_w_forward_primer	100.000	18	0	0	1	18	7	24	9.77e-07	33.7
M03997:68:000000000-G35DK:1:1101:7209:12313	extended_3UTR_DCG_Soc1_w_forward_primer	100.000	93	0	0	1	93	29	121	3.59e-47	168
M03997:68:000000000-G35DK:1:1101:5587:18952	extended_3UTR_DCG_Soc1_w_forward_primer	98.182	55	1	0	1	55	29	83	3.56e-25	95.1
M03997:68:000000000-G35DK:1:2101:22402:24659	extended_3UTR_DCG_Soc1_w_forward_primer	100.000	69	0	0	1	69	52	120	2.74e-34	125
M03997:68:000000000-G35DK:1:1104:12029:2241	extended_3UTR_DCG_Soc1_w_forward_primer	100.000	54	0	0	1	54	62	115	2.86e-26	98.7
M03997:68:000000000-G35DK:1:1101:9527:6439	extended_3UTR_DCG_Soc1_w_forward_primer	96.875	96	3	0	1	96	104	199	4.76e-44	159
M03997:68:000000000-G35DK:1:1101:20394:13198	extended_3UTR_DCG_Soc1_w_forward_primer	100.000	21	0	0	1	21	13	33	1.50e-07	39.2
M03997:68:000000000-G35DK:1:2102:26659:7673	extended_3UTR_DCG_Soc1_w_forward_primer	98.113	53	1	0	1	53	12	64	4.15e-24	91.5
M03997:68:000000000-G35DK:1:2102:15520:24499	extended_3UTR_DCG_Soc1_w_forward_primer	100.000	57	0	0	1	57	48	104	7.17e-28	104
M03997:68:000000000-G35DK:1:1104:17823:15465	extended_3UTR_DCG_Soc1_w_forward_primer	100.000	52	0	0	3	54	54	105	3.48e-25	95.1
M03997:68:000000000-G35DK:1:1101:10423:11277	extended_3UTR_DCG_Soc1_w_forward_primer	98.507	67	1	0	1	67	60	126	1.52e-31	116
M03997:68:000000000-G35DK:1:1102:11081:24951	extended_3UTR_DCG_Soc1_w_forward_primer	98.485	132	0	1	1	130	23	154	5.24e-64	226
M03997:68:000000000-G35DK:1:1104:4066:20197	extended_3UTR_DCG_Soc1_w_forward_primer	100.000	17	0	0	1	17	8	24	8.03e-06	31.9
M03997:68:000000000-G35DK:1:1101:25894:5864	extended_3UTR_DCG_Soc1_w_forward_primer	100.000	90	0	0	1	90	54	143	1.47e-45	163
M03997:68:000000000-G35DK:1:1103:13890:18009	extended_3UTR_DCG_Soc1_w_forward_primer	100.000	16	0	0	1	16	11	26	8.41e-06	30.1
M03997:68:000000000-G35DK:1:2104:15253:13072	extended_3UTR_DCG_Soc1_w_forward_primer	100.000	98	0	0	1	98	13	110	7.35e-50	178
M03997:68:000000000-G35DK:1:1102:15397:19725	extended_3UTR_DCG_Soc1_w_forward_primer	100.000	82	0	0	1	82	24	105	2.92e-41	149
M03997:68:000000000-G35DK:1:2103:4593:19295	extended_3UTR_DCG_Soc1_w_forward_primer	100.000	18	0	0	1	18	7	24	5.34e-07	33.7
M03997:68:000000000-G35DK:1:2102:18336:23892	extended_3UTR_DCG_Soc1_w_forward_primer	100.000	20	0	0	1	20	5	24	5.25e-07	37.4
M03997:68:000000000-G35DK:1:2102:6916:18530	extended_3UTR_DCG_Soc1_w_forward_primer	100.000	55	0	0	1	55	37	91	8.37e-27	100
M03997:68:000000000-G35DK:1:1102:20130:23040	extended_3UTR_DCG_Soc1_w_forward_primer	99.237	131	1	0	1	131	13	143	5.16e-66	232
M03997:68:000000000-G35DK:1:2101:4073:22072	extended_3UTR_DCG_Soc1_w_forward_primer	100.000	76	0	0	1	76	7	82	4.85e-38	138
M03997:68:000000000-G35DK:1:1102:28766:10802	extended_3UTR_DCG_Soc1_w_forward_primer	100.000	20	0	0	1	20	5	24	3.48e-08	37.4
M03997:68:000000000-G35DK:1:2101:24027:25622	extended_3UTR_DCG_Soc1_w_forward_primer	100.000	18	0	0	1	18	7	24	2.97e-06	33.7
M03997:68:000000000-G35DK:1:2102:14323:6740	extended_3UTR_DCG_Soc1_w_forward_primer	100.000	20	0	0	1	20	5	24	5.25e-07	37.4
M03997:68:000000000-G35DK:1:2104:21227:14677	extended_3UTR_DCG_Soc1_w_forward_primer	100.000	21	0	0	96	116	1	21	5.52e-08	39.2
M03997:68:000000000-G35DK:1:2101:12419:14883	extended_3UTR_DCG_Soc1_w_forward_primer	100.000	18	0	0	1	18	7	24	1.31e-06	33.7
M03997:68:000000000-G35DK:1:2101:11407:9534	extended_3UTR_DCG_Soc1_w_forward_primer	100.000	22	0	0	1	22	5	26	2.85e-09	41.0
M03997:68:000000000-G35DK:1:2101:10352:24255	extended_3UTR_DCG_Soc1_w_forward_primer	100.000	49	0	0	1	49	12	60	1.35e-23	89.7
M03997:68:000000000-G35DK:1:1101:2847:17147	extended_3UTR_DCG_Soc1_w_forward_primer	100.000	79	0	0	1	79	37	115	1.19e-39	143
M03997:68:000000000-G35DK:1:2101:26029:16025	extended_3UTR_DCG_Soc1_w_forward_primer	100.000	109	0	0	1	109	13	121	8.70e-56	197
M03997:68:000000000-G35DK:1:1102:23814:23429	extended_3UTR_DCG_Soc1_w_forward_primer	100.000	20	0	0	1	20	7	26	5.25e-07	37.4
M03997:68:000000000-G35DK:1:1103:26434:14711	extended_3UTR_DCG_Soc1_w_forward_primer	100.000	73	0	0	1	73	48	120	2.71e-36	132
M03997:68:000000000-G35DK:1:1103:13679:3733	extended_3UTR_DCG_Soc1_w_forward_primer	100.000	18	0	0	1	18	7	24	6.40e-06	33.7
M03997:68:000000000-G35DK:1:1101:22671:20686	extended_3UTR_DCG_Soc1_w_forward_primer	100.000	96	0	0	1	96	62	157	8.75e-49	174
M03997:68:000000000-G35DK:1:2102:18385:16199	extended_3UTR_DCG_Soc1_w_forward_primer	100.000	17	0	0	1	17	8	24	6.66e-06	31.9
M03997:68:000000000-G35DK:1:1103:14982:26773	extended_3UTR_DCG_Soc1_w_forward_primer	100.000	52	0	0	1	52	56	107	3.33e-25	95.1
M03997:68:000000000-G35DK:1:1101:13822:27077	extended_3UTR_DCG_Soc1_w_forward_primer	100.000	18	0	0	1	18	7	24	6.01e-07	33.7
M03997:68:000000000-G35DK:1:1102:12635:15108	extended_3UTR_DCG_Soc1_w_forward_primer	100.000	18	0	0	1	18	7	24	7.13e-07	33.7
M03997:68:000000000-G35DK:1:1101:5160:8976	extended_3UTR_DCG_Soc1_w_forward_primer	100.000	32	0	0	1	32	60	91	1.34e-14	59.0
M03997:68:000000000-G35DK:1:1103:6952:16292	extended_3UTR_DCG_Soc1_w_forward_primer	100.000	18	0	0	1	18	7	24	2.57e-06	33.7
M03997:68:000000000-G35DK:1:1103:29462:16499	extended_3UTR_DCG_Soc1_w_forward_primer	100.000	31	0	0	1	31	75	105	4.49e-14	57.2
M03997:68:000000000-G35DK:1:2103:8884:9269	extended_3UTR_DCG_Soc1_w_forward_primer	100.000	68	0	0	1	68	13	80	9.41e-34	123
M03997:68:000000000-G35DK:1:2101:2707:11064	extended_3UTR_DCG_Soc1_w_forward_primer	100.000	95	0	0	1	95	21	115	3.02e-48	172
M03997:68:000000000-G35DK:1:2101:13206:6425	extended_3UTR_DCG_Soc1_w_forward_primer	100.000	20	0	0	1	20	5	24	5.25e-07	37.4
M03997:68:000000000-G35DK:1:2102:15525:8091	extended_3UTR_DCG_Soc1_w_forward_primer	100.000	79	0	0	1	79	37	115	1.19e-39	143
M03997:68:000000000-G35DK:1:1103:27805:16616	extended_3UTR_DCG_Soc1_w_forward_primer	100.000	93	0	0	1	93	13	105	3.59e-47	168
M03997:68:000000000-G35DK:1:1101:11461:27522	extended_3UTR_DCG_Soc1_w_forward_primer	100.000	20	0	0	1	20	7	26	7.31e-08	37.4
M03997:68:000000000-G35DK:1:1101:10182:19844	extended_3UTR_DCG_Soc1_w_forward_primer	100.000	27	0	0	1	27	13	39	5.50e-12	50.0
M03997:68:000000000-G35DK:1:2103:5894:10089	extended_3UTR_DCG_Soc1_w_forward_primer	100.000	64	0	0	1	64	58	121	1.30e-31	116
M03997:68:000000000-G35DK:1:2102:22604:14441	extended_3UTR_DCG_Soc1_w_forward_primer	100.000	18	0	0	1	18	7	24	2.32e-06	33.7
M03997:68:000000000-G35DK:1:1102:28066:19308	extended_3UTR_DCG_Soc1_w_forward_primer	100.000	51	0	0	1	51	62	112	1.13e-24	93.3
M03997:68:000000000-G35DK:1:2101:17123:18584	extended_3UTR_DCG_Soc1_w_forward_primer	100.000	60	0	0	1	60	56	115	1.79e-29	109
M03997:68:000000000-G35DK:1:1102:21880:19830	extended_3UTR_DCG_Soc1_w_forward_primer	76.190	42	5	1	1	42	13	49	4.26e-06	31.9
M03997:68:000000000-G35DK:1:2103:25322:10036	extended_3UTR_DCG_Soc1_w_forward_primer	100.000	92	0	0	1	92	58	149	1.58e-46	167
M03997:68:000000000-G35DK:1:2104:14688:19020	extended_3UTR_DCG_Soc1_w_forward_primer	98.734	79	1	0	1	79	13	91	5.07e-38	138
M03997:68:000000000-G35DK:1:1101:15747:24813	extended_3UTR_DCG_Soc1_w_forward_primer	100.000	34	0	0	1	34	58	91	1.19e-15	62.6
M03997:68:000000000-G35DK:1:1102:25750:12600	extended_3UTR_DCG_Soc1_w_forward_primer	100.000	18	0	0	1	18	7	24	6.40e-06	33.7
M03997:68:000000000-G35DK:1:1101:11637:15795	extended_3UTR_DCG_Soc1_w_forward_primer	100.000	107	0	0	1	107	13	119	1.04e-54	194
M03997:68:000000000-G35DK:1:1104:20494:9893	extended_3UTR_DCG_Soc1_w_forward_primer	100.000	67	0	0	1	67	62	128	3.23e-33	122
M03997:68:000000000-G35DK:1:2102:17233:7394	extended_3UTR_DCG_Soc1_w_forward_primer	98.276	58	1	0	1	58	13	70	8.92e-27	100
M03997:68:000000000-G35DK:1:1104:23545:25700	extended_3UTR_DCG_Soc1_w_forward_primer	100.000	50	0	0	1	50	13	62	3.97e-24	91.5
M03997:68:000000000-G35DK:1:2101:19691:11594	extended_3UTR_DCG_Soc1_w_forward_primer	100.000	20	0	0	1	20	7	26	4.94e-08	37.4
M03997:68:000000000-G35DK:1:2101:28018:20278	extended_3UTR_DCG_Soc1_w_forward_primer	100.000	22	0	0	1	22	5	26	8.38e-09	41.0
M03997:68:000000000-G35DK:1:1104:26551:17421	extended_3UTR_DCG_Soc1_w_forward_primer	100.000	82	0	0	1	82	26	107	2.92e-41	149
M03997:68:000000000-G35DK:1:1104:20950:8070	extended_3UTR_DCG_Soc1_w_forward_primer	100.000	68	0	0	1	68	54	121	9.41e-34	123
M03997:68:000000000-G35DK:1:1103:9884:18060	extended_3UTR_DCG_Soc1_w_forward_primer	98.901	91	1	0	1	91	31	121	1.82e-44	159
M03997:68:000000000-G35DK:1:1104:24440:18580	extended_3UTR_DCG_Soc1_w_forward_primer	100.000	83	0	0	1	83	52	134	8.72e-42	150
M03997:68:000000000-G35DK:1:1104:11874:23071	extended_3UTR_DCG_Soc1_w_forward_primer	100.000	20	0	0	1	20	5	24	4.39e-08	37.4
M03997:68:000000000-G35DK:1:2104:21279:21078	extended_3UTR_DCG_Soc1_w_forward_primer	100.000	80	0	0	1	80	31	110	3.47e-40	145
M03997:68:000000000-G35DK:1:2103:11935:5706	extended_3UTR_DCG_Soc1_w_forward_primer	78.723	47	5	1	1	47	8	49	1.11e-08	41.0
M03997:68:000000000-G35DK:1:1101:11318:17271	extended_3UTR_DCG_Soc1_w_forward_primer	100.000	89	0	0	1	89	5	93	5.08e-45	161
M03997:68:000000000-G35DK:1:2101:12447:18949	extended_3UTR_DCG_Soc1_w_forward_primer	100.000	18	0	0	1	18	7	24	8.46e-07	33.7
M03997:68:000000000-G35DK:1:1102:15286:10907	extended_3UTR_DCG_Soc1_w_forward_primer	100.000	18	0	0	1	18	7	24	7.13e-07	33.7
M03997:68:000000000-G35DK:1:2104:16064:25084	extended_3UTR_DCG_Soc1_w_forward_primer	100.000	20	0	0	1	20	5	24	3.48e-08	37.4
M03997:68:000000000-G35DK:1:2104:18020:6359	extended_3UTR_DCG_Soc1_w_forward_primer	100.000	31	0	0	1	31	26	56	4.49e-14	57.2
M03997:68:000000000-G35DK:1:2102:23366:24135	extended_3UTR_DCG_Soc1_w_forward_primer	100.000	100	0	0	1	100	13	112	6.17e-51	181
M03997:68:000000000-G35DK:1:1101:4956:7507	extended_3UTR_DCG_Soc1_w_forward_primer	97.436	78	2	0	1	78	13	90	2.16e-36	132
M03997:68:000000000-G35DK:1:2101:26628:14320	extended_3UTR_DCG_Soc1_w_forward_primer	100.000	19	0	0	1	19	7	25	2.55e-07	35.6
M03997:68:000000000-G35DK:1:1104:28167:15815	extended_3UTR_DCG_Soc1_w_forward_primer	100.000	47	0	0	1	47	8	54	1.57e-22	86.0
M03997:68:000000000-G35DK:1:1102:9416:7628	extended_3UTR_DCG_Soc1_w_forward_primer	100.000	145	0	0	1	145	13	157	3.40e-75	262
M03997:68:000000000-G35DK:1:1102:24276:10362	extended_3UTR_DCG_Soc1_w_forward_primer	98.980	98	1	0	1	98	8	105	3.13e-48	172
M03997:68:000000000-G35DK:1:2103:25676:18283	extended_3UTR_DCG_Soc1_w_forward_primer	98.333	60	1	0	1	60	34	93	7.62e-28	104
M03997:68:000000000-G35DK:1:1102:9297:6010	extended_3UTR_DCG_Soc1_w_forward_primer	100.000	52	0	0	1	52	13	64	3.33e-25	95.1
M03997:68:000000000-G35DK:1:2104:23225:12952	extended_3UTR_DCG_Soc1_w_forward_primer	100.000	85	0	0	1	85	64	148	7.16e-43	154
M03997:68:000000000-G35DK:1:1101:28119:17830	extended_3UTR_DCG_Soc1_w_forward_primer	100.000	18	0	0	1	18	7	24	1.11e-06	33.7
M03997:68:000000000-G35DK:1:2102:16170:26142	extended_3UTR_DCG_Soc1_w_forward_primer	100.000	64	0	0	1	64	58	121	1.30e-31	116
M03997:68:000000000-G35DK:1:1101:4606:22244	extended_3UTR_DCG_Soc1_w_forward_primer	100.000	67	0	0	1	67	107	173	3.23e-33	122
M03997:68:000000000-G35DK:1:1103:16152:10595	extended_3UTR_DCG_Soc1_w_forward_primer	100.000	101	0	0	1	101	13	113	1.76e-51	183
M03997:68:000000000-G35DK:1:1104:18865:25909	extended_3UTR_DCG_Soc1_w_forward_primer	100.000	89	0	0	1	89	13	101	5.08e-45	161
M03997:68:000000000-G35DK:1:1101:21740:13426	extended_3UTR_DCG_Soc1_w_forward_primer	100.000	21	0	0	47	67	1	21	3.03e-08	39.2
M03997:68:000000000-G35DK:1:1101:16362:12376	extended_3UTR_DCG_Soc1_w_forward_primer	95.238	21	1	0	115	135	1	21	2.77e-06	33.7
M03997:68:000000000-G35DK:1:2103:1844:14765	extended_3UTR_DCG_Soc1_w_forward_primer	98.837	86	1	0	1	86	58	143	8.84e-42	150
M03997:68:000000000-G35DK:1:1102:13322:27219	extended_3UTR_DCG_Soc1_w_forward_primer	100.000	103	0	0	1	103	54	156	1.53e-52	187
M03997:68:000000000-G35DK:1:1104:7210:16330	extended_3UTR_DCG_Soc1_w_forward_primer	100.000	26	0	0	47	72	1	26	7.05e-11	48.2
M03997:68:000000000-G35DK:1:1102:2022:14219	extended_3UTR_DCG_Soc1_w_forward_primer	76.190	42	5	1	1	42	13	49	6.43e-06	31.9
M03997:68:000000000-G35DK:1:2103:17655:19328	extended_3UTR_DCG_Soc1_w_forward_primer	100.000	52	0	0	1	52	13	64	3.56e-25	95.1
M03997:68:000000000-G35DK:1:2104:19909:22340	extended_3UTR_DCG_Soc1_w_forward_primer	100.000	18	0	0	1	18	7	24	6.40e-06	33.7
M03997:68:000000000-G35DK:1:1104:8550:6033	extended_3UTR_DCG_Soc1_w_forward_primer	100.000	66	0	0	3	68	56	121	1.15e-32	120
M03997:68:000000000-G35DK:1:2101:11096:5865	extended_3UTR_DCG_Soc1_w_forward_primer	96.774	62	2	0	1	62	72	133	7.92e-28	104
M03997:68:000000000-G35DK:1:1102:8443:20008	extended_3UTR_DCG_Soc1_w_forward_primer	100.000	103	0	0	1	103	13	115	1.48e-52	187
M03997:68:000000000-G35DK:1:1102:24472:16448	extended_3UTR_DCG_Soc1_w_forward_primer	100.000	93	0	0	1	93	13	105	3.59e-47	168
M03997:68:000000000-G35DK:1:1104:12480:24414	extended_3UTR_DCG_Soc1_w_forward_primer	100.000	87	0	0	1	87	37	123	6.03e-44	158
M03997:68:000000000-G35DK:1:2101:12662:12738	extended_3UTR_DCG_Soc1_w_forward_primer	100.000	51	0	0	1	51	70	120	7.79e-24	93.3
M03997:68:000000000-G35DK:1:2103:12115:23719	extended_3UTR_DCG_Soc1_w_forward_primer	98.750	80	1	0	1	80	83	162	1.87e-38	140
M03997:68:000000000-G35DK:1:2102:22711:11473	extended_3UTR_DCG_Soc1_w_forward_primer	97.297	37	1	0	1	37	26	62	1.33e-15	62.6
M03997:68:000000000-G35DK:1:1103:21702:22948	extended_3UTR_DCG_Soc1_w_forward_primer	100.000	71	0	0	1	71	13	83	2.33e-35	129
M03997:68:000000000-G35DK:1:1104:27504:10014	extended_3UTR_DCG_Soc1_w_forward_primer	100.000	52	0	0	1	52	62	113	3.33e-25	95.1
M03997:68:000000000-G35DK:1:2102:13995:28529	extended_3UTR_DCG_Soc1_w_forward_primer	100.000	63	0	0	1	63	48	110	6.69e-31	114
M03997:68:000000000-G35DK:1:1101:23118:21375	extended_3UTR_DCG_Soc1_w_forward_primer	100.000	61	0	0	1	61	31	91	5.24e-30	111
M03997:68:000000000-G35DK:1:1103:19545:12519	extended_3UTR_DCG_Soc1_w_forward_primer	100.000	70	0	0	1	70	52	121	7.99e-35	127
M03997:68:000000000-G35DK:1:2103:16676:12502	extended_3UTR_DCG_Soc1_w_forward_primer	100.000	140	0	0	1	140	13	152	1.69e-72	253
M03997:68:000000000-G35DK:1:2104:17683:23223	extended_3UTR_DCG_Soc1_w_forward_primer	100.000	56	0	0	1	56	83	138	2.45e-27	102
M03997:68:000000000-G35DK:1:2101:8207:9857	extended_3UTR_DCG_Soc1_w_forward_primer	100.000	32	0	0	2	33	49	80	1.40e-14	59.0
M03997:68:000000000-G35DK:1:1103:24079:6634	extended_3UTR_DCG_Soc1_w_forward_primer	100.000	84	0	0	1	84	58	141	2.47e-42	152
M03997:68:000000000-G35DK:1:1104:7789:8014	extended_3UTR_DCG_Soc1_w_forward_primer	100.000	58	0	0	1	58	13	70	2.10e-28	105
M03997:68:000000000-G35DK:1:2103:25326:24662	extended_3UTR_DCG_Soc1_w_forward_primer	100.000	61	0	0	1	61	52	112	5.24e-30	111
M03997:68:000000000-G35DK:1:1102:20536:16937	extended_3UTR_DCG_Soc1_w_forward_primer	100.000	18	0	0	1	18	7	24	1.47e-06	33.7
M03997:68:000000000-G35DK:1:2103:5519:15149	extended_3UTR_DCG_Soc1_w_forward_primer	100.000	18	0	0	1	18	7	24	1.64e-06	33.7
M03997:68:000000000-G35DK:1:2104:10098:15743	extended_3UTR_DCG_Soc1_w_forward_primer	97.917	48	1	0	1	48	74	121	1.96e-21	82.4
M03997:68:000000000-G35DK:1:2103:6536:21908	extended_3UTR_DCG_Soc1_w_forward_primer	100.000	44	0	0	1	44	58	101	6.16e-21	80.6
M03997:68:000000000-G35DK:1:2101:11153:26354	extended_3UTR_DCG_Soc1_w_forward_primer	100.000	57	0	0	1	57	56	112	7.17e-28	104
M03997:68:000000000-G35DK:1:1104:10131:9151	extended_3UTR_DCG_Soc1_w_forward_primer	94.898	98	1	1	1	94	13	110	8.01e-43	154
M03997:68:000000000-G35DK:1:2103:17472:22343	extended_3UTR_DCG_Soc1_w_forward_primer	100.000	46	0	0	1	46	13	58	5.34e-22	84.2
M03997:68:000000000-G35DK:1:1104:23210:19964	extended_3UTR_DCG_Soc1_w_forward_primer	100.000	18	0	0	1	18	7	24	1.24e-06	33.7
M03997:68:000000000-G35DK:1:1103:18925:8691	extended_3UTR_DCG_Soc1_w_forward_primer	100.000	71	0	0	1	71	37	107	2.33e-35	129
M03997:68:000000000-G35DK:1:2101:13090:6651	extended_3UTR_DCG_Soc1_w_forward_primer	100.000	20	0	0	1	20	5	24	3.84e-08	37.4
M03997:68:000000000-G35DK:1:1102:14289:24164	extended_3UTR_DCG_Soc1_w_forward_primer	100.000	48	0	0	1	48	13	60	4.61e-23	87.8
M03997:68:000000000-G35DK:1:1104:3353:11065	extended_3UTR_DCG_Soc1_w_forward_primer	100.000	18	0	0	1	18	7	24	7.13e-07	33.7
M03997:68:000000000-G35DK:1:2101:18669:26743	extended_3UTR_DCG_Soc1_w_forward_primer	100.000	56	0	0	1	56	15	70	2.45e-27	102
M03997:68:000000000-G35DK:1:2104:21431:12608	extended_3UTR_DCG_Soc1_w_forward_primer	100.000	103	0	0	1	103	13	115	1.48e-52	187
M03997:68:000000000-G35DK:1:2104:19970:15736	extended_3UTR_DCG_Soc1_w_forward_primer	97.248	109	1	1	1	107	13	121	6.55e-51	181
M03997:68:000000000-G35DK:1:1101:6932:14174	extended_3UTR_DCG_Soc1_w_forward_primer	100.000	38	0	0	1	38	8	45	9.28e-18	69.8
M03997:68:000000000-G35DK:1:1104:10329:26280	extended_3UTR_DCG_Soc1_w_forward_primer	100.000	44	0	0	1	44	13	56	6.16e-21	80.6
M03997:68:000000000-G35DK:1:1103:26667:6607	extended_3UTR_DCG_Soc1_w_forward_primer	95.238	21	1	0	95	115	1	21	6.40e-06	33.7
M03997:68:000000000-G35DK:1:1102:22526:18553	extended_3UTR_DCG_Soc1_w_forward_primer	100.000	18	0	0	1	18	7	24	9.99e-07	33.7
M03997:68:000000000-G35DK:1:2104:26217:13173	extended_3UTR_DCG_Soc1_w_forward_primer	100.000	20	0	0	1	20	7	26	6.40e-08	37.4
M03997:68:000000000-G35DK:1:1103:9182:22303	extended_3UTR_DCG_Soc1_w_forward_primer	100.000	60	0	0	1	60	56	115	1.79e-29	109
M03997:68:000000000-G35DK:1:1103:19426:26125	extended_3UTR_DCG_Soc1_w_forward_primer	76.190	42	5	1	1	42	13	49	9.73e-06	31.9
M03997:68:000000000-G35DK:1:2103:17677:24348	extended_3UTR_DCG_Soc1_w_forward_primer	100.000	20	0	0	1	20	5	24	5.48e-08	37.4
M03997:68:000000000-G35DK:1:1103:25389:18585	extended_3UTR_DCG_Soc1_w_forward_primer	100.000	19	0	0	1	19	8	26	1.98e-07	35.6
M03997:68:000000000-G35DK:1:1103:14907:27685	extended_3UTR_DCG_Soc1_w_forward_primer	100.000	18	0	0	1	18	7	24	8.91e-07	33.7
M03997:68:000000000-G35DK:1:1102:18355:8366	extended_3UTR_DCG_Soc1_w_forward_primer	100.000	77	0	0	1	77	23	99	1.41e-38	140
M03997:68:000000000-G35DK:1:1104:21707:25159	extended_3UTR_DCG_Soc1_w_forward_primer	97.778	45	1	0	1	45	97	141	7.71e-20	77.0
M03997:68:000000000-G35DK:1:1104:19618:20610	extended_3UTR_DCG_Soc1_w_forward_primer	100.000	93	0	0	1	93	13	105	3.59e-47	168
M03997:68:000000000-G35DK:1:1103:3910:20535	extended_3UTR_DCG_Soc1_w_forward_primer	100.000	109	0	0	1	109	13	121	8.70e-56	197
M03997:68:000000000-G35DK:1:2103:5579:14768	extended_3UTR_DCG_Soc1_w_forward_primer	98.413	63	1	0	1	63	13	75	1.90e-29	109
M03997:68:000000000-G35DK:1:2102:18429:13087	extended_3UTR_DCG_Soc1_w_forward_primer	76.190	42	5	1	1	42	13	49	6.74e-06	31.9
M03997:68:000000000-G35DK:1:1101:10338:16067	extended_3UTR_DCG_Soc1_w_forward_primer	96.552	87	3	0	1	87	113	199	4.91e-39	143
M03997:68:000000000-G35DK:1:1103:15160:21404	extended_3UTR_DCG_Soc1_w_forward_primer	100.000	20	0	0	1	20	7	26	4.39e-08	37.4
M03997:68:000000000-G35DK:1:1101:21391:11611	extended_3UTR_DCG_Soc1_w_forward_primer	100.000	17	0	0	1	17	10	26	1.87e-06	31.9
M03997:68:000000000-G35DK:1:1101:19801:16709	extended_3UTR_DCG_Soc1_w_forward_primer	100.000	92	0	0	1	92	13	104	1.24e-46	167
M03997:68:000000000-G35DK:1:1104:6790:6130	extended_3UTR_DCG_Soc1_w_forward_primer	98.113	53	1	0	1	53	60	112	4.15e-24	91.5
M03997:68:000000000-G35DK:1:2102:11393:19753	extended_3UTR_DCG_Soc1_w_forward_primer	100.000	18	0	0	1	18	7	24	6.01e-07	33.7
M03997:68:000000000-G35DK:1:2103:19267:14147	extended_3UTR_DCG_Soc1_w_forward_primer	100.000	20	0	0	1	20	7	26	1.38e-07	37.4
M03997:68:000000000-G35DK:1:2101:6003:11461	extended_3UTR_DCG_Soc1_w_forward_primer	98.824	85	1	0	1	85	37	121	3.04e-41	149
M03997:68:000000000-G35DK:1:2101:6678:16627	extended_3UTR_DCG_Soc1_w_forward_primer	100.000	64	0	0	1	64	58	121	1.30e-31	116
M03997:68:000000000-G35DK:1:1103:6918:7656	extended_3UTR_DCG_Soc1_w_forward_primer	100.000	48	0	0	1	48	13	60	4.61e-23	87.8
M03997:68:000000000-G35DK:1:1102:6592:14804	extended_3UTR_DCG_Soc1_w_forward_primer	100.000	20	0	0	1	20	5	24	5.25e-07	37.4
M03997:68:000000000-G35DK:1:2101:14729:6309	extended_3UTR_DCG_Soc1_w_forward_primer	100.000	100	0	0	1	100	13	112	6.17e-51	181
M03997:68:000000000-G35DK:1:2103:13216:19522	extended_3UTR_DCG_Soc1_w_forward_primer	98.507	67	1	0	1	67	72	138	1.37e-31	116
M03997:68:000000000-G35DK:1:2104:11645:24640	extended_3UTR_DCG_Soc1_w_forward_primer	100.000	33	0	0	1	33	13	45	4.00e-15	60.8
M03997:68:000000000-G35DK:1:2102:20500:19510	extended_3UTR_DCG_Soc1_w_forward_primer	98.734	79	1	0	1	79	88	166	2.09e-37	138
M03997:68:000000000-G35DK:1:1102:20061:12129	extended_3UTR_DCG_Soc1_w_forward_primer	100.000	65	0	0	1	65	83	147	3.80e-32	118
M03997:68:000000000-G35DK:1:1103:13662:5124	extended_3UTR_DCG_Soc1_w_forward_primer	100.000	61	0	0	1	61	31	91	5.24e-30	111
M03997:68:000000000-G35DK:1:2101:29412:14720	extended_3UTR_DCG_Soc1_w_forward_primer	100.000	87	0	0	1	87	29	115	6.03e-44	158
M03997:68:000000000-G35DK:1:1102:14259:18961	extended_3UTR_DCG_Soc1_w_forward_primer	100.000	21	0	0	1	21	100	120	1.83e-08	39.2
M03997:68:000000000-G35DK:1:2104:27421:20127	extended_3UTR_DCG_Soc1_w_forward_primer	98.182	55	1	0	1	55	104	158	3.56e-25	95.1
M03997:68:000000000-G35DK:1:2103:23149:20238	extended_3UTR_DCG_Soc1_w_forward_primer	100.000	34	0	0	1	34	60	93	1.19e-15	62.6
M03997:68:000000000-G35DK:1:2101:27267:20516	extended_3UTR_DCG_Soc1_w_forward_primer	99.065	107	1	0	1	107	27	133	4.42e-53	188
M03997:68:000000000-G35DK:1:2102:21615:10196	extended_3UTR_DCG_Soc1_w_forward_primer	100.000	20	0	0	1	20	7	26	5.85e-08	37.4
M03997:68:000000000-G35DK:1:2102:12688:4074	extended_3UTR_DCG_Soc1_w_forward_primer	100.000	83	0	0	1	83	37	119	8.49e-42	150
M03997:68:000000000-G35DK:1:2103:15876:7930	extended_3UTR_DCG_Soc1_w_forward_primer	100.000	97	0	0	1	97	68	164	8.31e-49	176
M03997:68:000000000-G35DK:1:2102:13482:10447	extended_3UTR_DCG_Soc1_w_forward_primer	100.000	53	0	0	1	53	48	100	9.76e-26	96.9
M03997:68:000000000-G35DK:1:1102:8248:8260	extended_3UTR_DCG_Soc1_w_forward_primer	100.000	19	0	0	1	19	7	25	2.49e-07	35.6
M03997:68:000000000-G35DK:1:2102:13871:26161	extended_3UTR_DCG_Soc1_w_forward_primer	100.000	42	0	0	1	42	107	148	7.08e-20	77.0
M03997:68:000000000-G35DK:1:1101:22365:14542	extended_3UTR_DCG_Soc1_w_forward_primer	98.958	96	1	0	1	96	26	121	3.72e-47	168
M03997:68:000000000-G35DK:1:1101:7577:9525	extended_3UTR_DCG_Soc1_w_forward_primer	100.000	54	0	0	1	54	27	80	2.86e-26	98.7
M03997:68:000000000-G35DK:1:1103:27942:20004	extended_3UTR_DCG_Soc1_w_forward_primer	100.000	18	0	0	1	18	7	24	2.12e-06	33.7
M03997:68:000000000-G35DK:1:2104:8259:11789	extended_3UTR_DCG_Soc1_w_forward_primer	100.000	20	0	0	1	20	7	26	5.30e-08	37.4
M03997:68:000000000-G35DK:1:2102:15699:15494	extended_3UTR_DCG_Soc1_w_forward_primer	100.000	64	0	0	1	64	58	121	1.30e-31	116
M03997:68:000000000-G35DK:1:1102:16142:9960	extended_3UTR_DCG_Soc1_w_forward_primer	100.000	61	0	0	1	61	31	91	5.24e-30	111
M03997:68:000000000-G35DK:1:1101:23819:22037	extended_3UTR_DCG_Soc1_w_forward_primer	76.190	42	5	1	1	42	13	49	9.81e-06	31.9
M03997:68:000000000-G35DK:1:1101:11175:14028	extended_3UTR_DCG_Soc1_w_forward_primer	100.000	54	0	0	1	54	13	66	2.86e-26	98.7
M03997:68:000000000-G35DK:1:1101:7864:18971	extended_3UTR_DCG_Soc1_w_forward_primer	100.000	18	0	0	1	18	7	24	4.24e-07	33.7
M03997:68:000000000-G35DK:1:2103:15550:8596	extended_3UTR_DCG_Soc1_w_forward_primer	100.000	55	0	0	1	55	110	164	8.37e-27	100
M03997:68:000000000-G35DK:1:2103:16171:10784	extended_3UTR_DCG_Soc1_w_forward_primer	100.000	99	0	0	1	99	23	121	2.13e-50	179
M03997:68:000000000-G35DK:1:2102:27786:21431	extended_3UTR_DCG_Soc1_w_forward_primer	100.000	20	0	0	1	20	7	26	4.94e-08	37.4
M03997:68:000000000-G35DK:1:2103:17832:19596	extended_3UTR_DCG_Soc1_w_forward_primer	100.000	20	0	0	1	20	5	24	8.38e-08	37.4
M03997:68:000000000-G35DK:1:1101:18421:17573	extended_3UTR_DCG_Soc1_w_forward_primer	97.727	44	1	0	1	44	140	183	2.62e-19	75.2
M03997:68:000000000-G35DK:1:1101:14832:15326	extended_3UTR_DCG_Soc1_w_forward_primer	100.000	18	0	0	1	18	7	24	7.35e-07	33.7
M03997:68:000000000-G35DK:1:2104:11523:21145	extended_3UTR_DCG_Soc1_w_forward_primer	100.000	18	0	0	1	18	7	24	6.40e-06	33.7
M03997:68:000000000-G35DK:1:1102:24002:5970	extended_3UTR_DCG_Soc1_w_forward_primer	98.246	57	1	0	1	57	56	112	3.05e-26	98.7
M03997:68:000000000-G35DK:1:1102:24276:5009	extended_3UTR_DCG_Soc1_w_forward_primer	98.462	65	1	0	1	65	119	183	1.62e-30	113
M03997:68:000000000-G35DK:1:2104:20127:12757	extended_3UTR_DCG_Soc1_w_forward_primer	100.000	58	0	0	1	58	13	70	2.10e-28	105
M03997:68:000000000-G35DK:1:1102:24627:22441	extended_3UTR_DCG_Soc1_w_forward_primer	100.000	70	0	0	1	70	13	82	7.99e-35	127
M03997:68:000000000-G35DK:1:1104:26174:13257	extended_3UTR_DCG_Soc1_w_forward_primer	100.000	103	0	0	1	103	13	115	1.48e-52	187
M03997:68:000000000-G35DK:1:2103:20782:12532	extended_3UTR_DCG_Soc1_w_forward_primer	100.000	30	0	0	1	30	91	120	1.96e-12	55.4
M03997:68:000000000-G35DK:1:1104:13157:8815	extended_3UTR_DCG_Soc1_w_forward_primer	100.000	98	0	0	1	98	58	155	2.38e-49	178
M03997:68:000000000-G35DK:1:1104:15352:14149	extended_3UTR_DCG_Soc1_w_forward_primer	100.000	17	0	0	1	17	8	24	1.63e-06	31.9
M03997:68:000000000-G35DK:1:1102:12881:11884	extended_3UTR_DCG_Soc1_w_forward_primer	100.000	92	0	0	1	92	21	112	1.24e-46	167
M03997:68:000000000-G35DK:1:2104:12568:25164	extended_3UTR_DCG_Soc1_w_forward_primer	98.131	107	0	1	1	105	27	133	6.42e-51	181
M03997:68:000000000-G35DK:1:2101:20304:22789	extended_3UTR_DCG_Soc1_w_forward_primer	100.000	18	0	0	1	18	7	24	6.40e-06	33.7
M03997:68:000000000-G35DK:1:2102:20377:21569	extended_3UTR_DCG_Soc1_w_forward_primer	100.000	21	0	0	1	21	5	25	2.15e-08	39.2
M03997:68:000000000-G35DK:1:2102:6191:7307	extended_3UTR_DCG_Soc1_w_forward_primer	100.000	21	0	0	77	97	1	21	4.59e-08	39.2
M03997:68:000000000-G35DK:1:1102:21783:9781	extended_3UTR_DCG_Soc1_w_forward_primer	100.000	18	0	0	1	18	7	24	2.28e-06	33.7
M03997:68:000000000-G35DK:1:2101:25615:6144	extended_3UTR_DCG_Soc1_w_forward_primer	100.000	19	0	0	1	19	7	25	2.67e-07	35.6
M03997:68:000000000-G35DK:1:2101:18946:14808	extended_3UTR_DCG_Soc1_w_forward_primer	100.000	66	0	0	1	66	99	164	1.11e-32	120
M03997:68:000000000-G35DK:1:1101:13288:14855	extended_3UTR_DCG_Soc1_w_forward_primer	100.000	20	0	0	1	20	5	24	5.48e-08	37.4
M03997:68:000000000-G35DK:1:1103:19828:6714	extended_3UTR_DCG_Soc1_w_forward_primer	100.000	38	0	0	1	38	54	91	9.28e-18	69.8
M03997:68:000000000-G35DK:1:2104:27688:15703	extended_3UTR_DCG_Soc1_w_forward_primer	79.167	48	5	1	1	48	7	49	4.83e-09	42.8
M03997:68:000000000-G35DK:1:1102:16623:22950	extended_3UTR_DCG_Soc1_w_forward_primer	100.000	79	0	0	1	79	13	91	1.19e-39	143
M03997:68:000000000-G35DK:1:2102:20333:25719	extended_3UTR_DCG_Soc1_w_forward_primer	100.000	35	0	0	1	35	104	138	3.55e-16	64.4
M03997:68:000000000-G35DK:1:1101:11698:28003	extended_3UTR_DCG_Soc1_w_forward_primer	100.000	26	0	0	36	61	1	26	5.24e-11	48.2
M03997:68:000000000-G35DK:1:2101:10782:2871	extended_3UTR_DCG_Soc1_w_forward_primer	100.000	84	0	0	1	84	38	121	2.47e-42	152
M03997:68:000000000-G35DK:1:1101:13443:19456	extended_3UTR_DCG_Soc1_w_forward_primer	100.000	20	0	0	1	20	5	24	6.40e-08	37.4
M03997:68:000000000-G35DK:1:2102:25740:13346	extended_3UTR_DCG_Soc1_w_forward_primer	100.000	50	0	0	1	50	13	62	3.97e-24	91.5
M03997:68:000000000-G35DK:1:2103:6380:21467	extended_3UTR_DCG_Soc1_w_forward_primer	100.000	58	0	0	1	58	48	105	2.10e-28	105
M03997:68:000000000-G35DK:1:1103:20608:23685	extended_3UTR_DCG_Soc1_w_forward_primer	98.913	92	1	0	1	92	58	149	5.27e-45	161
M03997:68:000000000-G35DK:1:1104:21239:11000	extended_3UTR_DCG_Soc1_w_forward_primer	100.000	80	0	0	1	80	12	91	3.47e-40	145
M03997:68:000000000-G35DK:1:1101:13913:14410	extended_3UTR_DCG_Soc1_w_forward_primer	100.000	93	0	0	1	93	13	105	3.59e-47	168
M03997:68:000000000-G35DK:1:1101:19852:27565	extended_3UTR_DCG_Soc1_w_forward_primer	100.000	20	0	0	1	20	5	24	3.30e-08	37.4
M03997:68:000000000-G35DK:1:1101:15173:14436	extended_3UTR_DCG_Soc1_w_forward_primer	100.000	18	0	0	1	18	7	24	1.02e-06	33.7
M03997:68:000000000-G35DK:1:2103:17758:10701	extended_3UTR_DCG_Soc1_w_forward_primer	100.000	20	0	0	1	20	7	26	9.84e-08	37.4
M03997:68:000000000-G35DK:1:2103:28372:20345	extended_3UTR_DCG_Soc1_w_forward_primer	100.000	55	0	0	1	55	56	110	8.37e-27	100
M03997:68:000000000-G35DK:1:1103:18434:14100	extended_3UTR_DCG_Soc1_w_forward_primer	100.000	18	0	0	1	18	7	24	5.34e-07	33.7
M03997:68:000000000-G35DK:1:2103:4285:10318	extended_3UTR_DCG_Soc1_w_forward_primer	95.455	22	1	0	1	22	7	28	2.93e-07	35.6
M03997:68:000000000-G35DK:1:2101:11759:27719	extended_3UTR_DCG_Soc1_w_forward_primer	100.000	18	0	0	1	18	7	24	4.23e-07	33.7
M03997:68:000000000-G35DK:1:1101:16925:2680	extended_3UTR_DCG_Soc1_w_forward_primer	100.000	77	0	0	1	77	60	136	1.41e-38	140
M03997:68:000000000-G35DK:1:2101:4403:13023	extended_3UTR_DCG_Soc1_w_forward_primer	100.000	18	0	0	1	18	7	24	6.40e-06	33.7
M03997:68:000000000-G35DK:1:1103:5567:13818	extended_3UTR_DCG_Soc1_w_forward_primer	100.000	73	0	0	1	73	64	136	1.97e-36	132
M03997:68:000000000-G35DK:1:1101:24999:12596	extended_3UTR_DCG_Soc1_w_forward_primer	76.190	42	5	1	1	42	13	49	5.04e-06	31.9
M03997:68:000000000-G35DK:1:1102:11341:17593	extended_3UTR_DCG_Soc1_w_forward_primer	100.000	17	0	0	1	17	8	24	4.73e-06	31.9
M03997:68:000000000-G35DK:1:2102:20799:18391	extended_3UTR_DCG_Soc1_w_forward_primer	100.000	17	0	0	1	17	10	26	5.97e-06	31.9
M03997:68:000000000-G35DK:1:2103:18942:11076	extended_3UTR_DCG_Soc1_w_forward_primer	100.000	48	0	0	1	48	13	60	4.61e-23	87.8
M03997:68:000000000-G35DK:1:1102:5349:11565	extended_3UTR_DCG_Soc1_w_forward_primer	100.000	79	0	0	1	79	13	91	1.19e-39	143
M03997:68:000000000-G35DK:1:2101:7359:10741	extended_3UTR_DCG_Soc1_w_forward_primer	100.000	61	0	0	1	61	31	91	5.24e-30	111
M03997:68:000000000-G35DK:1:1101:5317:6885	extended_3UTR_DCG_Soc1_w_forward_primer	100.000	75	0	0	1	75	31	105	1.67e-37	136
M03997:68:000000000-G35DK:1:2102:27119:13639	extended_3UTR_DCG_Soc1_w_forward_primer	100.000	94	0	0	1	94	12	105	1.04e-47	170
M03997:68:000000000-G35DK:1:2103:21609:5742	extended_3UTR_DCG_Soc1_w_forward_primer	100.000	18	0	0	1	18	7	24	8.24e-07	33.7
M03997:68:000000000-G35DK:1:2101:9454:13210	extended_3UTR_DCG_Soc1_w_forward_primer	100.000	54	0	0	1	54	52	105	2.86e-26	98.7
M03997:68:000000000-G35DK:1:2101:13705:21995	extended_3UTR_DCG_Soc1_w_forward_primer	100.000	61	0	0	1	61	83	143	5.24e-30	111
M03997:68:000000000-G35DK:1:2103:8808:21871	extended_3UTR_DCG_Soc1_w_forward_primer	95.946	74	3	0	1	74	48	121	1.26e-32	120
M03997:68:000000000-G35DK:1:2102:13067:28713	extended_3UTR_DCG_Soc1_w_forward_primer	74.126	143	37	0	10	152	1	143	2.72e-23	91.5
M03997:68:000000000-G35DK:1:2104:13915:27828	extended_3UTR_DCG_Soc1_w_forward_primer	99.160	119	1	0	1	119	13	131	1.52e-59	210
M03997:68:000000000-G35DK:1:2103:27260:20771	extended_3UTR_DCG_Soc1_w_forward_primer	100.000	22	0	0	1	22	5	26	5.70e-09	41.0
M03997:68:000000000-G35DK:1:1104:10918:13449	extended_3UTR_DCG_Soc1_w_forward_primer	100.000	28	0	0	1	28	7	34	1.66e-12	51.8
M03997:68:000000000-G35DK:1:1102:18411:27948	extended_3UTR_DCG_Soc1_w_forward_primer	100.000	46	0	0	1	46	60	105	5.34e-22	84.2
M03997:68:000000000-G35DK:1:1104:12605:7780	extended_3UTR_DCG_Soc1_w_forward_primer	100.000	18	0	0	1	18	7	24	6.40e-06	33.7
M03997:68:000000000-G35DK:1:2102:5106:20164	extended_3UTR_DCG_Soc1_w_forward_primer	83.333	36	4	1	1	34	8	43	1.83e-06	35.6
M03997:68:000000000-G35DK:1:2102:9462:12573	extended_3UTR_DCG_Soc1_w_forward_primer	100.000	116	0	0	1	116	21	136	1.48e-59	210
M03997:68:000000000-G35DK:1:1103:3548:12701	extended_3UTR_DCG_Soc1_w_forward_primer	100.000	101	0	0	1	101	12	112	1.76e-51	183
M03997:68:000000000-G35DK:1:1102:23915:17669	extended_3UTR_DCG_Soc1_w_forward_primer	100.000	43	0	0	1	43	113	155	1.72e-19	78.8
M03997:68:000000000-G35DK:1:1103:10330:15005	extended_3UTR_DCG_Soc1_w_forward_primer	100.000	21	0	0	1	21	5	25	9.95e-09	39.2
M03997:68:000000000-G35DK:1:2101:26051:16596	extended_3UTR_DCG_Soc1_w_forward_primer	98.684	76	1	0	1	76	74	149	8.88e-36	132
M03997:68:000000000-G35DK:1:2102:19156:7283	extended_3UTR_DCG_Soc1_w_forward_primer	100.000	56	0	0	1	56	7	62	2.45e-27	102
M03997:68:000000000-G35DK:1:1104:26687:11560	extended_3UTR_DCG_Soc1_w_forward_primer	100.000	77	0	0	1	77	7	83	1.41e-38	140
M03997:68:000000000-G35DK:1:1103:18891:16427	extended_3UTR_DCG_Soc1_w_forward_primer	100.000	18	0	0	1	18	7	24	2.35e-06	33.7
M03997:68:000000000-G35DK:1:1104:24417:10614	extended_3UTR_DCG_Soc1_w_forward_primer	100.000	17	0	0	1	17	8	24	3.41e-06	31.9
M03997:68:000000000-G35DK:1:1102:28889:14905	extended_3UTR_DCG_Soc1_w_forward_primer	98.889	90	1	0	1	90	26	115	6.26e-44	158
M03997:68:000000000-G35DK:1:1102:24072:10343	extended_3UTR_DCG_Soc1_w_forward_primer	100.000	58	0	0	1	58	13	70	2.10e-28	105
M03997:68:000000000-G35DK:1:2103:18205:25459	extended_3UTR_DCG_Soc1_w_forward_primer	98.000	50	1	0	1	50	13	62	1.69e-22	86.0
M03997:68:000000000-G35DK:1:1102:15091:20630	extended_3UTR_DCG_Soc1_w_forward_primer	95.000	20	1	0	1	20	7	26	4.11e-06	31.9
M03997:68:000000000-G35DK:1:1101:22130:26646	extended_3UTR_DCG_Soc1_w_forward_primer	99.010	101	1	0	1	101	13	113	7.49e-50	178
M03997:68:000000000-G35DK:1:1104:20632:20612	extended_3UTR_DCG_Soc1_w_forward_primer	100.000	17	0	0	1	17	8	24	5.73e-06	31.9
M03997:68:000000000-G35DK:1:2101:24255:14020	extended_3UTR_DCG_Soc1_w_forward_primer	100.000	131	0	0	1	131	13	143	1.21e-67	237
M03997:68:000000000-G35DK:1:2102:14488:11971	extended_3UTR_DCG_Soc1_w_forward_primer	99.029	103	1	0	1	103	5	107	6.28e-51	181
M03997:68:000000000-G35DK:1:2103:5862:21567	extended_3UTR_DCG_Soc1_w_forward_primer	100.000	18	0	0	1	18	7	24	6.40e-06	33.7
M03997:68:000000000-G35DK:1:2104:12011:21327	extended_3UTR_DCG_Soc1_w_forward_primer	100.000	47	0	0	1	47	12	58	1.57e-22	86.0
M03997:68:000000000-G35DK:1:2103:14318:18633	extended_3UTR_DCG_Soc1_w_forward_primer	100.000	64	0	0	1	64	58	121	1.30e-31	116
M03997:68:000000000-G35DK:1:2103:4727:7405	extended_3UTR_DCG_Soc1_w_forward_primer	100.000	60	0	0	1	60	56	115	1.79e-29	109
M03997:68:000000000-G35DK:1:2104:24419:23199	extended_3UTR_DCG_Soc1_w_forward_primer	100.000	54	0	0	1	54	13	66	2.86e-26	98.7
M03997:68:000000000-G35DK:1:2101:11834:17448	extended_3UTR_DCG_Soc1_w_forward_primer	100.000	76	0	0	1	76	26	101	4.85e-38	138
M03997:68:000000000-G35DK:1:1102:13699:13810	extended_3UTR_DCG_Soc1_w_forward_primer	100.000	54	0	0	1	54	13	66	2.86e-26	98.7
M03997:68:000000000-G35DK:1:2104:24080:24322	extended_3UTR_DCG_Soc1_w_forward_primer	100.000	18	0	0	1	18	7	24	1.13e-06	33.7
M03997:68:000000000-G35DK:1:2103:22225:15476	extended_3UTR_DCG_Soc1_w_forward_primer	98.462	65	1	0	1	65	62	126	1.62e-30	113
M03997:68:000000000-G35DK:1:2102:22672:11999	extended_3UTR_DCG_Soc1_w_forward_primer	100.000	71	0	0	1	71	21	91	2.33e-35	129
M03997:68:000000000-G35DK:1:2102:22050:13415	extended_3UTR_DCG_Soc1_w_forward_primer	100.000	54	0	0	1	54	62	115	2.86e-26	98.7
M03997:68:000000000-G35DK:1:2102:26702:17860	extended_3UTR_DCG_Soc1_w_forward_primer	100.000	19	0	0	1	19	7	25	2.04e-07	35.6
M03997:68:000000000-G35DK:1:2101:23615:13627	extended_3UTR_DCG_Soc1_w_forward_primer	100.000	22	0	0	36	57	3	24	4.31e-08	41.0
M03997:68:000000000-G35DK:1:1102:13771:4057	extended_3UTR_DCG_Soc1_w_forward_primer	100.000	24	0	0	137	160	1	24	1.95e-09	44.6
M03997:68:000000000-G35DK:1:2104:9534:14924	extended_3UTR_DCG_Soc1_w_forward_primer	100.000	95	0	0	1	95	13	107	3.02e-48	172
M03997:68:000000000-G35DK:1:2103:15312:27576	extended_3UTR_DCG_Soc1_w_forward_primer	100.000	38	0	0	1	38	29	66	9.28e-18	69.8
M03997:68:000000000-G35DK:1:1104:17620:5940	extended_3UTR_DCG_Soc1_w_forward_primer	100.000	52	0	0	1	52	56	107	3.33e-25	95.1
M03997:68:000000000-G35DK:1:1101:15951:13978	extended_3UTR_DCG_Soc1_w_forward_primer	100.000	44	0	0	1	44	13	56	6.16e-21	80.6
M03997:68:000000000-G35DK:1:2102:18188:8489	extended_3UTR_DCG_Soc1_w_forward_primer	100.000	58	0	0	1	58	13	70	2.10e-28	105
M03997:68:000000000-G35DK:1:1101:16507:18892	extended_3UTR_DCG_Soc1_w_forward_primer	100.000	18	0	0	1	18	7	24	2.50e-06	33.7
M03997:68:000000000-G35DK:1:2101:2448:19488	extended_3UTR_DCG_Soc1_w_forward_primer	100.000	93	0	0	1	93	29	121	3.59e-47	168
M03997:68:000000000-G35DK:1:1101:7546:14936	extended_3UTR_DCG_Soc1_w_forward_primer	100.000	103	0	0	1	103	13	115	1.48e-52	187
M03997:68:000000000-G35DK:1:1104:7962:6126	extended_3UTR_DCG_Soc1_w_forward_primer	100.000	52	0	0	1	52	31	82	3.33e-25	95.1
M03997:68:000000000-G35DK:1:2104:10060:22283	extended_3UTR_DCG_Soc1_w_forward_primer	100.000	63	0	0	1	63	74	136	4.46e-31	114
M03997:68:000000000-G35DK:1:2104:23162:6135	extended_3UTR_DCG_Soc1_w_forward_primer	100.000	46	0	0	1	46	29	74	5.34e-22	84.2
M03997:68:000000000-G35DK:1:2104:13618:19640	extended_3UTR_DCG_Soc1_w_forward_primer	100.000	61	0	0	1	61	83	143	5.24e-30	111
M03997:68:000000000-G35DK:1:2101:17273:24139	extended_3UTR_DCG_Soc1_w_forward_primer	100.000	50	0	0	1	50	31	80	3.97e-24	91.5
M03997:68:000000000-G35DK:1:2102:16790:25910	extended_3UTR_DCG_Soc1_w_forward_primer	100.000	64	0	0	1	64	42	105	1.30e-31	116
M03997:68:000000000-G35DK:1:1104:16107:3970	extended_3UTR_DCG_Soc1_w_forward_primer	100.000	18	0	0	1	18	7	24	1.24e-06	33.7
M03997:68:000000000-G35DK:1:1101:13160:22865	extended_3UTR_DCG_Soc1_w_forward_primer	100.000	18	0	0	1	18	13	30	6.01e-07	33.7
M03997:68:000000000-G35DK:1:2104:21975:8118	extended_3UTR_DCG_Soc1_w_forward_primer	100.000	52	0	0	1	52	54	105	3.33e-25	95.1
M03997:68:000000000-G35DK:1:1104:5091:9108	extended_3UTR_DCG_Soc1_w_forward_primer	98.529	68	1	0	1	68	54	121	4.00e-32	118
M03997:68:000000000-G35DK:1:1101:20333:16326	extended_3UTR_DCG_Soc1_w_forward_primer	100.000	21	0	0	1	21	8	28	1.78e-08	39.2
M03997:68:000000000-G35DK:1:1104:15398:27762	extended_3UTR_DCG_Soc1_w_forward_primer	100.000	59	0	0	1	59	52	110	6.13e-29	107
M03997:68:000000000-G35DK:1:1101:24054:18470	extended_3UTR_DCG_Soc1_w_forward_primer	100.000	31	0	0	1	31	106	136	4.49e-14	57.2
M03997:68:000000000-G35DK:1:2102:26229:6509	extended_3UTR_DCG_Soc1_w_forward_primer	100.000	18	0	0	1	18	7	24	4.90e-07	33.7
M03997:68:000000000-G35DK:1:1103:20492:27637	extended_3UTR_DCG_Soc1_w_forward_primer	100.000	103	0	0	1	103	31	133	1.48e-52	187
M03997:68:000000000-G35DK:1:1102:15128:18742	extended_3UTR_DCG_Soc1_w_forward_primer	100.000	22	0	0	1	22	149	170	3.60e-09	41.0
M03997:68:000000000-G35DK:1:2102:26526:15341	extended_3UTR_DCG_Soc1_w_forward_primer	100.000	93	0	0	1	93	23	115	3.59e-47	168
M03997:68:000000000-G35DK:1:1102:20131:22039	extended_3UTR_DCG_Soc1_w_forward_primer	100.000	23	0	0	1	23	10	32	6.90e-10	42.8
M03997:68:000000000-G35DK:1:1104:9899:18100	extended_3UTR_DCG_Soc1_w_forward_primer	100.000	67	0	0	1	67	17	83	3.23e-33	122
M03997:68:000000000-G35DK:1:1102:22454:18780	extended_3UTR_DCG_Soc1_w_forward_primer	100.000	52	0	0	1	52	48	99	3.33e-25	95.1
M03997:68:000000000-G35DK:1:1104:28177:19885	extended_3UTR_DCG_Soc1_w_forward_primer	100.000	109	0	0	1	109	13	121	8.70e-56	197
M03997:68:000000000-G35DK:1:1102:17253:23776	extended_3UTR_DCG_Soc1_w_forward_primer	100.000	28	0	0	1	28	64	91	1.66e-12	51.8
M03997:68:000000000-G35DK:1:1102:10918:6377	extended_3UTR_DCG_Soc1_w_forward_primer	100.000	21	0	0	156	176	1	21	8.64e-08	39.2
M03997:68:000000000-G35DK:1:2104:18414:20403	extended_3UTR_DCG_Soc1_w_forward_primer	97.917	96	2	0	1	96	26	121	4.53e-46	165
M03997:68:000000000-G35DK:1:2102:9986:5910	extended_3UTR_DCG_Soc1_w_forward_primer	100.000	40	0	0	1	40	62	101	8.12e-19	73.4
M03997:68:000000000-G35DK:1:1103:28728:16347	extended_3UTR_DCG_Soc1_w_forward_primer	100.000	90	0	0	1	90	26	115	1.47e-45	163
M03997:68:000000000-G35DK:1:1103:20685:20724	extended_3UTR_DCG_Soc1_w_forward_primer	100.000	18	0	0	1	18	7	24	4.90e-07	33.7
M03997:68:000000000-G35DK:1:1103:26131:18630	extended_3UTR_DCG_Soc1_w_forward_primer	100.000	53	0	0	1	53	58	110	9.76e-26	96.9
M03997:68:000000000-G35DK:1:1104:23441:16909	extended_3UTR_DCG_Soc1_w_forward_primer	95.918	49	2	0	1	49	106	154	7.84e-21	80.6
M03997:68:000000000-G35DK:1:2104:18239:22668	extended_3UTR_DCG_Soc1_w_forward_primer	100.000	57	0	0	1	57	56	112	7.17e-28	104
M03997:68:000000000-G35DK:1:2101:15904:14831	extended_3UTR_DCG_Soc1_w_forward_primer	96.970	33	1	0	1	33	83	115	1.70e-13	55.4
M03997:68:000000000-G35DK:1:2101:28098:14211	extended_3UTR_DCG_Soc1_w_forward_primer	98.148	54	1	0	1	54	13	66	1.22e-24	93.3
M03997:68:000000000-G35DK:1:1102:14211:6682	extended_3UTR_DCG_Soc1_w_forward_primer	100.000	61	0	0	1	61	83	143	5.24e-30	111
M03997:68:000000000-G35DK:1:1102:24084:13413	extended_3UTR_DCG_Soc1_w_forward_primer	100.000	48	0	0	1	48	13	60	4.61e-23	87.8
M03997:68:000000000-G35DK:1:1101:14222:13364	extended_3UTR_DCG_Soc1_w_forward_primer	100.000	32	0	0	1	32	128	159	1.34e-14	59.0
M03997:68:000000000-G35DK:1:2103:18130:8803	extended_3UTR_DCG_Soc1_w_forward_primer	100.000	44	0	0	1	44	15	58	6.16e-21	80.6
M03997:68:000000000-G35DK:1:2104:26289:13019	extended_3UTR_DCG_Soc1_w_forward_primer	100.000	71	0	0	1	71	56	126	2.33e-35	129
M03997:68:000000000-G35DK:1:2102:25026:12269	extended_3UTR_DCG_Soc1_w_forward_primer	100.000	18	0	0	1	18	7	24	4.90e-07	33.7
M03997:68:000000000-G35DK:1:1101:13697:5885	extended_3UTR_DCG_Soc1_w_forward_primer	100.000	68	0	0	1	68	64	131	9.41e-34	123
M03997:68:000000000-G35DK:1:2104:24923:18952	extended_3UTR_DCG_Soc1_w_forward_primer	100.000	18	0	0	1	18	7	24	4.23e-07	33.7
M03997:68:000000000-G35DK:1:2103:24263:20152	extended_3UTR_DCG_Soc1_w_forward_primer	100.000	55	0	0	1	55	37	91	8.37e-27	100
M03997:68:000000000-G35DK:1:2101:10107:8325	extended_3UTR_DCG_Soc1_w_forward_primer	100.000	110	0	0	1	110	48	157	2.52e-56	199
M03997:68:000000000-G35DK:1:1104:28639:19614	extended_3UTR_DCG_Soc1_w_forward_primer	100.000	118	0	0	1	118	26	143	1.23e-60	214
M03997:68:000000000-G35DK:1:2101:7180:18097	extended_3UTR_DCG_Soc1_w_forward_primer	100.000	21	0	0	1	21	144	164	1.50e-07	39.2
M03997:68:000000000-G35DK:1:1103:11425:3031	extended_3UTR_DCG_Soc1_w_forward_primer	100.000	18	0	0	1	18	7	24	1.38e-06	33.7
M03997:68:000000000-G35DK:1:1102:11220:18723	extended_3UTR_DCG_Soc1_w_forward_primer	100.000	59	0	0	1	59	62	120	3.54e-28	107
M03997:68:000000000-G35DK:1:1102:12289:13494	extended_3UTR_DCG_Soc1_w_forward_primer	100.000	18	0	0	1	18	7	24	3.12e-06	33.7
M03997:68:000000000-G35DK:1:2104:18263:17632	extended_3UTR_DCG_Soc1_w_forward_primer	100.000	50	0	0	1	50	13	62	3.97e-24	91.5
M03997:68:000000000-G35DK:1:1102:19112:21851	extended_3UTR_DCG_Soc1_w_forward_primer	100.000	17	0	0	1	17	8	24	1.63e-06	31.9
M03997:68:000000000-G35DK:1:1103:19434:15000	extended_3UTR_DCG_Soc1_w_forward_primer	100.000	59	0	0	1	59	54	112	6.38e-29	107
M03997:68:000000000-G35DK:1:1104:7567:12421	extended_3UTR_DCG_Soc1_w_forward_primer	100.000	34	0	0	1	34	58	91	1.19e-15	62.6
M03997:68:000000000-G35DK:1:2102:6342:12378	extended_3UTR_DCG_Soc1_w_forward_primer	100.000	18	0	0	1	18	7	24	7.13e-07	33.7
M03997:68:000000000-G35DK:1:1103:19143:25490	extended_3UTR_DCG_Soc1_w_forward_primer	100.000	87	0	0	1	87	15	101	6.03e-44	158
M03997:68:000000000-G35DK:1:1103:11205:13563	extended_3UTR_DCG_Soc1_w_forward_primer	100.000	103	0	0	1	103	13	115	1.48e-52	187
M03997:68:000000000-G35DK:1:1103:22096:3482	extended_3UTR_DCG_Soc1_w_forward_primer	97.297	74	0	1	1	72	7	80	3.51e-33	122
M03997:68:000000000-G35DK:1:2103:12273:20285	extended_3UTR_DCG_Soc1_w_forward_primer	100.000	22	0	0	1	22	5	26	5.40e-09	41.0
M03997:68:000000000-G35DK:1:1103:2099:18386	extended_3UTR_DCG_Soc1_w_forward_primer	100.000	20	0	0	1	20	7	26	8.02e-08	37.4
M03997:68:000000000-G35DK:1:1103:23830:12489	extended_3UTR_DCG_Soc1_w_forward_primer	100.000	28	0	0	1	28	83	110	1.66e-12	51.8
M03997:68:000000000-G35DK:1:1102:10590:18998	extended_3UTR_DCG_Soc1_w_forward_primer	100.000	32	0	0	1	32	83	114	1.34e-14	59.0
M03997:68:000000000-G35DK:1:1103:22432:7489	extended_3UTR_DCG_Soc1_w_forward_primer	100.000	17	0	0	3	19	10	26	3.64e-06	31.9
M03997:68:000000000-G35DK:1:2103:12836:11129	extended_3UTR_DCG_Soc1_w_forward_primer	100.000	18	0	0	1	18	7	24	4.23e-07	33.7
M03997:68:000000000-G35DK:1:1104:21355:16623	extended_3UTR_DCG_Soc1_w_forward_primer	100.000	18	0	0	1	18	7	24	1.33e-06	33.7
M03997:68:000000000-G35DK:1:2104:14711:17404	extended_3UTR_DCG_Soc1_w_forward_primer	98.450	129	2	0	1	129	26	154	7.84e-64	224
M03997:68:000000000-G35DK:1:2104:5889:21892	extended_3UTR_DCG_Soc1_w_forward_primer	100.000	79	0	0	1	79	13	91	1.19e-39	143
M03997:68:000000000-G35DK:1:1104:21332:27820	extended_3UTR_DCG_Soc1_w_forward_primer	76.190	42	5	1	1	42	13	49	6.35e-06	31.9
M03997:68:000000000-G35DK:1:1102:7138:4958	extended_3UTR_DCG_Soc1_w_forward_primer	100.000	50	0	0	1	50	13	62	3.97e-24	91.5
M03997:68:000000000-G35DK:1:2104:19232:15562	extended_3UTR_DCG_Soc1_w_forward_primer	100.000	34	0	0	1	34	124	157	1.74e-15	62.6
M03997:68:000000000-G35DK:1:2102:10054:22156	extended_3UTR_DCG_Soc1_w_forward_primer	100.000	16	0	0	1	16	10	25	5.15e-06	30.1
M03997:68:000000000-G35DK:1:2102:9610:6800	extended_3UTR_DCG_Soc1_w_forward_primer	100.000	52	0	0	1	52	13	64	3.33e-25	95.1
M03997:68:000000000-G35DK:1:2104:18645:26214	extended_3UTR_DCG_Soc1_w_forward_primer	98.750	80	1	0	1	80	54	133	1.47e-38	140
M03997:68:000000000-G35DK:1:2104:4835:13898	extended_3UTR_DCG_Soc1_w_forward_primer	100.000	44	0	0	1	44	48	91	6.16e-21	80.6
M03997:68:000000000-G35DK:1:1104:13051:12981	extended_3UTR_DCG_Soc1_w_forward_primer	100.000	20	0	0	1	20	7	26	5.25e-07	37.4
M03997:68:000000000-G35DK:1:1103:16862:17420	extended_3UTR_DCG_Soc1_w_forward_primer	100.000	35	0	0	1	35	99	133	3.55e-16	64.4
M03997:68:000000000-G35DK:1:1103:9779:6230	extended_3UTR_DCG_Soc1_w_forward_primer	100.000	73	0	0	1	73	29	101	1.97e-36	132
M03997:68:000000000-G35DK:1:1103:23066:26970	extended_3UTR_DCG_Soc1_w_forward_primer	100.000	18	0	0	1	18	7	24	3.50e-06	33.7
M03997:68:000000000-G35DK:1:2104:8480:20776	extended_3UTR_DCG_Soc1_w_forward_primer	100.000	19	0	0	1	19	7	25	3.63e-07	35.6
M03997:68:000000000-G35DK:1:1103:20583:7746	extended_3UTR_DCG_Soc1_w_forward_primer	100.000	53	0	0	1	53	58	110	9.76e-26	96.9
M03997:68:000000000-G35DK:1:1104:18417:12711	extended_3UTR_DCG_Soc1_w_forward_primer	100.000	44	0	0	1	44	77	120	6.16e-21	80.6
M03997:68:000000000-G35DK:1:1103:15693:28203	extended_3UTR_DCG_Soc1_w_forward_primer	100.000	18	0	0	1	18	7	24	9.32e-07	33.7
M03997:68:000000000-G35DK:1:1102:11365:9891	extended_3UTR_DCG_Soc1_w_forward_primer	100.000	80	0	0	1	80	23	102	3.47e-40	145
M03997:68:000000000-G35DK:1:2104:18832:27026	extended_3UTR_DCG_Soc1_w_forward_primer	100.000	52	0	0	1	52	13	64	3.33e-25	95.1
M03997:68:000000000-G35DK:1:2104:25891:24705	extended_3UTR_DCG_Soc1_w_forward_primer	100.000	18	0	0	1	18	7	24	1.64e-06	33.7
M03997:68:000000000-G35DK:1:1103:2815:19565	extended_3UTR_DCG_Soc1_w_forward_primer	100.000	76	0	0	1	76	37	112	4.85e-38	138
M03997:68:000000000-G35DK:1:1103:12330:5174	extended_3UTR_DCG_Soc1_w_forward_primer	97.959	49	1	0	1	49	88	136	5.90e-22	84.2
M03997:68:000000000-G35DK:1:1101:27925:21251	extended_3UTR_DCG_Soc1_w_forward_primer	100.000	18	0	0	83	100	1	18	2.02e-06	33.7
M03997:68:000000000-G35DK:1:2102:23005:26694	extended_3UTR_DCG_Soc1_w_forward_primer	95.327	107	5	0	1	107	37	143	1.19e-47	170
M03997:68:000000000-G35DK:1:2101:27514:16543	extended_3UTR_DCG_Soc1_w_forward_primer	100.000	45	0	0	1	45	52	96	1.81e-21	82.4
M03997:68:000000000-G35DK:1:2101:6882:5657	extended_3UTR_DCG_Soc1_w_forward_primer	98.361	61	1	0	1	61	110	170	2.65e-28	105
M03997:68:000000000-G35DK:1:1101:22862:7229	extended_3UTR_DCG_Soc1_w_forward_primer	100.000	18	0	0	122	139	1	18	2.85e-06	33.7
M03997:68:000000000-G35DK:1:1102:16858:18404	extended_3UTR_DCG_Soc1_w_forward_primer	100.000	50	0	0	1	50	13	62	3.97e-24	91.5
M03997:68:000000000-G35DK:1:1102:28054:16107	extended_3UTR_DCG_Soc1_w_forward_primer	100.000	34	0	0	1	34	27	60	1.19e-15	62.6
M03997:68:000000000-G35DK:1:1101:13282:12398	extended_3UTR_DCG_Soc1_w_forward_primer	98.851	87	1	0	1	87	29	115	2.57e-42	152
M03997:68:000000000-G35DK:1:2103:9744:23320	extended_3UTR_DCG_Soc1_w_forward_primer	100.000	44	0	0	1	44	13	56	6.16e-21	80.6
M03997:68:000000000-G35DK:1:2104:12753:2634	extended_3UTR_DCG_Soc1_w_forward_primer	100.000	35	0	0	1	35	132	166	3.78e-15	64.4
M03997:68:000000000-G35DK:1:1102:14492:16540	extended_3UTR_DCG_Soc1_w_forward_primer	100.000	93	0	0	1	93	23	115	3.59e-47	168
M03997:68:000000000-G35DK:1:1101:24315:24916	extended_3UTR_DCG_Soc1_w_forward_primer	100.000	56	0	0	1	56	83	138	2.45e-27	102
M03997:68:000000000-G35DK:1:1101:16207:25143	extended_3UTR_DCG_Soc1_w_forward_primer	100.000	17	0	0	1	17	8	24	2.41e-06	31.9
M03997:68:000000000-G35DK:1:2102:25783:20794	extended_3UTR_DCG_Soc1_w_forward_primer	100.000	18	0	0	1	18	7	24	4.43e-06	33.7
M03997:68:000000000-G35DK:1:1103:15038:15046	extended_3UTR_DCG_Soc1_w_forward_primer	100.000	50	0	0	1	50	13	62	3.97e-24	91.5
M03997:68:000000000-G35DK:1:2101:10955:8991	extended_3UTR_DCG_Soc1_w_forward_primer	98.864	88	1	0	1	88	13	100	7.44e-43	154
M03997:68:000000000-G35DK:1:1101:26623:20118	extended_3UTR_DCG_Soc1_w_forward_primer	100.000	18	0	0	1	18	7	24	2.15e-06	33.7
M03997:68:000000000-G35DK:1:1103:21502:8512	extended_3UTR_DCG_Soc1_w_forward_primer	100.000	90	0	0	1	90	54	143	1.47e-45	163
M03997:68:000000000-G35DK:1:2101:18668:3177	extended_3UTR_DCG_Soc1_w_forward_primer	98.246	57	1	0	1	57	8	64	3.05e-26	98.7
M03997:68:000000000-G35DK:1:1102:13687:8385	extended_3UTR_DCG_Soc1_w_forward_primer	100.000	20	0	0	1	20	7	26	3.47e-08	37.4
M03997:68:000000000-G35DK:1:2101:9564:10933	extended_3UTR_DCG_Soc1_w_forward_primer	100.000	70	0	0	1	70	13	82	7.99e-35	127
M03997:68:000000000-G35DK:1:1103:13266:12788	extended_3UTR_DCG_Soc1_w_forward_primer	100.000	20	0	0	1	20	5	24	4.39e-08	37.4
M03997:68:000000000-G35DK:1:1102:10566:19197	extended_3UTR_DCG_Soc1_w_forward_primer	100.000	42	0	0	1	42	5	46	7.08e-20	77.0
M03997:68:000000000-G35DK:1:2102:25739:17957	extended_3UTR_DCG_Soc1_w_forward_primer	100.000	44	0	0	1	44	13	56	6.16e-21	80.6
M03997:68:000000000-G35DK:1:1104:19466:10893	extended_3UTR_DCG_Soc1_w_forward_primer	100.000	101	0	0	1	101	21	121	1.76e-51	183
M03997:68:000000000-G35DK:1:1103:18748:22753	extended_3UTR_DCG_Soc1_w_forward_primer	100.000	83	0	0	1	83	54	136	8.49e-42	150
M03997:68:000000000-G35DK:1:1103:16043:13181	extended_3UTR_DCG_Soc1_w_forward_primer	100.000	18	0	0	1	18	7	24	2.90e-06	33.7
M03997:68:000000000-G35DK:1:2103:7482:6725	extended_3UTR_DCG_Soc1_w_forward_primer	100.000	18	0	0	1	18	7	24	8.24e-07	33.7
M03997:68:000000000-G35DK:1:2102:9909:18446	extended_3UTR_DCG_Soc1_w_forward_primer	100.000	74	0	0	1	74	62	135	5.74e-37	134
M03997:68:000000000-G35DK:1:1104:20607:25009	extended_3UTR_DCG_Soc1_w_forward_primer	100.000	115	0	0	1	115	31	145	5.10e-59	208
M03997:68:000000000-G35DK:1:2104:29146:14208	extended_3UTR_DCG_Soc1_w_forward_primer	98.413	63	1	0	1	63	74	136	1.90e-29	109
M03997:68:000000000-G35DK:1:1104:26125:13796	extended_3UTR_DCG_Soc1_w_forward_primer	100.000	86	0	0	1	86	58	143	2.08e-43	156
M03997:68:000000000-G35DK:1:2103:11741:7092	extended_3UTR_DCG_Soc1_w_forward_primer	100.000	18	0	0	1	18	7	24	3.03e-06	33.7
M03997:68:000000000-G35DK:1:2104:7755:18366	extended_3UTR_DCG_Soc1_w_forward_primer	100.000	34	0	0	1	34	88	121	1.19e-15	62.6
M03997:68:000000000-G35DK:1:1102:20735:10717	extended_3UTR_DCG_Soc1_w_forward_primer	100.000	50	0	0	1	50	7	56	3.97e-24	91.5
M03997:68:000000000-G35DK:1:2102:17121:10886	extended_3UTR_DCG_Soc1_w_forward_primer	100.000	107	0	0	1	107	13	119	1.04e-54	194
M03997:68:000000000-G35DK:1:1102:8252:20389	extended_3UTR_DCG_Soc1_w_forward_primer	100.000	19	0	0	1	19	7	25	1.83e-06	35.6
M03997:68:000000000-G35DK:1:1103:15665:27880	extended_3UTR_DCG_Soc1_w_forward_primer	100.000	73	0	0	1	73	64	136	1.97e-36	132
M03997:68:000000000-G35DK:1:1102:19019:21956	extended_3UTR_DCG_Soc1_w_forward_primer	98.750	80	1	0	1	80	33	112	1.47e-38	140
M03997:68:000000000-G35DK:1:1104:27215:8562	extended_3UTR_DCG_Soc1_w_forward_primer	100.000	91	0	0	1	91	43	133	4.27e-46	165
M03997:68:000000000-G35DK:1:1103:13241:7720	extended_3UTR_DCG_Soc1_w_forward_primer	100.000	44	0	0	1	44	72	115	6.16e-21	80.6
M03997:68:000000000-G35DK:1:2103:17734:8801	extended_3UTR_DCG_Soc1_w_forward_primer	100.000	53	0	0	1	53	56	108	9.76e-26	96.9
M03997:68:000000000-G35DK:1:1104:15567:2617	extended_3UTR_DCG_Soc1_w_forward_primer	100.000	17	0	0	1	17	8	24	9.04e-06	31.9
M03997:68:000000000-G35DK:1:1101:13667:26694	extended_3UTR_DCG_Soc1_w_forward_primer	100.000	52	0	0	1	52	13	64	3.33e-25	95.1
M03997:68:000000000-G35DK:1:1101:21394:23284	extended_3UTR_DCG_Soc1_w_forward_primer	100.000	115	0	0	1	115	31	145	5.10e-59	208
M03997:68:000000000-G35DK:1:2104:25152:13462	extended_3UTR_DCG_Soc1_w_forward_primer	100.000	18	0	0	1	18	7	24	1.31e-06	33.7
M03997:68:000000000-G35DK:1:2101:26306:11424	extended_3UTR_DCG_Soc1_w_forward_primer	99.231	130	1	0	1	130	7	136	1.78e-65	230
M03997:68:000000000-G35DK:1:1102:3057:20808	extended_3UTR_DCG_Soc1_w_forward_primer	100.000	115	0	0	2	116	22	136	5.15e-59	208
M03997:68:000000000-G35DK:1:2104:16870:3248	extended_3UTR_DCG_Soc1_w_forward_primer	76.744	43	5	1	1	43	12	49	2.81e-06	33.7
M03997:68:000000000-G35DK:1:2101:18964:5719	extended_3UTR_DCG_Soc1_w_forward_primer	100.000	33	0	0	1	33	13	45	4.00e-15	60.8
M03997:68:000000000-G35DK:1:1101:22344:15992	extended_3UTR_DCG_Soc1_w_forward_primer	100.000	20	0	0	1	20	7	26	7.65e-08	37.4
M03997:68:000000000-G35DK:1:1104:8676:5722	extended_3UTR_DCG_Soc1_w_forward_primer	100.000	118	0	0	1	118	26	143	1.23e-60	214
M03997:68:000000000-G35DK:1:1104:12846:24477	extended_3UTR_DCG_Soc1_w_forward_primer	100.000	93	0	0	1	93	7	99	3.59e-47	168
M03997:68:000000000-G35DK:1:1101:16825:8565	extended_3UTR_DCG_Soc1_w_forward_primer	100.000	18	0	0	1	18	7	24	9.77e-07	33.7
M03997:68:000000000-G35DK:1:1101:22340:27000	extended_3UTR_DCG_Soc1_w_forward_primer	100.000	86	0	0	1	86	29	114	2.08e-43	156
M03997:68:000000000-G35DK:1:2103:21528:21007	extended_3UTR_DCG_Soc1_w_forward_primer	97.143	35	1	0	1	35	101	135	1.51e-14	59.0
M03997:68:000000000-G35DK:1:2103:21595:15988	extended_3UTR_DCG_Soc1_w_forward_primer	100.000	97	0	0	1	97	58	154	3.07e-49	176
M03997:68:000000000-G35DK:1:1103:15087:23508	extended_3UTR_DCG_Soc1_w_forward_primer	100.000	21	0	0	64	84	1	21	3.92e-08	39.2
M03997:68:000000000-G35DK:1:2103:5998:7582	extended_3UTR_DCG_Soc1_w_forward_primer	100.000	52	0	0	1	52	13	64	3.33e-25	95.1
M03997:68:000000000-G35DK:1:1104:15253:26600	extended_3UTR_DCG_Soc1_w_forward_primer	100.000	20	0	0	1	20	7	26	3.84e-08	37.4
M03997:68:000000000-G35DK:1:2103:16406:22800	extended_3UTR_DCG_Soc1_w_forward_primer	98.361	122	0	1	1	120	29	150	5.35e-59	208
M03997:68:000000000-G35DK:1:2104:22321:12509	extended_3UTR_DCG_Soc1_w_forward_primer	100.000	80	0	0	1	80	83	162	1.41e-39	145
M03997:68:000000000-G35DK:1:2102:10747:21369	extended_3UTR_DCG_Soc1_w_forward_primer	100.000	18	0	0	1	18	7	24	4.45e-07	33.7
M03997:68:000000000-G35DK:1:1101:27279:16579	extended_3UTR_DCG_Soc1_w_forward_primer	100.000	18	0	0	1	18	7	24	1.66e-06	33.7
M03997:68:000000000-G35DK:1:1101:14116:18199	extended_3UTR_DCG_Soc1_w_forward_primer	98.438	64	1	0	1	64	58	121	5.54e-30	111
M03997:68:000000000-G35DK:1:1102:13482:16681	extended_3UTR_DCG_Soc1_w_forward_primer	100.000	63	0	0	1	63	21	83	4.46e-31	114
M03997:68:000000000-G35DK:1:2104:8004:24753	extended_3UTR_DCG_Soc1_w_forward_primer	100.000	136	0	0	1	136	8	143	2.44e-70	246
M03997:68:000000000-G35DK:1:1104:22453:11087	extended_3UTR_DCG_Soc1_w_forward_primer	100.000	93	0	0	1	93	29	121	3.59e-47	168
M03997:68:000000000-G35DK:1:1103:8342:13401	extended_3UTR_DCG_Soc1_w_forward_primer	100.000	18	0	0	1	18	7	24	8.46e-07	33.7
M03997:68:000000000-G35DK:1:1101:18228:6750	extended_3UTR_DCG_Soc1_w_forward_primer	100.000	22	0	0	1	22	5	26	4.35e-09	41.0
M03997:68:000000000-G35DK:1:2102:6731:17351	extended_3UTR_DCG_Soc1_w_forward_primer	100.000	39	0	0	1	39	83	121	2.75e-18	71.6
M03997:68:000000000-G35DK:1:1101:6025:8389	extended_3UTR_DCG_Soc1_w_forward_primer	100.000	17	0	0	1	17	8	24	1.63e-06	31.9
M03997:68:000000000-G35DK:1:2104:19810:6274	extended_3UTR_DCG_Soc1_w_forward_primer	98.571	70	1	0	1	70	13	82	3.40e-33	122
M03997:68:000000000-G35DK:1:1101:10961:24192	extended_3UTR_DCG_Soc1_w_forward_primer	100.000	18	0	0	1	18	7	24	8.46e-07	33.7
M03997:68:000000000-G35DK:1:2101:15361:26759	extended_3UTR_DCG_Soc1_w_forward_primer	100.000	19	0	0	1	19	8	26	3.37e-07	35.6
M03997:68:000000000-G35DK:1:2101:15845:28605	extended_3UTR_DCG_Soc1_w_forward_primer	100.000	16	0	0	1	16	13	28	8.41e-06	30.1
M03997:68:000000000-G35DK:1:1104:22349:15897	extended_3UTR_DCG_Soc1_w_forward_primer	100.000	17	0	0	1	17	10	26	2.49e-06	31.9
M03997:68:000000000-G35DK:1:1101:8899:11657	extended_3UTR_DCG_Soc1_w_forward_primer	100.000	20	0	0	1	20	7	26	9.84e-08	37.4
M03997:68:000000000-G35DK:1:1104:14864:12250	extended_3UTR_DCG_Soc1_w_forward_primer	100.000	103	0	0	1	103	13	115	1.48e-52	187
M03997:68:000000000-G35DK:1:1104:2752:14339	extended_3UTR_DCG_Soc1_w_forward_primer	100.000	74	0	0	1	74	10	83	5.74e-37	134
M03997:68:000000000-G35DK:1:2103:22642:11132	extended_3UTR_DCG_Soc1_w_forward_primer	100.000	74	0	0	1	74	23	96	5.74e-37	134
M03997:68:000000000-G35DK:1:2104:20760:17608	extended_3UTR_DCG_Soc1_w_forward_primer	79.167	48	5	1	1	48	7	49	3.81e-09	42.8
M03997:68:000000000-G35DK:1:1104:14702:27994	extended_3UTR_DCG_Soc1_w_forward_primer	76.190	42	5	1	1	42	13	49	9.73e-06	31.9
M03997:68:000000000-G35DK:1:2102:11950:11629	extended_3UTR_DCG_Soc1_w_forward_primer	100.000	52	0	0	1	52	13	64	3.33e-25	95.1
M03997:68:000000000-G35DK:1:2104:17195:7962	extended_3UTR_DCG_Soc1_w_forward_primer	100.000	21	0	0	44	64	1	21	2.87e-08	39.2
M03997:68:000000000-G35DK:1:2102:17437:10639	extended_3UTR_DCG_Soc1_w_forward_primer	100.000	18	0	0	1	18	7	24	8.46e-07	33.7
M03997:68:000000000-G35DK:1:2104:12770:9509	extended_3UTR_DCG_Soc1_w_forward_primer	100.000	17	0	0	1	17	10	26	4.96e-06	31.9
M03997:68:000000000-G35DK:1:2101:6438:18017	extended_3UTR_DCG_Soc1_w_forward_primer	100.000	21	0	0	1	21	5	25	1.73e-08	39.2
M03997:68:000000000-G35DK:1:1103:20351:7917	extended_3UTR_DCG_Soc1_w_forward_primer	100.000	51	0	0	1	51	83	133	1.13e-24	93.3
M03997:68:000000000-G35DK:1:2103:12048:11243	extended_3UTR_DCG_Soc1_w_forward_primer	100.000	21	0	0	61	81	1	21	3.76e-08	39.2
M03997:68:000000000-G35DK:1:1102:8181:24724	extended_3UTR_DCG_Soc1_w_forward_primer	100.000	18	0	0	1	18	7	24	6.90e-07	33.7
M03997:68:000000000-G35DK:1:1103:12297:21646	extended_3UTR_DCG_Soc1_w_forward_primer	100.000	21	0	0	94	114	1	21	5.41e-08	39.2
M03997:68:000000000-G35DK:1:1101:23559:16743	extended_3UTR_DCG_Soc1_w_forward_primer	100.000	18	0	0	1	18	7	24	4.45e-07	33.7
M03997:68:000000000-G35DK:1:2104:11053:28040	extended_3UTR_DCG_Soc1_w_forward_primer	100.000	72	0	0	1	72	62	133	6.77e-36	131
M03997:68:000000000-G35DK:1:1103:14665:13367	extended_3UTR_DCG_Soc1_w_forward_primer	100.000	32	0	0	1	32	123	154	1.68e-14	59.0
M03997:68:000000000-G35DK:1:1102:6436:15552	extended_3UTR_DCG_Soc1_w_forward_primer	100.000	19	0	0	1	19	7	25	4.07e-07	35.6
M03997:68:000000000-G35DK:1:2103:20402:24359	extended_3UTR_DCG_Soc1_w_forward_primer	100.000	80	0	0	1	80	64	143	3.47e-40	145
M03997:68:000000000-G35DK:1:2102:26160:22373	extended_3UTR_DCG_Soc1_w_forward_primer	100.000	17	0	0	1	17	8	24	1.48e-06	31.9
M03997:68:000000000-G35DK:1:1102:20075:10776	extended_3UTR_DCG_Soc1_w_forward_primer	100.000	20	0	0	1	20	5	24	4.39e-08	37.4
