M03997:68:000000000-G35DK:1:1103:18284:9249	extended_3UTR_DCG_Soc1_w_forward_primer	98.780	82	1	0	1	82	54	135	4.91e-39	143
M03997:68:000000000-G35DK:1:1102:7918:9341	extended_3UTR_DCG_Soc1_w_forward_primer	100.000	39	0	0	1	39	83	121	2.75e-18	71.6
M03997:68:000000000-G35DK:1:2103:23034:21516	extended_3UTR_DCG_Soc1_w_forward_primer	100.000	18	0	0	1	18	7	24	7.79e-07	33.7
M03997:68:000000000-G35DK:1:1101:11962:9970	extended_3UTR_DCG_Soc1_w_forward_primer	98.485	66	1	0	1	66	26	91	4.71e-31	114
M03997:68:000000000-G35DK:1:2103:17412:13164	extended_3UTR_DCG_Soc1_w_forward_primer	100.000	18	0	0	1	18	7	24	1.64e-06	33.7
M03997:68:000000000-G35DK:1:2104:17276:28497	extended_3UTR_DCG_Soc1_w_forward_primer	98.276	58	1	0	1	58	58	115	8.92e-27	100
M03997:68:000000000-G35DK:1:1101:18405:28537	extended_3UTR_DCG_Soc1_w_forward_primer	98.795	83	1	0	1	83	58	140	3.61e-40	145
M03997:68:000000000-G35DK:1:1104:9861:25807	extended_3UTR_DCG_Soc1_w_forward_primer	100.000	19	0	0	1	19	8	26	2.11e-07	35.6
M03997:68:000000000-G35DK:1:2102:6730:22793	extended_3UTR_DCG_Soc1_w_forward_primer	100.000	20	0	0	1	20	5	24	2.51e-07	37.4
M03997:68:000000000-G35DK:1:1103:7481:12095	extended_3UTR_DCG_Soc1_w_forward_primer	100.000	50	0	0	1	50	13	62	3.97e-24	91.5
M03997:68:000000000-G35DK:1:1102:13015:19083	extended_3UTR_DCG_Soc1_w_forward_primer	90.625	32	1	1	1	30	5	36	1.23e-08	42.8
M03997:68:000000000-G35DK:1:2103:27913:17694	extended_3UTR_DCG_Soc1_w_forward_primer	100.000	20	0	0	1	20	7	26	9.84e-08	37.4
M03997:68:000000000-G35DK:1:1103:17165:23830	extended_3UTR_DCG_Soc1_w_forward_primer	100.000	47	0	0	1	47	62	108	1.57e-22	86.0
M03997:68:000000000-G35DK:1:1104:7402:20760	extended_3UTR_DCG_Soc1_w_forward_primer	100.000	77	0	0	1	77	62	138	1.41e-38	140
M03997:68:000000000-G35DK:1:2104:19380:16159	extended_3UTR_DCG_Soc1_w_forward_primer	100.000	59	0	0	1	59	12	70	6.13e-29	107
M03997:68:000000000-G35DK:1:2103:22810:26716	extended_3UTR_DCG_Soc1_w_forward_primer	100.000	18	0	0	1	18	7	24	1.71e-06	33.7
M03997:68:000000000-G35DK:1:1103:19716:12356	extended_3UTR_DCG_Soc1_w_forward_primer	100.000	20	0	0	1	20	7	26	5.25e-07	37.4
M03997:68:000000000-G35DK:1:1103:27338:11904	extended_3UTR_DCG_Soc1_w_forward_primer	100.000	72	0	0	1	72	72	143	6.77e-36	131
M03997:68:000000000-G35DK:1:1101:22355:15787	extended_3UTR_DCG_Soc1_w_forward_primer	100.000	48	0	0	1	48	13	60	4.61e-23	87.8
M03997:68:000000000-G35DK:1:1104:19732:4411	extended_3UTR_DCG_Soc1_w_forward_primer	100.000	18	0	0	1	18	7	24	1.69e-06	33.7
M03997:68:000000000-G35DK:1:1103:5542:13964	extended_3UTR_DCG_Soc1_w_forward_primer	100.000	85	0	0	1	85	7	91	7.16e-43	154
M03997:68:000000000-G35DK:1:1101:23505:13033	extended_3UTR_DCG_Soc1_w_forward_primer	100.000	18	0	0	1	18	7	24	4.45e-07	33.7
M03997:68:000000000-G35DK:1:2101:9059:18548	extended_3UTR_DCG_Soc1_w_forward_primer	100.000	22	0	0	1	22	5	26	6.58e-09	41.0
M03997:68:000000000-G35DK:1:1104:20763:15466	extended_3UTR_DCG_Soc1_w_forward_primer	100.000	96	0	0	1	96	26	121	8.75e-49	174
M03997:68:000000000-G35DK:1:2101:15980:3936	extended_3UTR_DCG_Soc1_w_forward_primer	100.000	20	0	0	1	20	7	26	9.84e-08	37.4
M03997:68:000000000-G35DK:1:1104:28888:17216	extended_3UTR_DCG_Soc1_w_forward_primer	100.000	19	0	0	1	19	8	26	2.11e-07	35.6
M03997:68:000000000-G35DK:1:1104:16127:14563	extended_3UTR_DCG_Soc1_w_forward_primer	100.000	21	0	0	1	21	135	155	1.50e-07	39.2
M03997:68:000000000-G35DK:1:1101:15251:21465	extended_3UTR_DCG_Soc1_w_forward_primer	98.182	55	1	0	1	55	37	91	3.56e-25	95.1
M03997:68:000000000-G35DK:1:1103:3526:13565	extended_3UTR_DCG_Soc1_w_forward_primer	100.000	93	0	0	1	93	13	105	3.59e-47	168
M03997:68:000000000-G35DK:1:2101:22229:25968	extended_3UTR_DCG_Soc1_w_forward_primer	100.000	58	0	0	1	58	13	70	2.10e-28	105
M03997:68:000000000-G35DK:1:1102:21959:10200	extended_3UTR_DCG_Soc1_w_forward_primer	100.000	17	0	0	1	17	8	24	3.03e-06	31.9
M03997:68:000000000-G35DK:1:1103:17681:19388	extended_3UTR_DCG_Soc1_w_forward_primer	100.000	28	0	0	1	28	10	37	1.66e-12	51.8
M03997:68:000000000-G35DK:1:1102:4141:19318	extended_3UTR_DCG_Soc1_w_forward_primer	100.000	20	0	0	1	20	7	26	6.76e-08	37.4
M03997:68:000000000-G35DK:1:2101:27694:14104	extended_3UTR_DCG_Soc1_w_forward_primer	100.000	61	0	0	1	61	83	143	5.24e-30	111
M03997:68:000000000-G35DK:1:1101:19665:19064	extended_3UTR_DCG_Soc1_w_forward_primer	100.000	52	0	0	1	52	15	66	3.33e-25	95.1
M03997:68:000000000-G35DK:1:1104:5133:7185	extended_3UTR_DCG_Soc1_w_forward_primer	100.000	18	0	0	1	18	7	24	9.32e-07	33.7
M03997:68:000000000-G35DK:1:2102:24843:9478	extended_3UTR_DCG_Soc1_w_forward_primer	97.500	40	1	0	1	40	15	54	3.45e-17	68.0
M03997:68:000000000-G35DK:1:2101:13697:20594	extended_3UTR_DCG_Soc1_w_forward_primer	93.846	65	2	1	1	63	37	101	1.20e-25	96.9
M03997:68:000000000-G35DK:1:1102:10659:20969	extended_3UTR_DCG_Soc1_w_forward_primer	100.000	98	0	0	1	98	23	120	2.38e-49	178
M03997:68:000000000-G35DK:1:1103:14227:11688	extended_3UTR_DCG_Soc1_w_forward_primer	100.000	131	0	0	1	131	48	178	1.21e-67	237
M03997:68:000000000-G35DK:1:2102:13275:28142	extended_3UTR_DCG_Soc1_w_forward_primer	100.000	66	0	0	1	66	54	119	1.11e-32	120
M03997:68:000000000-G35DK:1:1104:7159:22261	extended_3UTR_DCG_Soc1_w_forward_primer	100.000	49	0	0	1	49	67	115	1.35e-23	89.7
M03997:68:000000000-G35DK:1:1102:18774:27519	extended_3UTR_DCG_Soc1_w_forward_primer	100.000	21	0	0	98	118	1	21	5.62e-08	39.2
M03997:68:000000000-G35DK:1:1102:11805:12208	extended_3UTR_DCG_Soc1_w_forward_primer	100.000	34	0	0	1	34	13	46	1.19e-15	62.6
M03997:68:000000000-G35DK:1:2102:14441:11610	extended_3UTR_DCG_Soc1_w_forward_primer	100.000	44	0	0	1	44	112	155	9.21e-21	80.6
M03997:68:000000000-G35DK:1:2101:24209:21108	extended_3UTR_DCG_Soc1_w_forward_primer	100.000	52	0	0	1	52	13	64	3.33e-25	95.1
M03997:68:000000000-G35DK:1:2103:16056:19047	extended_3UTR_DCG_Soc1_w_forward_primer	97.917	48	1	0	1	48	58	105	1.96e-21	82.4
M03997:68:000000000-G35DK:1:2104:10655:22630	extended_3UTR_DCG_Soc1_w_forward_primer	100.000	79	0	0	1	79	13	91	1.19e-39	143
M03997:68:000000000-G35DK:1:1104:2482:10800	extended_3UTR_DCG_Soc1_w_forward_primer	100.000	17	0	0	1	17	8	24	3.25e-06	31.9
M03997:68:000000000-G35DK:1:2102:16815:23757	extended_3UTR_DCG_Soc1_w_forward_primer	100.000	22	0	0	1	22	5	26	5.10e-09	41.0
M03997:68:000000000-G35DK:1:1103:14715:21120	extended_3UTR_DCG_Soc1_w_forward_primer	100.000	20	0	0	1	20	7	26	7.49e-08	37.4
M03997:68:000000000-G35DK:1:2102:17769:5332	extended_3UTR_DCG_Soc1_w_forward_primer	99.029	103	1	0	1	103	10	112	6.28e-51	181
M03997:68:000000000-G35DK:1:1103:16234:17266	extended_3UTR_DCG_Soc1_w_forward_primer	100.000	51	0	0	1	51	128	178	1.13e-24	93.3
M03997:68:000000000-G35DK:1:2103:13408:17474	extended_3UTR_DCG_Soc1_w_forward_primer	98.684	76	1	0	1	76	50	125	2.06e-36	132
M03997:68:000000000-G35DK:1:2103:25483:15842	extended_3UTR_DCG_Soc1_w_forward_primer	100.000	54	0	0	1	54	113	166	1.83e-25	98.7
M03997:68:000000000-G35DK:1:2102:26334:9498	extended_3UTR_DCG_Soc1_w_forward_primer	100.000	46	0	0	1	46	37	82	5.34e-22	84.2
M03997:68:000000000-G35DK:1:2103:26181:21587	extended_3UTR_DCG_Soc1_w_forward_primer	100.000	20	0	0	1	20	7	26	5.25e-07	37.4
M03997:68:000000000-G35DK:1:1101:8464:4969	extended_3UTR_DCG_Soc1_w_forward_primer	98.551	69	1	0	1	69	23	91	1.17e-32	120
M03997:68:000000000-G35DK:1:1102:5946:11638	extended_3UTR_DCG_Soc1_w_forward_primer	100.000	18	0	0	1	18	7	24	8.24e-07	33.7
M03997:68:000000000-G35DK:1:1102:15451:19816	extended_3UTR_DCG_Soc1_w_forward_primer	100.000	90	0	0	1	90	37	126	1.47e-45	163
M03997:68:000000000-G35DK:1:2101:10930:7391	extended_3UTR_DCG_Soc1_w_forward_primer	100.000	18	0	0	1	18	7	24	7.13e-07	33.7
M03997:68:000000000-G35DK:1:2101:11181:3306	extended_3UTR_DCG_Soc1_w_forward_primer	100.000	20	0	0	1	20	23	42	5.25e-07	37.4
M03997:68:000000000-G35DK:1:1102:10265:9233	extended_3UTR_DCG_Soc1_w_forward_primer	100.000	56	0	0	1	56	83	138	2.45e-27	102
M03997:68:000000000-G35DK:1:1101:11143:11845	extended_3UTR_DCG_Soc1_w_forward_primer	100.000	38	0	0	1	38	125	162	1.60e-17	69.8
M03997:68:000000000-G35DK:1:2101:25906:20861	extended_3UTR_DCG_Soc1_w_forward_primer	95.455	66	1	1	1	64	37	102	8.22e-28	104
M03997:68:000000000-G35DK:1:1101:16218:20444	extended_3UTR_DCG_Soc1_w_forward_primer	79.545	132	27	0	37	168	73	204	6.82e-31	116
M03997:68:000000000-G35DK:1:1101:21035:4842	extended_3UTR_DCG_Soc1_w_forward_primer	100.000	21	0	0	1	21	5	25	1.20e-08	39.2
M03997:68:000000000-G35DK:1:2104:15106:24788	extended_3UTR_DCG_Soc1_w_forward_primer	100.000	18	0	0	1	18	7	24	4.90e-07	33.7
M03997:68:000000000-G35DK:1:2104:12141:17638	extended_3UTR_DCG_Soc1_w_forward_primer	100.000	106	0	0	1	106	7	112	3.59e-54	192
M03997:68:000000000-G35DK:1:1101:9508:21379	extended_3UTR_DCG_Soc1_w_forward_primer	100.000	44	0	0	1	44	78	121	6.16e-21	80.6
M03997:68:000000000-G35DK:1:2101:16409:3706	extended_3UTR_DCG_Soc1_w_forward_primer	100.000	51	0	0	1	51	58	108	1.13e-24	93.3
M03997:68:000000000-G35DK:1:1104:24436:7276	extended_3UTR_DCG_Soc1_w_forward_primer	100.000	18	0	0	1	18	7	24	2.57e-06	33.7
M03997:68:000000000-G35DK:1:1103:18936:16524	extended_3UTR_DCG_Soc1_w_forward_primer	100.000	20	0	0	1	20	5	24	8.93e-08	37.4
M03997:68:000000000-G35DK:1:1103:6940:14069	extended_3UTR_DCG_Soc1_w_forward_primer	100.000	18	0	0	1	18	7	24	1.09e-06	33.7
M03997:68:000000000-G35DK:1:1102:17533:24183	extended_3UTR_DCG_Soc1_w_forward_primer	100.000	22	0	0	1	22	5	26	3.15e-09	41.0
M03997:68:000000000-G35DK:1:1101:24272:5750	extended_3UTR_DCG_Soc1_w_forward_primer	100.000	17	0	0	1	17	8	24	2.80e-06	31.9
M03997:68:000000000-G35DK:1:1104:20581:14245	extended_3UTR_DCG_Soc1_w_forward_primer	100.000	18	0	0	1	18	7	24	5.12e-07	33.7
M03997:68:000000000-G35DK:1:1104:16525:19580	extended_3UTR_DCG_Soc1_w_forward_primer	100.000	20	0	0	1	20	7	26	3.48e-08	37.4
M03997:68:000000000-G35DK:1:1101:15738:6900	extended_3UTR_DCG_Soc1_w_forward_primer	97.727	44	1	0	1	44	29	72	2.62e-19	75.2
M03997:68:000000000-G35DK:1:2101:25291:16410	extended_3UTR_DCG_Soc1_w_forward_primer	100.000	100	0	0	1	100	37	136	6.17e-51	181
M03997:68:000000000-G35DK:1:2102:24882:21746	extended_3UTR_DCG_Soc1_w_forward_primer	98.990	99	0	1	1	98	54	152	1.09e-47	170
M03997:68:000000000-G35DK:1:1101:22081:18483	extended_3UTR_DCG_Soc1_w_forward_primer	100.000	19	0	0	1	19	7	25	1.91e-07	35.6
M03997:68:000000000-G35DK:1:2103:14115:20493	extended_3UTR_DCG_Soc1_w_forward_primer	100.000	20	0	0	1	20	5	24	2.42e-07	37.4
M03997:68:000000000-G35DK:1:1101:20282:23877	extended_3UTR_DCG_Soc1_w_forward_primer	100.000	44	0	0	1	44	62	105	6.16e-21	80.6
M03997:68:000000000-G35DK:1:1101:7015:21387	extended_3UTR_DCG_Soc1_w_forward_primer	100.000	20	0	0	1	20	7	26	2.03e-07	37.4
M03997:68:000000000-G35DK:1:1103:11141:18903	extended_3UTR_DCG_Soc1_w_forward_primer	100.000	130	0	0	1	130	29	158	4.20e-67	235
M03997:68:000000000-G35DK:1:1102:13729:2844	extended_3UTR_DCG_Soc1_w_forward_primer	100.000	18	0	0	1	18	23	40	7.57e-07	33.7
M03997:68:000000000-G35DK:1:2103:19816:24698	extended_3UTR_DCG_Soc1_w_forward_primer	100.000	102	0	0	1	102	13	114	5.10e-52	185
M03997:68:000000000-G35DK:1:1104:7924:12132	extended_3UTR_DCG_Soc1_w_forward_primer	100.000	21	0	0	35	55	1	21	2.40e-08	39.2
M03997:68:000000000-G35DK:1:1102:8032:11001	extended_3UTR_DCG_Soc1_w_forward_primer	98.913	92	1	0	1	92	23	114	5.27e-45	161
M03997:68:000000000-G35DK:1:2102:9568:22380	extended_3UTR_DCG_Soc1_w_forward_primer	100.000	18	0	0	1	18	7	24	2.04e-06	33.7
M03997:68:000000000-G35DK:1:2103:10094:12339	extended_3UTR_DCG_Soc1_w_forward_primer	100.000	47	0	0	1	47	64	110	1.57e-22	86.0
M03997:68:000000000-G35DK:1:1102:17495:11450	extended_3UTR_DCG_Soc1_w_forward_primer	100.000	21	0	0	1	21	5	25	1.47e-08	39.2
M03997:68:000000000-G35DK:1:2102:7285:15501	extended_3UTR_DCG_Soc1_w_forward_primer	100.000	17	0	0	1	17	8	24	5.73e-06	31.9
M03997:68:000000000-G35DK:1:2102:24177:7456	extended_3UTR_DCG_Soc1_w_forward_primer	100.000	60	0	0	1	60	19	78	1.79e-29	109
M03997:68:000000000-G35DK:1:1103:3398:14510	extended_3UTR_DCG_Soc1_w_forward_primer	100.000	19	0	0	1	19	7	25	4.01e-07	35.6
M03997:68:000000000-G35DK:1:2104:20032:16326	extended_3UTR_DCG_Soc1_w_forward_primer	100.000	19	0	0	1	19	7	25	1.91e-07	35.6
M03997:68:000000000-G35DK:1:2102:20447:5085	extended_3UTR_DCG_Soc1_w_forward_primer	100.000	18	0	0	1	18	7	24	6.90e-07	33.7
M03997:68:000000000-G35DK:1:2102:13632:14177	extended_3UTR_DCG_Soc1_w_forward_primer	100.000	18	0	0	1	18	7	24	7.13e-07	33.7
M03997:68:000000000-G35DK:1:2101:16305:22078	extended_3UTR_DCG_Soc1_w_forward_primer	98.413	63	1	0	1	63	58	120	1.01e-28	109
M03997:68:000000000-G35DK:1:1103:8457:23984	extended_3UTR_DCG_Soc1_w_forward_primer	100.000	46	0	0	1	46	62	107	5.34e-22	84.2
M03997:68:000000000-G35DK:1:1103:17975:24849	extended_3UTR_DCG_Soc1_w_forward_primer	100.000	36	0	0	1	36	13	48	1.05e-16	66.2
M03997:68:000000000-G35DK:1:1104:17249:20599	extended_3UTR_DCG_Soc1_w_forward_primer	100.000	46	0	0	1	46	62	107	5.34e-22	84.2
M03997:68:000000000-G35DK:1:1101:17087:20803	extended_3UTR_DCG_Soc1_w_forward_primer	100.000	21	0	0	37	57	1	21	2.51e-08	39.2
M03997:68:000000000-G35DK:1:2101:24572:15319	extended_3UTR_DCG_Soc1_w_forward_primer	100.000	59	0	0	1	59	12	70	6.13e-29	107
M03997:68:000000000-G35DK:1:1102:21391:22631	extended_3UTR_DCG_Soc1_w_forward_primer	100.000	18	0	0	1	18	7	24	6.40e-06	33.7
M03997:68:000000000-G35DK:1:2103:12768:19965	extended_3UTR_DCG_Soc1_w_forward_primer	97.222	36	1	0	5	40	56	91	5.13e-15	60.8
M03997:68:000000000-G35DK:1:2102:11979:12841	extended_3UTR_DCG_Soc1_w_forward_primer	100.000	18	0	0	1	18	7	24	1.93e-06	33.7
M03997:68:000000000-G35DK:1:1101:21823:17330	extended_3UTR_DCG_Soc1_w_forward_primer	100.000	22	0	0	1	22	5	26	2.85e-09	41.0
M03997:68:000000000-G35DK:1:1102:23319:20584	extended_3UTR_DCG_Soc1_w_forward_primer	98.276	58	1	0	1	58	13	70	8.92e-27	100
M03997:68:000000000-G35DK:1:2104:18498:19531	extended_3UTR_DCG_Soc1_w_forward_primer	100.000	20	0	0	1	20	7	26	3.48e-08	37.4
M03997:68:000000000-G35DK:1:1104:14021:18966	extended_3UTR_DCG_Soc1_w_forward_primer	100.000	21	0	0	1	21	5	25	1.83e-08	39.2
M03997:68:000000000-G35DK:1:2102:12165:16071	extended_3UTR_DCG_Soc1_w_forward_primer	100.000	42	0	0	1	42	74	115	7.08e-20	77.0
M03997:68:000000000-G35DK:1:2103:12767:10849	extended_3UTR_DCG_Soc1_w_forward_primer	98.901	91	1	0	1	91	31	121	1.82e-44	159
M03997:68:000000000-G35DK:1:2104:25767:22305	extended_3UTR_DCG_Soc1_w_forward_primer	100.000	44	0	0	1	44	13	56	6.16e-21	80.6
M03997:68:000000000-G35DK:1:1102:24059:15354	extended_3UTR_DCG_Soc1_w_forward_primer	98.462	65	1	0	1	65	106	170	2.22e-30	113
M03997:68:000000000-G35DK:1:1104:10691:17041	extended_3UTR_DCG_Soc1_w_forward_primer	100.000	18	0	0	1	18	10	27	6.40e-06	33.7
M03997:68:000000000-G35DK:1:2101:23757:16557	extended_3UTR_DCG_Soc1_w_forward_primer	100.000	20	0	0	1	20	5	24	4.75e-08	37.4
M03997:68:000000000-G35DK:1:2101:26388:24295	extended_3UTR_DCG_Soc1_w_forward_primer	95.652	23	1	0	78	100	2	24	5.25e-07	37.4
M03997:68:000000000-G35DK:1:2102:28981:12682	extended_3UTR_DCG_Soc1_w_forward_primer	100.000	17	0	0	1	17	10	26	1.48e-06	31.9
M03997:68:000000000-G35DK:1:1103:10801:17229	extended_3UTR_DCG_Soc1_w_forward_primer	100.000	42	0	0	1	42	29	70	7.08e-20	77.0
M03997:68:000000000-G35DK:1:1104:12677:20020	extended_3UTR_DCG_Soc1_w_forward_primer	100.000	17	0	0	1	17	8	24	1.63e-06	31.9
M03997:68:000000000-G35DK:1:2102:15622:13412	extended_3UTR_DCG_Soc1_w_forward_primer	100.000	77	0	0	1	77	29	105	1.41e-38	140
M03997:68:000000000-G35DK:1:2102:14158:17148	extended_3UTR_DCG_Soc1_w_forward_primer	100.000	63	0	0	1	63	58	120	2.38e-30	114
M03997:68:000000000-G35DK:1:1102:18014:14517	extended_3UTR_DCG_Soc1_w_forward_primer	99.270	137	1	0	1	137	72	208	6.81e-69	242
M03997:68:000000000-G35DK:1:2102:21379:13982	extended_3UTR_DCG_Soc1_w_forward_primer	100.000	53	0	0	1	53	13	65	6.39e-25	96.9
M03997:68:000000000-G35DK:1:2101:19140:26849	extended_3UTR_DCG_Soc1_w_forward_primer	100.000	87	0	0	1	87	26	112	6.03e-44	158
M03997:68:000000000-G35DK:1:2103:23447:9053	extended_3UTR_DCG_Soc1_w_forward_primer	76.190	42	5	1	1	42	13	49	4.11e-06	31.9
M03997:68:000000000-G35DK:1:2102:18055:9863	extended_3UTR_DCG_Soc1_w_forward_primer	100.000	20	0	0	1	20	7	26	5.85e-08	37.4
M03997:68:000000000-G35DK:1:2104:15196:13499	extended_3UTR_DCG_Soc1_w_forward_primer	100.000	59	0	0	1	59	52	110	6.13e-29	107
M03997:68:000000000-G35DK:1:2103:25284:8844	extended_3UTR_DCG_Soc1_w_forward_primer	100.000	21	0	0	41	61	1	21	2.71e-08	39.2
M03997:68:000000000-G35DK:1:2104:12712:7290	extended_3UTR_DCG_Soc1_w_forward_primer	100.000	49	0	0	1	49	58	106	1.35e-23	89.7
M03997:68:000000000-G35DK:1:1103:9794:16887	extended_3UTR_DCG_Soc1_w_forward_primer	98.701	77	1	0	1	77	15	91	6.00e-37	134
M03997:68:000000000-G35DK:1:1102:15396:5167	extended_3UTR_DCG_Soc1_w_forward_primer	100.000	95	0	0	1	95	13	107	3.02e-48	172
M03997:68:000000000-G35DK:1:2104:17224:13257	extended_3UTR_DCG_Soc1_w_forward_primer	100.000	94	0	0	1	94	13	106	1.04e-47	170
M03997:68:000000000-G35DK:1:2103:6707:7256	extended_3UTR_DCG_Soc1_w_forward_primer	100.000	20	0	0	1	20	7	26	1.35e-07	37.4
M03997:68:000000000-G35DK:1:2104:4576:19307	extended_3UTR_DCG_Soc1_w_forward_primer	100.000	17	0	0	1	17	8	24	2.33e-06	31.9
M03997:68:000000000-G35DK:1:1104:3611:16065	extended_3UTR_DCG_Soc1_w_forward_primer	100.000	18	0	0	1	18	7	24	2.68e-06	33.7
M03997:68:000000000-G35DK:1:2102:12591:10853	extended_3UTR_DCG_Soc1_w_forward_primer	100.000	79	0	0	1	79	75	153	1.52e-39	143
M03997:68:000000000-G35DK:1:1103:4939:20744	extended_3UTR_DCG_Soc1_w_forward_primer	100.000	66	0	0	1	66	56	121	1.11e-32	120
M03997:68:000000000-G35DK:1:1101:18871:23900	extended_3UTR_DCG_Soc1_w_forward_primer	97.561	41	1	0	1	41	42	82	1.02e-17	69.8
M03997:68:000000000-G35DK:1:2101:6384:13321	extended_3UTR_DCG_Soc1_w_forward_primer	100.000	52	0	0	1	52	13	64	3.33e-25	95.1
M03997:68:000000000-G35DK:1:2103:8265:22059	extended_3UTR_DCG_Soc1_w_forward_primer	100.000	22	0	0	1	22	5	26	7.48e-09	41.0
M03997:68:000000000-G35DK:1:2103:6192:20867	extended_3UTR_DCG_Soc1_w_forward_primer	100.000	38	0	0	1	38	13	50	9.28e-18	69.8
M03997:68:000000000-G35DK:1:2101:27180:14534	extended_3UTR_DCG_Soc1_w_forward_primer	100.000	37	0	0	1	37	54	90	3.10e-16	68.0
M03997:68:000000000-G35DK:1:1103:9829:8452	extended_3UTR_DCG_Soc1_w_forward_primer	100.000	22	0	0	1	22	5	26	8.38e-09	41.0
M03997:68:000000000-G35DK:1:1101:25538:6661	extended_3UTR_DCG_Soc1_w_forward_primer	98.718	78	1	0	1	78	56	133	1.74e-37	136
M03997:68:000000000-G35DK:1:2103:23996:15784	extended_3UTR_DCG_Soc1_w_forward_primer	100.000	53	0	0	1	53	91	143	9.76e-26	96.9
M03997:68:000000000-G35DK:1:2101:17193:3994	extended_3UTR_DCG_Soc1_w_forward_primer	100.000	87	0	0	1	87	19	105	6.03e-44	158
M03997:68:000000000-G35DK:1:1103:4651:10923	extended_3UTR_DCG_Soc1_w_forward_primer	100.000	17	0	0	1	17	8	24	2.88e-06	31.9
M03997:68:000000000-G35DK:1:1103:10244:27315	extended_3UTR_DCG_Soc1_w_forward_primer	100.000	48	0	0	1	48	13	60	4.61e-23	87.8
M03997:68:000000000-G35DK:1:1101:23833:9571	extended_3UTR_DCG_Soc1_w_forward_primer	100.000	19	0	0	1	19	72	90	1.85e-07	35.6
M03997:68:000000000-G35DK:1:2103:10898:18366	extended_3UTR_DCG_Soc1_w_forward_primer	100.000	17	0	0	1	17	8	24	3.56e-06	31.9
M03997:68:000000000-G35DK:1:2103:10321:3546	extended_3UTR_DCG_Soc1_w_forward_primer	100.000	83	0	0	1	83	23	105	8.49e-42	150
M03997:68:000000000-G35DK:1:2102:9406:10283	extended_3UTR_DCG_Soc1_w_forward_primer	100.000	93	0	0	1	93	29	121	3.59e-47	168
M03997:68:000000000-G35DK:1:1101:13949:28968	extended_3UTR_DCG_Soc1_w_forward_primer	99.057	106	1	0	1	106	7	112	1.53e-52	187
M03997:68:000000000-G35DK:1:1103:6040:8092	extended_3UTR_DCG_Soc1_w_forward_primer	100.000	45	0	0	1	45	97	141	1.81e-21	82.4
M03997:68:000000000-G35DK:1:1104:13872:6818	extended_3UTR_DCG_Soc1_w_forward_primer	100.000	60	0	0	1	60	62	121	1.79e-29	109
M03997:68:000000000-G35DK:1:2102:22322:10919	extended_3UTR_DCG_Soc1_w_forward_primer	100.000	16	0	0	1	16	11	26	5.17e-06	30.1
M03997:68:000000000-G35DK:1:2101:22302:14522	extended_3UTR_DCG_Soc1_w_forward_primer	100.000	132	0	0	1	132	31	162	3.56e-68	239
M03997:68:000000000-G35DK:1:1101:15019:27218	extended_3UTR_DCG_Soc1_w_forward_primer	100.000	76	0	0	1	76	37	112	4.85e-38	138
M03997:68:000000000-G35DK:1:2103:10699:18416	extended_3UTR_DCG_Soc1_w_forward_primer	100.000	21	0	0	1	21	5	25	3.55e-08	39.2
M03997:68:000000000-G35DK:1:1104:23138:12546	extended_3UTR_DCG_Soc1_w_forward_primer	100.000	88	0	0	1	88	13	100	1.75e-44	159
M03997:68:000000000-G35DK:1:1102:7636:4661	extended_3UTR_DCG_Soc1_w_forward_primer	100.000	20	0	0	1	20	5	24	3.47e-08	37.4
M03997:68:000000000-G35DK:1:2101:28045:11961	extended_3UTR_DCG_Soc1_w_forward_primer	95.833	24	1	0	1	24	5	28	1.41e-08	39.2
M03997:68:000000000-G35DK:1:2104:18310:17417	extended_3UTR_DCG_Soc1_w_forward_primer	100.000	20	0	0	1	20	5	24	6.03e-08	37.4
M03997:68:000000000-G35DK:1:1101:27151:16887	extended_3UTR_DCG_Soc1_w_forward_primer	100.000	52	0	0	1	52	13	64	3.48e-25	95.1
M03997:68:000000000-G35DK:1:1103:20577:12693	extended_3UTR_DCG_Soc1_w_forward_primer	100.000	109	0	0	1	109	13	121	8.70e-56	197
M03997:68:000000000-G35DK:1:1102:7707:14305	extended_3UTR_DCG_Soc1_w_forward_primer	99.398	166	1	0	1	166	13	178	6.64e-85	295
M03997:68:000000000-G35DK:1:2101:19467:24925	extended_3UTR_DCG_Soc1_w_forward_primer	100.000	52	0	0	1	52	13	64	3.33e-25	95.1
M03997:68:000000000-G35DK:1:1104:9183:14849	extended_3UTR_DCG_Soc1_w_forward_primer	100.000	90	0	0	1	90	37	126	1.47e-45	163
M03997:68:000000000-G35DK:1:2101:16897:21397	extended_3UTR_DCG_Soc1_w_forward_primer	100.000	20	0	0	1	20	5	24	1.26e-07	37.4
M03997:68:000000000-G35DK:1:1104:11164:23681	extended_3UTR_DCG_Soc1_w_forward_primer	100.000	18	0	0	1	18	7	24	1.62e-06	33.7
M03997:68:000000000-G35DK:1:1104:17666:22866	extended_3UTR_DCG_Soc1_w_forward_primer	100.000	18	0	0	1	18	7	24	6.40e-06	33.7
M03997:68:000000000-G35DK:1:2102:22111:23217	extended_3UTR_DCG_Soc1_w_forward_primer	100.000	78	0	0	1	78	56	133	4.10e-39	141
M03997:68:000000000-G35DK:1:1102:22619:16673	extended_3UTR_DCG_Soc1_w_forward_primer	100.000	113	0	0	1	113	26	138	6.10e-58	205
M03997:68:000000000-G35DK:1:2102:14973:28607	extended_3UTR_DCG_Soc1_w_forward_primer	100.000	112	0	0	1	112	15	126	2.11e-57	203
M03997:68:000000000-G35DK:1:1101:21991:8736	extended_3UTR_DCG_Soc1_w_forward_primer	98.611	72	1	0	1	72	50	121	2.88e-34	125
M03997:68:000000000-G35DK:1:1102:21349:14743	extended_3UTR_DCG_Soc1_w_forward_primer	100.000	18	0	0	1	18	7	24	1.69e-06	33.7
M03997:68:000000000-G35DK:1:1102:5010:17715	extended_3UTR_DCG_Soc1_w_forward_primer	100.000	18	0	0	1	18	7	24	2.66e-06	33.7
M03997:68:000000000-G35DK:1:1101:13209:27497	extended_3UTR_DCG_Soc1_w_forward_primer	100.000	18	0	0	1	18	7	24	7.13e-07	33.7
M03997:68:000000000-G35DK:1:2102:12379:12625	extended_3UTR_DCG_Soc1_w_forward_primer	98.667	75	1	0	1	75	52	126	7.10e-36	131
M03997:68:000000000-G35DK:1:1103:19395:16727	extended_3UTR_DCG_Soc1_w_forward_primer	100.000	60	0	0	1	60	56	115	1.79e-29	109
M03997:68:000000000-G35DK:1:1104:4057:8580	extended_3UTR_DCG_Soc1_w_forward_primer	100.000	40	0	0	1	40	7	46	8.12e-19	73.4
M03997:68:000000000-G35DK:1:1104:16009:8691	extended_3UTR_DCG_Soc1_w_forward_primer	100.000	28	0	0	1	28	7	34	1.66e-12	51.8
M03997:68:000000000-G35DK:1:2104:20521:19695	extended_3UTR_DCG_Soc1_w_forward_primer	100.000	16	0	0	1	16	10	25	8.41e-06	30.1
M03997:68:000000000-G35DK:1:1102:7029:21402	extended_3UTR_DCG_Soc1_w_forward_primer	97.500	40	1	0	1	40	68	107	3.45e-17	68.0
M03997:68:000000000-G35DK:1:2104:17031:10909	extended_3UTR_DCG_Soc1_w_forward_primer	100.000	20	0	0	1	20	5	24	3.47e-08	37.4
M03997:68:000000000-G35DK:1:2102:23028:8886	extended_3UTR_DCG_Soc1_w_forward_primer	97.753	89	2	0	1	89	50	138	2.63e-42	152
M03997:68:000000000-G35DK:1:2104:9672:22103	extended_3UTR_DCG_Soc1_w_forward_primer	100.000	32	0	0	1	32	99	130	2.18e-14	59.0
M03997:68:000000000-G35DK:1:2104:18408:19544	extended_3UTR_DCG_Soc1_w_forward_primer	100.000	42	0	0	1	42	104	145	7.08e-20	77.0
M03997:68:000000000-G35DK:1:2104:26330:15051	extended_3UTR_DCG_Soc1_w_forward_primer	100.000	41	0	0	1	41	10	50	2.40e-19	75.2
M03997:68:000000000-G35DK:1:2101:11465:25999	extended_3UTR_DCG_Soc1_w_forward_primer	100.000	71	0	0	1	71	37	107	2.33e-35	129
M03997:68:000000000-G35DK:1:2103:12377:8212	extended_3UTR_DCG_Soc1_w_forward_primer	100.000	33	0	0	1	33	13	45	4.00e-15	60.8
M03997:68:000000000-G35DK:1:2101:13616:7444	extended_3UTR_DCG_Soc1_w_forward_primer	100.000	17	0	0	1	17	8	24	1.63e-06	31.9
M03997:68:000000000-G35DK:1:1102:6333:11613	extended_3UTR_DCG_Soc1_w_forward_primer	98.148	108	0	1	1	106	8	115	1.86e-51	183
M03997:68:000000000-G35DK:1:2103:15443:20873	extended_3UTR_DCG_Soc1_w_forward_primer	100.000	69	0	0	1	69	23	91	2.74e-34	125
M03997:68:000000000-G35DK:1:2101:26171:6549	extended_3UTR_DCG_Soc1_w_forward_primer	100.000	21	0	0	32	52	1	21	2.24e-08	39.2
M03997:68:000000000-G35DK:1:1104:25565:14612	extended_3UTR_DCG_Soc1_w_forward_primer	100.000	22	0	0	1	22	5	26	4.31e-08	41.0
M03997:68:000000000-G35DK:1:1102:26762:23658	extended_3UTR_DCG_Soc1_w_forward_primer	100.000	18	0	0	1	18	7	24	1.98e-06	33.7
M03997:68:000000000-G35DK:1:1102:23974:16488	extended_3UTR_DCG_Soc1_w_forward_primer	100.000	44	0	0	1	44	48	91	6.16e-21	80.6
M03997:68:000000000-G35DK:1:1104:21871:6392	extended_3UTR_DCG_Soc1_w_forward_primer	100.000	85	0	0	1	85	23	107	7.16e-43	154
M03997:68:000000000-G35DK:1:1102:24667:16899	extended_3UTR_DCG_Soc1_w_forward_primer	100.000	18	0	0	1	18	7	24	1.38e-06	33.7
M03997:68:000000000-G35DK:1:1101:20794:21982	extended_3UTR_DCG_Soc1_w_forward_primer	100.000	109	0	0	1	109	13	121	8.70e-56	197
M03997:68:000000000-G35DK:1:1103:18774:24196	extended_3UTR_DCG_Soc1_w_forward_primer	99.145	117	1	0	1	117	17	133	1.82e-58	206
M03997:68:000000000-G35DK:1:2102:15745:19505	extended_3UTR_DCG_Soc1_w_forward_primer	100.000	53	0	0	1	53	83	135	9.76e-26	96.9
M03997:68:000000000-G35DK:1:2103:9943:9855	extended_3UTR_DCG_Soc1_w_forward_primer	100.000	52	0	0	1	52	104	155	5.65e-25	95.1
M03997:68:000000000-G35DK:1:1104:10374:25495	extended_3UTR_DCG_Soc1_w_forward_primer	100.000	18	0	0	1	18	7	24	5.34e-07	33.7
M03997:68:000000000-G35DK:1:1104:20825:8397	extended_3UTR_DCG_Soc1_w_forward_primer	100.000	70	0	0	1	70	13	82	7.99e-35	127
M03997:68:000000000-G35DK:1:1103:21272:22956	extended_3UTR_DCG_Soc1_w_forward_primer	100.000	18	0	0	1	18	7	24	7.57e-07	33.7
M03997:68:000000000-G35DK:1:2101:17936:22205	extended_3UTR_DCG_Soc1_w_forward_primer	100.000	91	0	0	1	91	23	113	4.27e-46	165
M03997:68:000000000-G35DK:1:2101:21948:15576	extended_3UTR_DCG_Soc1_w_forward_primer	100.000	95	0	0	1	95	27	121	3.02e-48	172
M03997:68:000000000-G35DK:1:1104:9403:20769	extended_3UTR_DCG_Soc1_w_forward_primer	100.000	17	0	0	1	17	8	24	1.48e-06	31.9
M03997:68:000000000-G35DK:1:1101:5266:19735	extended_3UTR_DCG_Soc1_w_forward_primer	100.000	56	0	0	1	56	5	60	2.45e-27	102
M03997:68:000000000-G35DK:1:1103:18461:25669	extended_3UTR_DCG_Soc1_w_forward_primer	99.180	122	1	0	1	122	15	136	3.67e-61	215
M03997:68:000000000-G35DK:1:1102:12017:21894	extended_3UTR_DCG_Soc1_w_forward_primer	100.000	79	0	0	1	79	37	115	1.19e-39	143
M03997:68:000000000-G35DK:1:1104:10217:6591	extended_3UTR_DCG_Soc1_w_forward_primer	100.000	18	0	0	1	18	7	24	1.38e-06	33.7
M03997:68:000000000-G35DK:1:2102:20049:13987	extended_3UTR_DCG_Soc1_w_forward_primer	99.153	118	1	0	1	118	26	143	5.25e-59	208
M03997:68:000000000-G35DK:1:1101:27041:15834	extended_3UTR_DCG_Soc1_w_forward_primer	100.000	66	0	0	1	66	99	164	1.11e-32	120
M03997:68:000000000-G35DK:1:2103:18667:6827	extended_3UTR_DCG_Soc1_w_forward_primer	100.000	18	0	0	1	18	7	24	4.90e-07	33.7
M03997:68:000000000-G35DK:1:1101:23494:20741	extended_3UTR_DCG_Soc1_w_forward_primer	100.000	84	0	0	1	84	83	166	9.48e-42	152
M03997:68:000000000-G35DK:1:2102:22755:6076	extended_3UTR_DCG_Soc1_w_forward_primer	100.000	17	0	0	1	17	8	24	6.28e-06	31.9
M03997:68:000000000-G35DK:1:2102:28407:20619	extended_3UTR_DCG_Soc1_w_forward_primer	97.403	77	2	0	1	77	50	126	7.31e-36	131
M03997:68:000000000-G35DK:1:1103:7341:7182	extended_3UTR_DCG_Soc1_w_forward_primer	95.238	42	2	0	1	42	5	46	3.67e-17	68.0
M03997:68:000000000-G35DK:1:1102:21703:8868	extended_3UTR_DCG_Soc1_w_forward_primer	100.000	20	0	0	1	20	5	24	8.02e-08	37.4
M03997:68:000000000-G35DK:1:2103:10125:12889	extended_3UTR_DCG_Soc1_w_forward_primer	100.000	18	0	0	1	18	7	24	6.40e-06	33.7
M03997:68:000000000-G35DK:1:1104:10425:22822	extended_3UTR_DCG_Soc1_w_forward_primer	100.000	18	0	0	38	55	1	18	1.02e-06	33.7
M03997:68:000000000-G35DK:1:2103:17915:26904	extended_3UTR_DCG_Soc1_w_forward_primer	100.000	147	0	0	1	147	13	159	2.83e-76	266
M03997:68:000000000-G35DK:1:1102:15281:3646	extended_3UTR_DCG_Soc1_w_forward_primer	100.000	20	0	0	1	20	5	24	3.84e-08	37.4
M03997:68:000000000-G35DK:1:1101:9294:25574	extended_3UTR_DCG_Soc1_w_forward_primer	98.182	55	1	0	1	55	37	91	3.56e-25	95.1
M03997:68:000000000-G35DK:1:1104:10188:4724	extended_3UTR_DCG_Soc1_w_forward_primer	98.246	57	1	0	1	57	56	112	3.05e-26	98.7
M03997:68:000000000-G35DK:1:1103:8977:4144	extended_3UTR_DCG_Soc1_w_forward_primer	100.000	18	0	0	1	18	7	24	8.24e-07	33.7
M03997:68:000000000-G35DK:1:1101:12951:9421	extended_3UTR_DCG_Soc1_w_forward_primer	100.000	26	0	0	40	65	1	26	5.64e-11	48.2
M03997:68:000000000-G35DK:1:2103:11267:27816	extended_3UTR_DCG_Soc1_w_forward_primer	100.000	18	0	0	1	18	7	24	6.29e-06	33.7
M03997:68:000000000-G35DK:1:2102:24292:23888	extended_3UTR_DCG_Soc1_w_forward_primer	100.000	18	0	0	1	18	7	24	6.40e-06	33.7
M03997:68:000000000-G35DK:1:2104:20670:18246	extended_3UTR_DCG_Soc1_w_forward_primer	100.000	17	0	0	1	17	8	24	5.73e-06	31.9
M03997:68:000000000-G35DK:1:2101:9382:9147	extended_3UTR_DCG_Soc1_w_forward_primer	100.000	22	0	0	1	22	5	26	4.31e-08	41.0
M03997:68:000000000-G35DK:1:1102:19964:17622	extended_3UTR_DCG_Soc1_w_forward_primer	100.000	50	0	0	1	50	102	151	3.97e-24	91.5
M03997:68:000000000-G35DK:1:1101:13993:21056	extended_3UTR_DCG_Soc1_w_forward_primer	100.000	17	0	0	1	17	8	24	4.88e-06	31.9
M03997:68:000000000-G35DK:1:2102:18792:10806	extended_3UTR_DCG_Soc1_w_forward_primer	100.000	20	0	0	1	20	7	26	8.38e-08	37.4
M03997:68:000000000-G35DK:1:1103:22317:25468	extended_3UTR_DCG_Soc1_w_forward_primer	100.000	31	0	0	1	31	15	45	4.49e-14	57.2
M03997:68:000000000-G35DK:1:1101:22989:6538	extended_3UTR_DCG_Soc1_w_forward_primer	100.000	83	0	0	1	83	23	105	8.49e-42	150
M03997:68:000000000-G35DK:1:2102:19648:22500	extended_3UTR_DCG_Soc1_w_forward_primer	100.000	54	0	0	1	54	13	66	2.86e-26	98.7
M03997:68:000000000-G35DK:1:2102:9310:9862	extended_3UTR_DCG_Soc1_w_forward_primer	100.000	21	0	0	41	61	1	21	2.71e-08	39.2
M03997:68:000000000-G35DK:1:2103:12561:14418	extended_3UTR_DCG_Soc1_w_forward_primer	100.000	21	0	0	1	21	5	25	2.40e-08	39.2
M03997:68:000000000-G35DK:1:1102:8980:25957	extended_3UTR_DCG_Soc1_w_forward_primer	96.970	66	2	0	1	66	10	75	5.74e-30	111
M03997:68:000000000-G35DK:1:1101:7350:25281	extended_3UTR_DCG_Soc1_w_forward_primer	100.000	40	0	0	1	40	113	152	8.12e-19	73.4
M03997:68:000000000-G35DK:1:2102:26331:22358	extended_3UTR_DCG_Soc1_w_forward_primer	100.000	30	0	0	1	30	104	133	1.50e-13	55.4
M03997:68:000000000-G35DK:1:2102:8430:7009	extended_3UTR_DCG_Soc1_w_forward_primer	98.261	115	0	1	1	113	12	126	8.87e-55	196
M03997:68:000000000-G35DK:1:1103:12689:19021	extended_3UTR_DCG_Soc1_w_forward_primer	100.000	57	0	0	1	57	110	166	9.86e-28	104
M03997:68:000000000-G35DK:1:1102:4103:20503	extended_3UTR_DCG_Soc1_w_forward_primer	100.000	68	0	0	1	68	13	80	9.41e-34	123
M03997:68:000000000-G35DK:1:2104:10482:12218	extended_3UTR_DCG_Soc1_w_forward_primer	100.000	19	0	0	1	19	8	26	1.79e-07	35.6
M03997:68:000000000-G35DK:1:2101:20415:23297	extended_3UTR_DCG_Soc1_w_forward_primer	100.000	64	0	0	1	64	58	121	1.30e-31	116
M03997:68:000000000-G35DK:1:1102:12479:27557	extended_3UTR_DCG_Soc1_w_forward_primer	100.000	59	0	0	1	59	8	66	6.13e-29	107
M03997:68:000000000-G35DK:1:1103:6012:13486	extended_3UTR_DCG_Soc1_w_forward_primer	95.455	22	1	0	15	36	3	24	1.83e-06	35.6
M03997:68:000000000-G35DK:1:2104:13792:22194	extended_3UTR_DCG_Soc1_w_forward_primer	100.000	18	0	0	1	18	7	24	1.82e-06	33.7
M03997:68:000000000-G35DK:1:2102:21177:11003	extended_3UTR_DCG_Soc1_w_forward_primer	100.000	20	0	0	1	20	7	26	5.25e-07	37.4
M03997:68:000000000-G35DK:1:1103:27310:22458	extended_3UTR_DCG_Soc1_w_forward_primer	100.000	105	0	0	1	105	58	162	3.77e-53	190
M03997:68:000000000-G35DK:1:2104:23703:16368	extended_3UTR_DCG_Soc1_w_forward_primer	100.000	87	0	0	1	87	26	112	6.03e-44	158
M03997:68:000000000-G35DK:1:2101:22245:14251	extended_3UTR_DCG_Soc1_w_forward_primer	100.000	46	0	0	1	46	37	82	5.34e-22	84.2
M03997:68:000000000-G35DK:1:2101:2344:17679	extended_3UTR_DCG_Soc1_w_forward_primer	91.667	24	2	0	57	80	1	24	4.64e-07	35.6
M03997:68:000000000-G35DK:1:1102:19328:14888	extended_3UTR_DCG_Soc1_w_forward_primer	97.674	86	0	1	1	84	20	105	1.28e-39	143
M03997:68:000000000-G35DK:1:2104:27301:20093	extended_3UTR_DCG_Soc1_w_forward_primer	100.000	58	0	0	1	58	74	131	2.10e-28	105
M03997:68:000000000-G35DK:1:1103:12424:16849	extended_3UTR_DCG_Soc1_w_forward_primer	100.000	79	0	0	1	79	37	115	1.19e-39	143
M03997:68:000000000-G35DK:1:1102:7929:26173	extended_3UTR_DCG_Soc1_w_forward_primer	100.000	19	0	0	1	19	7	25	3.05e-07	35.6
M03997:68:000000000-G35DK:1:2104:9456:4319	extended_3UTR_DCG_Soc1_w_forward_primer	100.000	19	0	0	1	19	7	25	1.83e-06	35.6
M03997:68:000000000-G35DK:1:1104:3964:8099	extended_3UTR_DCG_Soc1_w_forward_primer	100.000	53	0	0	1	53	58	110	9.76e-26	96.9
M03997:68:000000000-G35DK:1:1101:22542:5196	extended_3UTR_DCG_Soc1_w_forward_primer	100.000	96	0	0	1	96	15	110	8.75e-49	174
M03997:68:000000000-G35DK:1:1102:9132:10297	extended_3UTR_DCG_Soc1_w_forward_primer	76.190	42	5	1	1	42	13	49	6.74e-06	31.9
M03997:68:000000000-G35DK:1:1102:20128:11557	extended_3UTR_DCG_Soc1_w_forward_primer	100.000	39	0	0	1	39	12	50	2.75e-18	71.6
M03997:68:000000000-G35DK:1:2101:18043:8015	extended_3UTR_DCG_Soc1_w_forward_primer	98.925	93	0	1	1	92	64	156	5.35e-44	159
M03997:68:000000000-G35DK:1:2101:10340:4847	extended_3UTR_DCG_Soc1_w_forward_primer	100.000	18	0	0	1	18	7	24	2.12e-06	33.7
M03997:68:000000000-G35DK:1:2102:4893:8638	extended_3UTR_DCG_Soc1_w_forward_primer	99.029	103	1	0	1	103	31	133	6.28e-51	181
M03997:68:000000000-G35DK:1:2103:20952:2742	extended_3UTR_DCG_Soc1_w_forward_primer	98.611	72	1	0	1	72	50	121	2.88e-34	125
M03997:68:000000000-G35DK:1:1102:21667:19404	extended_3UTR_DCG_Soc1_w_forward_primer	100.000	93	0	0	1	93	23	115	3.59e-47	168
M03997:68:000000000-G35DK:1:2104:4642:12828	extended_3UTR_DCG_Soc1_w_forward_primer	100.000	21	0	0	55	75	1	21	3.45e-08	39.2
M03997:68:000000000-G35DK:1:2102:20461:20845	extended_3UTR_DCG_Soc1_w_forward_primer	77.778	45	5	1	1	45	10	49	1.64e-07	37.4
M03997:68:000000000-G35DK:1:2104:11749:9666	extended_3UTR_DCG_Soc1_w_forward_primer	100.000	50	0	0	1	50	13	62	3.97e-24	91.5
M03997:68:000000000-G35DK:1:1104:11207:7787	extended_3UTR_DCG_Soc1_w_forward_primer	98.684	76	1	0	1	76	58	133	2.06e-36	132
M03997:68:000000000-G35DK:1:1102:12401:28791	extended_3UTR_DCG_Soc1_w_forward_primer	97.059	34	1	0	1	34	104	137	5.07e-14	57.2
M03997:68:000000000-G35DK:1:2102:16733:8143	extended_3UTR_DCG_Soc1_w_forward_primer	100.000	64	0	0	2	65	42	105	1.33e-31	116
M03997:68:000000000-G35DK:1:2101:24095:10028	extended_3UTR_DCG_Soc1_w_forward_primer	100.000	36	0	0	1	36	56	91	1.05e-16	66.2
M03997:68:000000000-G35DK:1:2103:20780:17049	extended_3UTR_DCG_Soc1_w_forward_primer	100.000	34	0	0	1	34	13	46	1.19e-15	62.6
M03997:68:000000000-G35DK:1:2102:11066:8504	extended_3UTR_DCG_Soc1_w_forward_primer	100.000	50	0	0	1	50	58	107	3.97e-24	91.5
M03997:68:000000000-G35DK:1:1103:8685:18068	extended_3UTR_DCG_Soc1_w_forward_primer	100.000	124	0	0	1	124	13	136	7.21e-64	224
M03997:68:000000000-G35DK:1:1102:13579:25526	extended_3UTR_DCG_Soc1_w_forward_primer	100.000	74	0	0	1	74	31	104	5.74e-37	134
M03997:68:000000000-G35DK:1:1103:14719:18690	extended_3UTR_DCG_Soc1_w_forward_primer	98.824	85	1	0	1	85	26	110	3.04e-41	149
M03997:68:000000000-G35DK:1:1103:4045:16992	extended_3UTR_DCG_Soc1_w_forward_primer	100.000	79	0	0	1	79	13	91	1.19e-39	143
M03997:68:000000000-G35DK:1:1102:5111:14224	extended_3UTR_DCG_Soc1_w_forward_primer	100.000	20	0	0	1	20	7	26	6.76e-08	37.4
M03997:68:000000000-G35DK:1:2101:25731:18504	extended_3UTR_DCG_Soc1_w_forward_primer	100.000	72	0	0	1	72	62	133	6.77e-36	131
M03997:68:000000000-G35DK:1:2101:24090:25422	extended_3UTR_DCG_Soc1_w_forward_primer	100.000	18	0	0	1	18	7	24	2.59e-06	33.7
M03997:68:000000000-G35DK:1:1103:19039:8863	extended_3UTR_DCG_Soc1_w_forward_primer	100.000	79	0	0	1	79	13	91	1.19e-39	143
M03997:68:000000000-G35DK:1:2104:14504:17943	extended_3UTR_DCG_Soc1_w_forward_primer	96.970	66	0	1	1	64	31	96	6.75e-29	107
M03997:68:000000000-G35DK:1:2101:12810:24054	extended_3UTR_DCG_Soc1_w_forward_primer	100.000	39	0	0	1	39	88	126	2.75e-18	71.6
M03997:68:000000000-G35DK:1:1103:21479:13414	extended_3UTR_DCG_Soc1_w_forward_primer	76.744	43	5	1	1	43	13	50	2.68e-06	33.7
M03997:68:000000000-G35DK:1:1102:27885:15319	extended_3UTR_DCG_Soc1_w_forward_primer	97.436	39	0	1	1	38	74	112	1.38e-15	62.6
M03997:68:000000000-G35DK:1:2104:3774:19091	extended_3UTR_DCG_Soc1_w_forward_primer	97.030	101	3	0	1	101	13	113	3.88e-47	168
M03997:68:000000000-G35DK:1:2104:1917:15607	extended_3UTR_DCG_Soc1_w_forward_primer	100.000	35	0	0	1	35	97	131	3.55e-16	64.4
M03997:68:000000000-G35DK:1:2103:21461:17890	extended_3UTR_DCG_Soc1_w_forward_primer	100.000	114	0	0	1	114	7	120	1.90e-58	206
M03997:68:000000000-G35DK:1:2102:14433:8073	extended_3UTR_DCG_Soc1_w_forward_primer	99.225	129	1	0	1	129	13	141	6.18e-65	228
M03997:68:000000000-G35DK:1:2102:8564:20005	extended_3UTR_DCG_Soc1_w_forward_primer	100.000	71	0	0	1	71	31	101	2.33e-35	129
M03997:68:000000000-G35DK:1:1103:14394:15520	extended_3UTR_DCG_Soc1_w_forward_primer	100.000	88	0	0	1	88	23	110	2.23e-44	159
M03997:68:000000000-G35DK:1:1102:14851:2190	extended_3UTR_DCG_Soc1_w_forward_primer	100.000	18	0	0	1	18	7	24	3.57e-07	33.7
M03997:68:000000000-G35DK:1:2104:20666:27028	extended_3UTR_DCG_Soc1_w_forward_primer	96.000	25	1	0	38	62	1	25	8.08e-09	41.0
M03997:68:000000000-G35DK:1:2101:19438:9538	extended_3UTR_DCG_Soc1_w_forward_primer	100.000	18	0	0	1	18	7	24	6.40e-06	33.7
M03997:68:000000000-G35DK:1:1101:16031:14522	extended_3UTR_DCG_Soc1_w_forward_primer	100.000	68	0	0	1	68	13	80	9.41e-34	123
M03997:68:000000000-G35DK:1:1103:17466:11067	extended_3UTR_DCG_Soc1_w_forward_primer	100.000	20	0	0	1	20	7	26	7.49e-08	37.4
M03997:68:000000000-G35DK:1:2104:22745:22329	extended_3UTR_DCG_Soc1_w_forward_primer	100.000	51	0	0	1	51	62	112	1.13e-24	93.3
M03997:68:000000000-G35DK:1:2104:13981:6685	extended_3UTR_DCG_Soc1_w_forward_primer	98.958	96	1	0	1	96	31	126	3.72e-47	168
M03997:68:000000000-G35DK:1:2103:7035:16005	extended_3UTR_DCG_Soc1_w_forward_primer	100.000	22	0	0	1	22	5	26	2.85e-09	41.0
M03997:68:000000000-G35DK:1:1102:8639:26313	extended_3UTR_DCG_Soc1_w_forward_primer	100.000	50	0	0	1	50	56	105	3.97e-24	91.5
M03997:68:000000000-G35DK:1:1102:22255:27177	extended_3UTR_DCG_Soc1_w_forward_primer	100.000	19	0	0	1	19	7	25	1.98e-07	35.6
M03997:68:000000000-G35DK:1:2103:20746:28212	extended_3UTR_DCG_Soc1_w_forward_primer	100.000	34	0	0	1	34	13	46	1.19e-15	62.6
M03997:68:000000000-G35DK:1:2103:12510:20672	extended_3UTR_DCG_Soc1_w_forward_primer	98.734	79	1	0	1	79	13	91	5.07e-38	138
M03997:68:000000000-G35DK:1:2102:18716:23251	extended_3UTR_DCG_Soc1_w_forward_primer	100.000	20	0	0	1	20	7	26	5.25e-07	37.4
M03997:68:000000000-G35DK:1:1104:14667:13919	extended_3UTR_DCG_Soc1_w_forward_primer	100.000	39	0	0	1	39	20	58	2.75e-18	71.6
M03997:68:000000000-G35DK:1:2103:17784:3791	extended_3UTR_DCG_Soc1_w_forward_primer	100.000	18	0	0	1	18	7	24	2.66e-06	33.7
M03997:68:000000000-G35DK:1:2104:19032:17705	extended_3UTR_DCG_Soc1_w_forward_primer	100.000	89	0	0	1	89	13	101	5.08e-45	161
M03997:68:000000000-G35DK:1:2102:23890:8038	extended_3UTR_DCG_Soc1_w_forward_primer	100.000	93	0	0	1	93	13	105	3.59e-47	168
M03997:68:000000000-G35DK:1:1101:13402:11397	extended_3UTR_DCG_Soc1_w_forward_primer	100.000	36	0	0	1	36	15	50	1.05e-16	66.2
M03997:68:000000000-G35DK:1:2101:13170:21022	extended_3UTR_DCG_Soc1_w_forward_primer	100.000	18	0	0	1	18	7	24	7.13e-07	33.7
M03997:68:000000000-G35DK:1:1104:17890:18848	extended_3UTR_DCG_Soc1_w_forward_primer	100.000	85	0	0	1	85	7	91	7.16e-43	154
M03997:68:000000000-G35DK:1:2104:4569:9711	extended_3UTR_DCG_Soc1_w_forward_primer	87.500	24	3	0	1	24	10	33	5.97e-06	30.1
M03997:68:000000000-G35DK:1:2104:11532:7336	extended_3UTR_DCG_Soc1_w_forward_primer	100.000	20	0	0	1	20	5	24	5.85e-08	37.4
M03997:68:000000000-G35DK:1:2102:16351:27513	extended_3UTR_DCG_Soc1_w_forward_primer	100.000	51	0	0	1	51	104	154	7.79e-24	93.3
M03997:68:000000000-G35DK:1:2101:15551:6888	extended_3UTR_DCG_Soc1_w_forward_primer	100.000	18	0	0	1	18	7	24	1.66e-06	33.7
M03997:68:000000000-G35DK:1:2104:18200:7756	extended_3UTR_DCG_Soc1_w_forward_primer	100.000	39	0	0	1	39	83	121	2.75e-18	71.6
M03997:68:000000000-G35DK:1:1104:12551:20548	extended_3UTR_DCG_Soc1_w_forward_primer	100.000	30	0	0	1	30	5	34	1.50e-13	55.4
M03997:68:000000000-G35DK:1:2102:16612:3652	extended_3UTR_DCG_Soc1_w_forward_primer	100.000	21	0	0	51	71	1	21	3.24e-08	39.2
M03997:68:000000000-G35DK:1:1101:2152:14824	extended_3UTR_DCG_Soc1_w_forward_primer	100.000	43	0	0	1	43	105	147	2.09e-20	78.8
M03997:68:000000000-G35DK:1:2101:21366:21999	extended_3UTR_DCG_Soc1_w_forward_primer	100.000	18	0	0	1	18	7	24	6.40e-06	33.7
M03997:68:000000000-G35DK:1:2102:17555:19154	extended_3UTR_DCG_Soc1_w_forward_primer	100.000	21	0	0	41	61	1	21	2.71e-08	39.2
M03997:68:000000000-G35DK:1:1101:13546:23293	extended_3UTR_DCG_Soc1_w_forward_primer	98.462	65	1	0	1	65	58	122	1.62e-30	113
M03997:68:000000000-G35DK:1:1104:16332:23291	extended_3UTR_DCG_Soc1_w_forward_primer	100.000	65	0	0	1	65	56	120	1.96e-31	118
M03997:68:000000000-G35DK:1:2102:15587:14961	extended_3UTR_DCG_Soc1_w_forward_primer	100.000	76	0	0	1	76	15	90	6.59e-38	138
M03997:68:000000000-G35DK:1:1104:21386:19344	extended_3UTR_DCG_Soc1_w_forward_primer	100.000	17	0	0	1	17	8	24	1.79e-06	31.9
M03997:68:000000000-G35DK:1:1104:10231:15834	extended_3UTR_DCG_Soc1_w_forward_primer	98.387	124	0	1	1	122	13	136	4.47e-60	212
M03997:68:000000000-G35DK:1:2104:15659:12200	extended_3UTR_DCG_Soc1_w_forward_primer	100.000	20	0	0	1	20	7	26	4.94e-08	37.4
M03997:68:000000000-G35DK:1:1104:16414:13770	extended_3UTR_DCG_Soc1_w_forward_primer	98.675	151	0	1	1	149	26	176	1.22e-74	260
M03997:68:000000000-G35DK:1:1103:26419:8481	extended_3UTR_DCG_Soc1_w_forward_primer	100.000	18	0	0	1	18	7	24	4.90e-07	33.7
M03997:68:000000000-G35DK:1:1103:10451:13146	extended_3UTR_DCG_Soc1_w_forward_primer	100.000	19	0	0	1	19	6	24	4.13e-07	35.6
M03997:68:000000000-G35DK:1:1104:22980:25824	extended_3UTR_DCG_Soc1_w_forward_primer	100.000	113	0	0	1	113	23	135	6.10e-58	205
M03997:68:000000000-G35DK:1:2103:3918:16937	extended_3UTR_DCG_Soc1_w_forward_primer	98.851	87	1	0	1	87	97	183	2.57e-42	152
M03997:68:000000000-G35DK:1:1103:25068:15516	extended_3UTR_DCG_Soc1_w_forward_primer	100.000	20	0	0	1	20	5	24	5.85e-08	37.4
M03997:68:000000000-G35DK:1:2102:24436:21650	extended_3UTR_DCG_Soc1_w_forward_primer	100.000	53	0	0	1	53	62	114	9.76e-26	96.9
M03997:68:000000000-G35DK:1:2101:21518:10620	extended_3UTR_DCG_Soc1_w_forward_primer	100.000	18	0	0	1	18	7	24	2.30e-06	33.7
M03997:68:000000000-G35DK:1:1104:7077:6528	extended_3UTR_DCG_Soc1_w_forward_primer	98.649	74	1	0	1	74	26	99	2.44e-35	129
M03997:68:000000000-G35DK:1:2102:18273:5085	extended_3UTR_DCG_Soc1_w_forward_primer	98.667	75	1	0	1	75	27	101	7.10e-36	131
M03997:68:000000000-G35DK:1:1104:27665:19408	extended_3UTR_DCG_Soc1_w_forward_primer	98.276	58	1	0	1	58	23	80	8.92e-27	100
M03997:68:000000000-G35DK:1:1104:20090:4777	extended_3UTR_DCG_Soc1_w_forward_primer	100.000	119	0	0	1	119	23	141	3.57e-61	215
M03997:68:000000000-G35DK:1:1104:25735:13503	extended_3UTR_DCG_Soc1_w_forward_primer	100.000	39	0	0	1	39	83	121	2.75e-18	71.6
M03997:68:000000000-G35DK:1:1104:6346:10140	extended_3UTR_DCG_Soc1_w_forward_primer	100.000	68	0	0	1	68	13	80	9.57e-34	123
M03997:68:000000000-G35DK:1:1103:16704:5412	extended_3UTR_DCG_Soc1_w_forward_primer	100.000	18	0	0	1	18	7	24	7.57e-07	33.7
M03997:68:000000000-G35DK:1:1103:24322:13485	extended_3UTR_DCG_Soc1_w_forward_primer	100.000	109	0	0	1	109	13	121	8.70e-56	197
M03997:68:000000000-G35DK:1:1103:19974:8727	extended_3UTR_DCG_Soc1_w_forward_primer	100.000	54	0	0	1	54	52	105	2.86e-26	98.7
M03997:68:000000000-G35DK:1:1104:7581:15815	extended_3UTR_DCG_Soc1_w_forward_primer	100.000	19	0	0	1	19	102	120	1.59e-07	35.6
M03997:68:000000000-G35DK:1:1102:22992:17643	extended_3UTR_DCG_Soc1_w_forward_primer	100.000	62	0	0	1	62	58	119	1.53e-30	113
M03997:68:000000000-G35DK:1:1102:18066:16831	extended_3UTR_DCG_Soc1_w_forward_primer	100.000	16	0	0	16	31	11	26	9.22e-06	30.1
M03997:68:000000000-G35DK:1:1103:6169:12021	extended_3UTR_DCG_Soc1_w_forward_primer	100.000	20	0	0	1	20	7	26	5.25e-07	37.4
M03997:68:000000000-G35DK:1:1103:9352:15290	extended_3UTR_DCG_Soc1_w_forward_primer	94.937	79	2	1	1	77	31	109	3.79e-33	122
M03997:68:000000000-G35DK:1:1104:15000:18604	extended_3UTR_DCG_Soc1_w_forward_primer	100.000	18	0	0	1	18	7	24	2.15e-06	33.7
M03997:68:000000000-G35DK:1:1102:11713:2799	extended_3UTR_DCG_Soc1_w_forward_primer	100.000	96	0	0	1	96	13	108	8.75e-49	174
M03997:68:000000000-G35DK:1:1104:5506:19044	extended_3UTR_DCG_Soc1_w_forward_primer	100.000	46	0	0	1	46	91	136	5.34e-22	84.2
M03997:68:000000000-G35DK:1:1102:6485:20445	extended_3UTR_DCG_Soc1_w_forward_primer	100.000	50	0	0	1	50	58	107	3.97e-24	91.5
M03997:68:000000000-G35DK:1:1103:17054:3833	extended_3UTR_DCG_Soc1_w_forward_primer	100.000	47	0	0	1	47	10	56	1.57e-22	86.0
M03997:68:000000000-G35DK:1:1102:24198:22460	extended_3UTR_DCG_Soc1_w_forward_primer	100.000	18	0	0	1	18	7	24	4.90e-07	33.7
M03997:68:000000000-G35DK:1:1104:15928:20749	extended_3UTR_DCG_Soc1_w_forward_primer	100.000	18	0	0	1	18	7	24	6.90e-07	33.7
M03997:68:000000000-G35DK:1:2103:9274:23899	extended_3UTR_DCG_Soc1_w_forward_primer	100.000	52	0	0	1	52	56	107	3.33e-25	95.1
M03997:68:000000000-G35DK:1:1104:25522:17084	extended_3UTR_DCG_Soc1_w_forward_primer	100.000	88	0	0	1	88	23	110	1.75e-44	159
M03997:68:000000000-G35DK:1:2101:3908:20910	extended_3UTR_DCG_Soc1_w_forward_primer	100.000	20	0	0	1	20	5	24	1.40e-07	37.4
M03997:68:000000000-G35DK:1:2103:8630:19289	extended_3UTR_DCG_Soc1_w_forward_primer	100.000	20	0	0	1	20	7	26	5.30e-08	37.4
M03997:68:000000000-G35DK:1:1101:22951:22123	extended_3UTR_DCG_Soc1_w_forward_primer	98.718	78	1	0	1	78	37	114	1.74e-37	136
M03997:68:000000000-G35DK:1:2104:23986:12723	extended_3UTR_DCG_Soc1_w_forward_primer	98.810	84	1	0	1	84	13	96	1.05e-40	147
M03997:68:000000000-G35DK:1:1104:14126:11287	extended_3UTR_DCG_Soc1_w_forward_primer	98.925	93	0	1	1	92	13	105	1.84e-44	159
M03997:68:000000000-G35DK:1:1104:24212:20501	extended_3UTR_DCG_Soc1_w_forward_primer	100.000	72	0	0	1	72	37	108	6.77e-36	131
M03997:68:000000000-G35DK:1:1103:29299:11983	extended_3UTR_DCG_Soc1_w_forward_primer	100.000	45	0	0	1	45	118	162	1.41e-20	82.4
M03997:68:000000000-G35DK:1:1101:15597:13792	extended_3UTR_DCG_Soc1_w_forward_primer	100.000	18	0	0	1	18	7	24	4.23e-07	33.7
M03997:68:000000000-G35DK:1:1103:13868:19397	extended_3UTR_DCG_Soc1_w_forward_primer	100.000	45	0	0	1	45	58	102	1.81e-21	82.4
M03997:68:000000000-G35DK:1:1104:19493:6027	extended_3UTR_DCG_Soc1_w_forward_primer	100.000	16	0	0	1	16	10	25	7.60e-06	30.1
M03997:68:000000000-G35DK:1:1104:9913:12884	extended_3UTR_DCG_Soc1_w_forward_primer	100.000	79	0	0	1	79	13	91	1.19e-39	143
M03997:68:000000000-G35DK:1:1104:10055:17085	extended_3UTR_DCG_Soc1_w_forward_primer	100.000	109	0	0	1	109	7	115	8.70e-56	197
M03997:68:000000000-G35DK:1:2101:26728:9928	extended_3UTR_DCG_Soc1_w_forward_primer	97.727	44	1	0	1	44	13	56	2.62e-19	75.2
M03997:68:000000000-G35DK:1:1104:29584:16328	extended_3UTR_DCG_Soc1_w_forward_primer	100.000	18	0	0	1	18	7	24	1.66e-06	33.7
M03997:68:000000000-G35DK:1:1101:10878:7738	extended_3UTR_DCG_Soc1_w_forward_primer	100.000	21	0	0	78	98	1	21	4.65e-08	39.2
M03997:68:000000000-G35DK:1:2104:2804:13007	extended_3UTR_DCG_Soc1_w_forward_primer	100.000	18	0	0	1	18	7	24	9.32e-07	33.7
M03997:68:000000000-G35DK:1:2103:10856:14894	extended_3UTR_DCG_Soc1_w_forward_primer	100.000	20	0	0	1	20	5	24	8.38e-08	37.4
M03997:68:000000000-G35DK:1:1101:14463:18830	extended_3UTR_DCG_Soc1_w_forward_primer	100.000	94	0	0	1	94	56	149	1.34e-47	170
M03997:68:000000000-G35DK:1:2103:22970:13489	extended_3UTR_DCG_Soc1_w_forward_primer	100.000	54	0	0	1	54	68	121	2.86e-26	98.7
M03997:68:000000000-G35DK:1:2103:22111:12030	extended_3UTR_DCG_Soc1_w_forward_primer	100.000	46	0	0	1	46	37	82	5.34e-22	84.2
M03997:68:000000000-G35DK:1:2103:19048:26882	extended_3UTR_DCG_Soc1_w_forward_primer	100.000	31	0	0	1	31	26	56	4.49e-14	57.2
M03997:68:000000000-G35DK:1:2102:17454:3374	extended_3UTR_DCG_Soc1_w_forward_primer	100.000	18	0	0	1	18	7	24	9.32e-07	33.7
M03997:68:000000000-G35DK:1:1102:15738:13828	extended_3UTR_DCG_Soc1_w_forward_primer	100.000	21	0	0	1	21	5	25	1.89e-08	39.2
M03997:68:000000000-G35DK:1:1101:14830:24822	extended_3UTR_DCG_Soc1_w_forward_primer	97.368	38	1	0	1	38	13	50	3.94e-16	64.4
M03997:68:000000000-G35DK:1:1101:18718:25247	extended_3UTR_DCG_Soc1_w_forward_primer	100.000	18	0	0	1	18	7	24	2.59e-06	33.7
M03997:68:000000000-G35DK:1:2102:22490:15106	extended_3UTR_DCG_Soc1_w_forward_primer	100.000	50	0	0	1	50	13	62	3.97e-24	91.5
M03997:68:000000000-G35DK:1:2104:8581:20307	extended_3UTR_DCG_Soc1_w_forward_primer	100.000	57	0	0	1	57	52	108	7.17e-28	104
M03997:68:000000000-G35DK:1:1104:8630:13872	extended_3UTR_DCG_Soc1_w_forward_primer	100.000	39	0	0	1	39	83	121	2.75e-18	71.6
M03997:68:000000000-G35DK:1:2102:13980:22988	extended_3UTR_DCG_Soc1_w_forward_primer	100.000	17	0	0	1	17	8	24	2.33e-06	31.9
M03997:68:000000000-G35DK:1:1102:17318:16082	extended_3UTR_DCG_Soc1_w_forward_primer	97.959	98	0	1	1	96	24	121	4.53e-46	165
M03997:68:000000000-G35DK:1:2103:11003:16120	extended_3UTR_DCG_Soc1_w_forward_primer	97.222	36	1	0	1	36	105	140	4.49e-15	60.8
M03997:68:000000000-G35DK:1:1102:21649:6874	extended_3UTR_DCG_Soc1_w_forward_primer	100.000	19	0	0	1	19	8	26	1.98e-07	35.6
M03997:68:000000000-G35DK:1:1102:16901:21481	extended_3UTR_DCG_Soc1_w_forward_primer	100.000	22	0	0	1	22	5	26	6.88e-09	41.0
M03997:68:000000000-G35DK:1:2102:27098:18520	extended_3UTR_DCG_Soc1_w_forward_primer	100.000	67	0	0	3	69	54	120	1.60e-32	122
M03997:68:000000000-G35DK:1:1104:5312:16459	extended_3UTR_DCG_Soc1_w_forward_primer	100.000	21	0	0	1	21	5	25	1.78e-08	39.2
M03997:68:000000000-G35DK:1:2103:17819:4686	extended_3UTR_DCG_Soc1_w_forward_primer	100.000	105	0	0	1	105	8	112	1.24e-53	190
M03997:68:000000000-G35DK:1:2104:9048:20515	extended_3UTR_DCG_Soc1_w_forward_primer	100.000	44	0	0	1	44	13	56	6.16e-21	80.6
M03997:68:000000000-G35DK:1:2101:19582:12404	extended_3UTR_DCG_Soc1_w_forward_primer	100.000	57	0	0	1	57	56	112	7.17e-28	104
M03997:68:000000000-G35DK:1:2102:22643:7310	extended_3UTR_DCG_Soc1_w_forward_primer	100.000	22	0	0	1	22	5	26	7.63e-09	41.0
M03997:68:000000000-G35DK:1:1101:19876:24190	extended_3UTR_DCG_Soc1_w_forward_primer	98.889	90	1	0	1	90	13	102	6.26e-44	158
M03997:68:000000000-G35DK:1:2102:22379:25861	extended_3UTR_DCG_Soc1_w_forward_primer	100.000	18	0	0	1	18	7	24	2.10e-06	33.7
M03997:68:000000000-G35DK:1:2103:10158:16339	extended_3UTR_DCG_Soc1_w_forward_primer	100.000	18	0	0	1	18	7	24	1.66e-06	33.7
M03997:68:000000000-G35DK:1:2101:8336:20176	extended_3UTR_DCG_Soc1_w_forward_primer	100.000	21	0	0	64	84	1	21	3.92e-08	39.2
M03997:68:000000000-G35DK:1:2102:14060:15848	extended_3UTR_DCG_Soc1_w_forward_primer	100.000	55	0	0	1	55	58	112	8.37e-27	100
M03997:68:000000000-G35DK:1:1103:7789:17402	extended_3UTR_DCG_Soc1_w_forward_primer	100.000	93	0	0	1	93	13	105	3.59e-47	168
M03997:68:000000000-G35DK:1:1104:20360:22556	extended_3UTR_DCG_Soc1_w_forward_primer	100.000	88	0	0	1	88	58	145	1.75e-44	159
M03997:68:000000000-G35DK:1:1102:15914:18267	extended_3UTR_DCG_Soc1_w_forward_primer	100.000	20	0	0	1	20	7	26	5.25e-07	37.4
M03997:68:000000000-G35DK:1:2101:27174:16330	extended_3UTR_DCG_Soc1_w_forward_primer	100.000	50	0	0	1	50	13	62	3.97e-24	91.5
M03997:68:000000000-G35DK:1:2101:18949:8117	extended_3UTR_DCG_Soc1_w_forward_primer	100.000	18	0	0	1	18	7	24	4.90e-07	33.7
M03997:68:000000000-G35DK:1:1102:12610:22184	extended_3UTR_DCG_Soc1_w_forward_primer	100.000	109	0	0	1	109	13	121	8.70e-56	197
M03997:68:000000000-G35DK:1:1102:8914:8903	extended_3UTR_DCG_Soc1_w_forward_primer	100.000	18	0	0	1	18	7	24	5.79e-07	33.7
M03997:68:000000000-G35DK:1:1103:4053:15459	extended_3UTR_DCG_Soc1_w_forward_primer	98.214	56	1	0	1	56	31	86	1.04e-25	96.9
M03997:68:000000000-G35DK:1:2104:13202:15156	extended_3UTR_DCG_Soc1_w_forward_primer	100.000	70	0	0	1	70	58	127	9.04e-35	127
M03997:68:000000000-G35DK:1:1104:7887:6906	extended_3UTR_DCG_Soc1_w_forward_primer	100.000	20	0	0	1	20	7	26	3.84e-08	37.4
M03997:68:000000000-G35DK:1:2102:11146:8040	extended_3UTR_DCG_Soc1_w_forward_primer	100.000	17	0	0	1	17	8	24	1.63e-06	31.9
M03997:68:000000000-G35DK:1:2104:25034:19515	extended_3UTR_DCG_Soc1_w_forward_primer	100.000	65	0	0	1	65	83	147	3.80e-32	118
M03997:68:000000000-G35DK:1:1104:28319:20564	extended_3UTR_DCG_Soc1_w_forward_primer	100.000	17	0	0	1	17	10	26	1.79e-06	31.9
M03997:68:000000000-G35DK:1:1102:18096:21423	extended_3UTR_DCG_Soc1_w_forward_primer	100.000	94	0	0	1	94	56	149	1.39e-47	170
M03997:68:000000000-G35DK:1:2104:25515:21243	extended_3UTR_DCG_Soc1_w_forward_primer	100.000	97	0	0	1	97	37	133	2.54e-49	176
M03997:68:000000000-G35DK:1:1103:2201:11708	extended_3UTR_DCG_Soc1_w_forward_primer	100.000	83	0	0	1	83	23	105	8.49e-42	150
M03997:68:000000000-G35DK:1:2103:15943:18202	extended_3UTR_DCG_Soc1_w_forward_primer	100.000	18	0	0	1	18	7	24	2.50e-06	33.7
M03997:68:000000000-G35DK:1:2103:17932:24725	extended_3UTR_DCG_Soc1_w_forward_primer	100.000	21	0	0	42	62	1	21	2.77e-08	39.2
M03997:68:000000000-G35DK:1:2104:26494:8286	extended_3UTR_DCG_Soc1_w_forward_primer	95.745	47	0	1	1	45	29	75	9.39e-19	73.4
M03997:68:000000000-G35DK:1:2104:23341:16568	extended_3UTR_DCG_Soc1_w_forward_primer	100.000	18	0	0	1	18	7	24	4.23e-07	33.7
M03997:68:000000000-G35DK:1:2102:19404:25780	extended_3UTR_DCG_Soc1_w_forward_primer	100.000	18	0	0	1	18	7	24	1.82e-06	33.7
M03997:68:000000000-G35DK:1:1103:22934:12571	extended_3UTR_DCG_Soc1_w_forward_primer	100.000	109	0	0	1	109	13	121	8.70e-56	197
M03997:68:000000000-G35DK:1:2101:15606:15923	extended_3UTR_DCG_Soc1_w_forward_primer	100.000	30	0	0	1	30	128	157	1.50e-13	55.4
M03997:68:000000000-G35DK:1:2101:6289:16221	extended_3UTR_DCG_Soc1_w_forward_primer	100.000	76	0	0	1	76	58	133	4.85e-38	138
M03997:68:000000000-G35DK:1:1104:26810:14800	extended_3UTR_DCG_Soc1_w_forward_primer	100.000	18	0	0	1	18	7	24	1.82e-06	33.7
M03997:68:000000000-G35DK:1:1103:8069:8675	extended_3UTR_DCG_Soc1_w_forward_primer	98.305	59	1	0	1	59	58	116	2.61e-27	102
M03997:68:000000000-G35DK:1:1101:4570:7076	extended_3UTR_DCG_Soc1_w_forward_primer	100.000	52	0	0	1	52	97	148	3.33e-25	95.1
M03997:68:000000000-G35DK:1:1101:25961:13967	extended_3UTR_DCG_Soc1_w_forward_primer	98.990	99	1	0	1	99	72	170	9.13e-49	174
M03997:68:000000000-G35DK:1:2103:25263:20235	extended_3UTR_DCG_Soc1_w_forward_primer	100.000	20	0	0	1	20	7	26	7.84e-08	37.4
M03997:68:000000000-G35DK:1:2102:21376:16669	extended_3UTR_DCG_Soc1_w_forward_primer	100.000	51	0	0	1	51	5	55	1.13e-24	93.3
M03997:68:000000000-G35DK:1:2104:25838:19503	extended_3UTR_DCG_Soc1_w_forward_primer	95.833	24	1	0	1	24	5	28	1.10e-08	39.2
M03997:68:000000000-G35DK:1:1102:16864:20930	extended_3UTR_DCG_Soc1_w_forward_primer	98.551	69	1	0	1	69	37	105	1.17e-32	120
M03997:68:000000000-G35DK:1:2104:23274:18354	extended_3UTR_DCG_Soc1_w_forward_primer	100.000	59	0	0	1	59	12	70	6.13e-29	107
M03997:68:000000000-G35DK:1:1104:25931:24140	extended_3UTR_DCG_Soc1_w_forward_primer	100.000	22	0	0	1	22	5	26	2.85e-09	41.0
M03997:68:000000000-G35DK:1:2102:19053:21028	extended_3UTR_DCG_Soc1_w_forward_primer	100.000	20	0	0	1	20	5	24	6.58e-08	37.4
M03997:68:000000000-G35DK:1:1102:12933:15643	extended_3UTR_DCG_Soc1_w_forward_primer	100.000	19	0	0	1	19	7	25	1.34e-07	35.6
M03997:68:000000000-G35DK:1:1101:25756:8892	extended_3UTR_DCG_Soc1_w_forward_primer	98.901	91	1	0	1	91	31	121	1.82e-44	159
M03997:68:000000000-G35DK:1:2101:26602:10849	extended_3UTR_DCG_Soc1_w_forward_primer	100.000	18	0	0	1	18	7	24	2.74e-06	33.7
M03997:68:000000000-G35DK:1:1101:16319:6711	extended_3UTR_DCG_Soc1_w_forward_primer	100.000	24	0	0	1	24	83	106	3.69e-10	44.6
M03997:68:000000000-G35DK:1:1102:8580:4330	extended_3UTR_DCG_Soc1_w_forward_primer	100.000	18	0	0	1	18	7	24	4.02e-07	33.7
M03997:68:000000000-G35DK:1:1104:25852:21605	extended_3UTR_DCG_Soc1_w_forward_primer	100.000	108	0	0	1	108	13	120	8.87e-55	196
M03997:68:000000000-G35DK:1:1102:9322:7249	extended_3UTR_DCG_Soc1_w_forward_primer	98.077	52	1	0	1	52	56	107	1.42e-23	89.7
M03997:68:000000000-G35DK:1:2104:25992:17803	extended_3UTR_DCG_Soc1_w_forward_primer	100.000	21	0	0	237	257	1	21	1.28e-07	39.2
M03997:68:000000000-G35DK:1:1104:8649:24478	extended_3UTR_DCG_Soc1_w_forward_primer	100.000	17	0	0	1	17	8	24	4.26e-06	31.9
M03997:68:000000000-G35DK:1:2104:7993:18158	extended_3UTR_DCG_Soc1_w_forward_primer	100.000	44	0	0	1	44	48	91	6.16e-21	80.6
M03997:68:000000000-G35DK:1:1104:1741:14873	extended_3UTR_DCG_Soc1_w_forward_primer	95.455	22	1	0	1	22	7	28	7.10e-07	35.6
M03997:68:000000000-G35DK:1:1101:7233:4348	extended_3UTR_DCG_Soc1_w_forward_primer	93.103	29	1	1	41	69	1	28	4.31e-08	41.0
M03997:68:000000000-G35DK:1:1102:22223:15118	extended_3UTR_DCG_Soc1_w_forward_primer	100.000	30	0	0	1	30	13	42	2.86e-13	55.4
M03997:68:000000000-G35DK:1:1104:19023:5621	extended_3UTR_DCG_Soc1_w_forward_primer	100.000	60	0	0	1	60	19	78	1.79e-29	109
M03997:68:000000000-G35DK:1:2104:9137:10758	extended_3UTR_DCG_Soc1_w_forward_primer	100.000	66	0	0	1	66	42	107	1.11e-32	120
M03997:68:000000000-G35DK:1:2104:15579:8821	extended_3UTR_DCG_Soc1_w_forward_primer	100.000	18	0	0	52	69	1	18	1.33e-06	33.7
M03997:68:000000000-G35DK:1:2104:13422:12990	extended_3UTR_DCG_Soc1_w_forward_primer	97.917	96	2	0	1	96	13	108	4.53e-46	165
M03997:68:000000000-G35DK:1:1102:6174:24660	extended_3UTR_DCG_Soc1_w_forward_primer	100.000	21	0	0	32	52	1	21	2.24e-08	39.2
M03997:68:000000000-G35DK:1:1102:22817:24100	extended_3UTR_DCG_Soc1_w_forward_primer	100.000	64	0	0	1	64	42	105	1.30e-31	116
M03997:68:000000000-G35DK:1:2102:17022:22891	extended_3UTR_DCG_Soc1_w_forward_primer	97.500	40	1	0	1	40	116	155	5.60e-17	68.0
M03997:68:000000000-G35DK:1:2102:21539:2702	extended_3UTR_DCG_Soc1_w_forward_primer	100.000	19	0	0	1	19	8	26	9.70e-07	35.6
M03997:68:000000000-G35DK:1:1102:10908:21026	extended_3UTR_DCG_Soc1_w_forward_primer	100.000	20	0	0	1	20	7	26	5.48e-08	37.4
M03997:68:000000000-G35DK:1:1103:21359:6703	extended_3UTR_DCG_Soc1_w_forward_primer	100.000	20	0	0	1	20	5	24	2.14e-07	37.4
M03997:68:000000000-G35DK:1:2104:22746:19200	extended_3UTR_DCG_Soc1_w_forward_primer	100.000	18	0	0	1	18	7	24	1.66e-06	33.7
M03997:68:000000000-G35DK:1:2102:19978:3181	extended_3UTR_DCG_Soc1_w_forward_primer	100.000	44	0	0	1	44	97	140	4.91e-20	80.6
M03997:68:000000000-G35DK:1:2103:16410:12085	extended_3UTR_DCG_Soc1_w_forward_primer	100.000	18	0	0	1	18	7	24	1.38e-06	33.7
M03997:68:000000000-G35DK:1:2102:23774:22919	extended_3UTR_DCG_Soc1_w_forward_primer	100.000	71	0	0	1	71	56	126	2.33e-35	129
M03997:68:000000000-G35DK:1:1103:22378:26983	extended_3UTR_DCG_Soc1_w_forward_primer	100.000	18	0	0	1	18	7	24	4.90e-07	33.7
M03997:68:000000000-G35DK:1:2103:11977:27335	extended_3UTR_DCG_Soc1_w_forward_primer	100.000	19	0	0	43	61	3	21	3.31e-07	35.6
M03997:68:000000000-G35DK:1:1103:20650:19006	extended_3UTR_DCG_Soc1_w_forward_primer	100.000	66	0	0	1	66	31	96	1.11e-32	120
M03997:68:000000000-G35DK:1:2103:17984:16903	extended_3UTR_DCG_Soc1_w_forward_primer	76.190	42	5	1	1	42	13	49	5.81e-06	31.9
M03997:68:000000000-G35DK:1:1102:6271:21254	extended_3UTR_DCG_Soc1_w_forward_primer	98.214	56	1	0	1	56	50	105	1.04e-25	96.9
M03997:68:000000000-G35DK:1:2101:28328:10510	extended_3UTR_DCG_Soc1_w_forward_primer	98.810	84	1	0	1	84	18	101	1.06e-40	147
M03997:68:000000000-G35DK:1:1103:8436:23230	extended_3UTR_DCG_Soc1_w_forward_primer	99.083	109	1	0	1	109	13	121	3.70e-54	192
M03997:68:000000000-G35DK:1:1104:18845:19100	extended_3UTR_DCG_Soc1_w_forward_primer	100.000	84	0	0	1	84	83	166	9.48e-42	152
M03997:68:000000000-G35DK:1:1104:12457:6396	extended_3UTR_DCG_Soc1_w_forward_primer	100.000	21	0	0	140	160	1	21	7.81e-08	39.2
M03997:68:000000000-G35DK:1:2104:11295:23795	extended_3UTR_DCG_Soc1_w_forward_primer	100.000	41	0	0	1	41	93	133	2.40e-19	75.2
M03997:68:000000000-G35DK:1:2102:3536:8595	extended_3UTR_DCG_Soc1_w_forward_primer	96.667	90	1	1	1	88	23	112	1.10e-40	147
M03997:68:000000000-G35DK:1:1101:5731:10590	extended_3UTR_DCG_Soc1_w_forward_primer	100.000	79	0	0	1	79	37	115	1.19e-39	143
M03997:68:000000000-G35DK:1:1102:22850:15700	extended_3UTR_DCG_Soc1_w_forward_primer	100.000	55	0	0	1	55	37	91	8.37e-27	100
M03997:68:000000000-G35DK:1:1102:12520:5133	extended_3UTR_DCG_Soc1_w_forward_primer	76.190	42	5	1	1	42	13	49	4.26e-06	31.9
M03997:68:000000000-G35DK:1:2104:7687:21426	extended_3UTR_DCG_Soc1_w_forward_primer	100.000	111	0	0	1	111	26	136	7.29e-57	201
M03997:68:000000000-G35DK:1:2103:18308:8647	extended_3UTR_DCG_Soc1_w_forward_primer	100.000	55	0	0	1	55	125	179	5.25e-26	100
M03997:68:000000000-G35DK:1:2101:12949:22449	extended_3UTR_DCG_Soc1_w_forward_primer	100.000	64	0	0	1	64	52	115	1.30e-31	116
M03997:68:000000000-G35DK:1:2102:10932:22728	extended_3UTR_DCG_Soc1_w_forward_primer	76.190	42	5	1	1	42	13	49	4.11e-06	31.9
M03997:68:000000000-G35DK:1:2101:19755:19317	extended_3UTR_DCG_Soc1_w_forward_primer	100.000	27	0	0	1	27	13	39	5.50e-12	50.0
M03997:68:000000000-G35DK:1:1104:17214:22574	extended_3UTR_DCG_Soc1_w_forward_primer	100.000	90	0	0	1	90	23	112	1.47e-45	163
M03997:68:000000000-G35DK:1:1104:10085:11283	extended_3UTR_DCG_Soc1_w_forward_primer	100.000	44	0	0	1	44	8	51	6.16e-21	80.6
M03997:68:000000000-G35DK:1:1104:15193:23911	extended_3UTR_DCG_Soc1_w_forward_primer	100.000	79	0	0	1	79	13	91	1.19e-39	143
M03997:68:000000000-G35DK:1:1101:24005:18415	extended_3UTR_DCG_Soc1_w_forward_primer	100.000	96	0	0	1	96	75	170	2.90e-48	174
M03997:68:000000000-G35DK:1:1101:18349:27527	extended_3UTR_DCG_Soc1_w_forward_primer	100.000	20	0	0	1	20	7	26	6.95e-08	37.4
M03997:68:000000000-G35DK:1:1103:22221:23754	extended_3UTR_DCG_Soc1_w_forward_primer	100.000	19	0	0	1	19	7	25	2.36e-07	35.6
M03997:68:000000000-G35DK:1:2102:25551:16793	extended_3UTR_DCG_Soc1_w_forward_primer	100.000	20	0	0	1	20	7	26	5.25e-07	37.4
M03997:68:000000000-G35DK:1:2103:14980:21284	extended_3UTR_DCG_Soc1_w_forward_primer	98.876	89	1	0	1	89	27	115	2.16e-43	156
M03997:68:000000000-G35DK:1:1103:10845:18981	extended_3UTR_DCG_Soc1_w_forward_primer	100.000	18	0	0	1	18	7	24	6.40e-06	33.7
M03997:68:000000000-G35DK:1:1101:21563:16714	extended_3UTR_DCG_Soc1_w_forward_primer	100.000	20	0	0	1	20	7	26	7.84e-08	37.4
M03997:68:000000000-G35DK:1:1102:4879:22025	extended_3UTR_DCG_Soc1_w_forward_primer	99.107	112	0	1	1	111	7	118	1.08e-54	194
M03997:68:000000000-G35DK:1:2101:4807:14011	extended_3UTR_DCG_Soc1_w_forward_primer	100.000	20	0	0	1	20	7	26	5.25e-07	37.4
M03997:68:000000000-G35DK:1:2102:11771:15339	extended_3UTR_DCG_Soc1_w_forward_primer	100.000	18	0	0	1	18	7	24	9.77e-07	33.7
M03997:68:000000000-G35DK:1:2103:9668:15867	extended_3UTR_DCG_Soc1_w_forward_primer	100.000	53	0	0	1	53	31	83	9.76e-26	96.9
M03997:68:000000000-G35DK:1:1102:9948:10551	extended_3UTR_DCG_Soc1_w_forward_primer	100.000	18	0	0	1	18	7	24	2.15e-06	33.7
M03997:68:000000000-G35DK:1:1104:21183:22194	extended_3UTR_DCG_Soc1_w_forward_primer	100.000	100	0	0	1	100	13	112	6.17e-51	181
M03997:68:000000000-G35DK:1:1102:8194:10779	extended_3UTR_DCG_Soc1_w_forward_primer	100.000	20	0	0	1	20	7	26	5.48e-08	37.4
M03997:68:000000000-G35DK:1:2102:11595:23871	extended_3UTR_DCG_Soc1_w_forward_primer	100.000	87	0	0	1	87	13	99	6.03e-44	158
M03997:68:000000000-G35DK:1:2103:6995:16927	extended_3UTR_DCG_Soc1_w_forward_primer	100.000	74	0	0	1	74	48	121	5.74e-37	134
M03997:68:000000000-G35DK:1:1103:19143:8951	extended_3UTR_DCG_Soc1_w_forward_primer	98.980	98	1	0	1	98	13	110	3.13e-48	172
M03997:68:000000000-G35DK:1:1101:15891:26809	extended_3UTR_DCG_Soc1_w_forward_primer	100.000	42	0	0	1	42	113	154	5.99e-19	77.0
M03997:68:000000000-G35DK:1:2103:10648:15051	extended_3UTR_DCG_Soc1_w_forward_primer	100.000	19	0	0	1	19	7	25	1.28e-07	35.6
M03997:68:000000000-G35DK:1:2104:13071:22218	extended_3UTR_DCG_Soc1_w_forward_primer	100.000	20	0	0	1	20	7	26	5.25e-07	37.4
M03997:68:000000000-G35DK:1:1103:22856:26557	extended_3UTR_DCG_Soc1_w_forward_primer	100.000	58	0	0	1	58	56	113	2.10e-28	105
M03997:68:000000000-G35DK:1:2102:24687:7548	extended_3UTR_DCG_Soc1_w_forward_primer	100.000	18	0	0	1	18	7	24	2.32e-06	33.7
M03997:68:000000000-G35DK:1:1101:21529:6499	extended_3UTR_DCG_Soc1_w_forward_primer	100.000	18	0	0	1	18	7	24	2.06e-06	33.7
M03997:68:000000000-G35DK:1:2104:24723:6728	extended_3UTR_DCG_Soc1_w_forward_primer	100.000	103	0	0	1	103	13	115	1.48e-52	187
M03997:68:000000000-G35DK:1:2102:24671:18612	extended_3UTR_DCG_Soc1_w_forward_primer	100.000	99	0	0	1	99	7	105	2.13e-50	179
M03997:68:000000000-G35DK:1:1101:18367:10717	extended_3UTR_DCG_Soc1_w_forward_primer	100.000	18	0	0	1	18	7	24	1.40e-06	33.7
M03997:68:000000000-G35DK:1:1104:14640:19881	extended_3UTR_DCG_Soc1_w_forward_primer	100.000	48	0	0	1	48	58	105	4.61e-23	87.8
M03997:68:000000000-G35DK:1:2101:12065:22050	extended_3UTR_DCG_Soc1_w_forward_primer	100.000	75	0	0	1	75	48	122	1.67e-37	136
M03997:68:000000000-G35DK:1:2101:21513:19121	extended_3UTR_DCG_Soc1_w_forward_primer	100.000	18	0	0	1	18	7	24	1.82e-06	33.7
M03997:68:000000000-G35DK:1:2103:16192:7484	extended_3UTR_DCG_Soc1_w_forward_primer	100.000	47	0	0	1	47	56	102	1.57e-22	86.0
M03997:68:000000000-G35DK:1:2103:11010:3310	extended_3UTR_DCG_Soc1_w_forward_primer	97.059	34	1	0	1	34	91	124	5.07e-14	57.2
M03997:68:000000000-G35DK:1:1103:8040:15221	extended_3UTR_DCG_Soc1_w_forward_primer	100.000	17	0	0	1	17	8	24	3.72e-06	31.9
M03997:68:000000000-G35DK:1:2104:9275:5737	extended_3UTR_DCG_Soc1_w_forward_primer	100.000	18	0	0	1	18	7	24	1.66e-06	33.7
M03997:68:000000000-G35DK:1:2101:13789:19521	extended_3UTR_DCG_Soc1_w_forward_primer	100.000	96	0	0	1	96	26	121	8.75e-49	174
M03997:68:000000000-G35DK:1:1101:11246:12548	extended_3UTR_DCG_Soc1_w_forward_primer	100.000	20	0	0	1	20	7	26	1.02e-07	37.4
M03997:68:000000000-G35DK:1:1101:19869:12235	extended_3UTR_DCG_Soc1_w_forward_primer	76.190	42	5	1	1	42	13	49	9.73e-06	31.9
M03997:68:000000000-G35DK:1:2103:22248:21923	extended_3UTR_DCG_Soc1_w_forward_primer	100.000	18	0	0	1	18	7	24	1.04e-06	33.7
M03997:68:000000000-G35DK:1:2103:16974:10615	extended_3UTR_DCG_Soc1_w_forward_primer	100.000	21	0	0	1	21	7	27	9.46e-09	39.2
M03997:68:000000000-G35DK:1:1103:17786:15258	extended_3UTR_DCG_Soc1_w_forward_primer	100.000	62	0	0	1	62	66	127	1.53e-30	113
M03997:68:000000000-G35DK:1:1104:7160:11565	extended_3UTR_DCG_Soc1_w_forward_primer	95.238	21	1	0	124	144	1	21	2.97e-06	33.7
M03997:68:000000000-G35DK:1:2101:7650:11360	extended_3UTR_DCG_Soc1_w_forward_primer	100.000	24	0	0	82	105	1	24	1.19e-09	44.6
M03997:68:000000000-G35DK:1:2102:11119:18755	extended_3UTR_DCG_Soc1_w_forward_primer	100.000	33	0	0	1	33	13	45	4.00e-15	60.8
M03997:68:000000000-G35DK:1:2101:15902:18586	extended_3UTR_DCG_Soc1_w_forward_primer	100.000	19	0	0	1	19	8	26	3.88e-07	35.6
M03997:68:000000000-G35DK:1:2104:13697:17467	extended_3UTR_DCG_Soc1_w_forward_primer	100.000	103	0	0	1	103	13	115	1.48e-52	187
M03997:68:000000000-G35DK:1:1104:2946:12617	extended_3UTR_DCG_Soc1_w_forward_primer	100.000	18	0	0	1	18	7	24	1.35e-06	33.7
M03997:68:000000000-G35DK:1:2102:21863:19822	extended_3UTR_DCG_Soc1_w_forward_primer	100.000	21	0	0	51	71	1	21	3.24e-08	39.2
M03997:68:000000000-G35DK:1:1102:14173:15522	extended_3UTR_DCG_Soc1_w_forward_primer	100.000	18	0	0	1	18	7	24	9.32e-07	33.7
M03997:68:000000000-G35DK:1:2103:22083:19765	extended_3UTR_DCG_Soc1_w_forward_primer	100.000	59	0	0	1	59	64	122	6.13e-29	107
M03997:68:000000000-G35DK:1:2101:10708:12127	extended_3UTR_DCG_Soc1_w_forward_primer	100.000	20	0	0	1	20	7	26	5.67e-08	37.4
M03997:68:000000000-G35DK:1:2101:15043:23350	extended_3UTR_DCG_Soc1_w_forward_primer	100.000	18	0	0	1	18	7	24	1.66e-06	33.7
M03997:68:000000000-G35DK:1:2101:17304:28716	extended_3UTR_DCG_Soc1_w_forward_primer	100.000	86	0	0	1	86	7	92	2.08e-43	156
M03997:68:000000000-G35DK:1:2103:27951:11178	extended_3UTR_DCG_Soc1_w_forward_primer	100.000	20	0	0	1	20	5	24	2.43e-07	37.4
M03997:68:000000000-G35DK:1:1101:11601:26660	extended_3UTR_DCG_Soc1_w_forward_primer	100.000	18	0	0	1	18	7	24	8.46e-07	33.7
M03997:68:000000000-G35DK:1:1101:14715:25072	extended_3UTR_DCG_Soc1_w_forward_primer	100.000	18	0	0	1	18	7	24	1.42e-06	33.7
M03997:68:000000000-G35DK:1:2102:25477:16797	extended_3UTR_DCG_Soc1_w_forward_primer	100.000	20	0	0	1	20	7	26	7.49e-08	37.4
M03997:68:000000000-G35DK:1:1101:9399:22209	extended_3UTR_DCG_Soc1_w_forward_primer	100.000	20	0	0	1	20	7	26	2.74e-07	37.4
M03997:68:000000000-G35DK:1:1103:12102:19359	extended_3UTR_DCG_Soc1_w_forward_primer	100.000	18	0	0	1	18	7	24	4.52e-06	33.7
M03997:68:000000000-G35DK:1:2102:9919:15338	extended_3UTR_DCG_Soc1_w_forward_primer	100.000	66	0	0	1	66	45	110	1.11e-32	120
M03997:68:000000000-G35DK:1:1104:27800:16226	extended_3UTR_DCG_Soc1_w_forward_primer	100.000	79	0	0	1	79	13	91	1.19e-39	143
M03997:68:000000000-G35DK:1:1104:10838:12827	extended_3UTR_DCG_Soc1_w_forward_primer	100.000	57	0	0	3	59	54	110	7.47e-28	104
M03997:68:000000000-G35DK:1:1102:2316:14909	extended_3UTR_DCG_Soc1_w_forward_primer	100.000	20	0	0	1	20	7	26	5.85e-08	37.4
M03997:68:000000000-G35DK:1:2103:5738:22616	extended_3UTR_DCG_Soc1_w_forward_primer	100.000	93	0	0	1	93	13	105	3.59e-47	168
M03997:68:000000000-G35DK:1:2104:22345:11943	extended_3UTR_DCG_Soc1_w_forward_primer	100.000	61	0	0	1	61	113	173	5.24e-30	111
M03997:68:000000000-G35DK:1:2104:21813:19601	extended_3UTR_DCG_Soc1_w_forward_primer	100.000	47	0	0	1	47	107	153	1.57e-22	86.0
M03997:68:000000000-G35DK:1:1103:20763:25915	extended_3UTR_DCG_Soc1_w_forward_primer	100.000	103	0	0	1	103	13	115	1.48e-52	187
M03997:68:000000000-G35DK:1:1104:17475:24192	extended_3UTR_DCG_Soc1_w_forward_primer	97.248	109	1	1	1	109	37	143	6.69e-51	181
M03997:68:000000000-G35DK:1:1104:22437:18856	extended_3UTR_DCG_Soc1_w_forward_primer	100.000	17	0	0	1	17	10	26	1.63e-06	31.9
M03997:68:000000000-G35DK:1:2103:24765:10779	extended_3UTR_DCG_Soc1_w_forward_primer	100.000	20	0	0	1	20	7	26	5.85e-08	37.4
M03997:68:000000000-G35DK:1:2102:13249:4513	extended_3UTR_DCG_Soc1_w_forward_primer	98.592	71	1	0	1	71	13	83	9.89e-34	123
M03997:68:000000000-G35DK:1:1102:5760:23801	extended_3UTR_DCG_Soc1_w_forward_primer	100.000	54	0	0	1	54	52	105	2.86e-26	98.7
M03997:68:000000000-G35DK:1:1101:16502:2514	extended_3UTR_DCG_Soc1_w_forward_primer	100.000	21	0	0	72	92	1	21	4.33e-08	39.2
M03997:68:000000000-G35DK:1:2103:15496:25435	extended_3UTR_DCG_Soc1_w_forward_primer	100.000	80	0	0	1	80	56	135	3.47e-40	145
M03997:68:000000000-G35DK:1:1103:27356:23022	extended_3UTR_DCG_Soc1_w_forward_primer	100.000	20	0	0	1	20	5	24	3.84e-08	37.4
M03997:68:000000000-G35DK:1:1102:15580:5186	extended_3UTR_DCG_Soc1_w_forward_primer	100.000	69	0	0	1	69	37	105	2.74e-34	125
M03997:68:000000000-G35DK:1:1103:9071:11864	extended_3UTR_DCG_Soc1_w_forward_primer	100.000	69	0	0	1	69	37	105	2.74e-34	125
M03997:68:000000000-G35DK:1:2101:22532:13191	extended_3UTR_DCG_Soc1_w_forward_primer	100.000	54	0	0	1	54	13	66	2.86e-26	98.7
M03997:68:000000000-G35DK:1:1104:25151:21680	extended_3UTR_DCG_Soc1_w_forward_primer	96.000	75	1	1	1	73	38	112	1.24e-32	120
M03997:68:000000000-G35DK:1:1102:4939:9862	extended_3UTR_DCG_Soc1_w_forward_primer	100.000	45	0	0	1	45	8	52	1.81e-21	82.4
M03997:68:000000000-G35DK:1:1102:17401:28731	extended_3UTR_DCG_Soc1_w_forward_primer	100.000	20	0	0	1	20	7	26	3.84e-08	37.4
M03997:68:000000000-G35DK:1:1102:10672:20225	extended_3UTR_DCG_Soc1_w_forward_primer	100.000	63	0	0	1	63	13	75	4.46e-31	114
M03997:68:000000000-G35DK:1:2102:13857:15807	extended_3UTR_DCG_Soc1_w_forward_primer	100.000	63	0	0	1	63	104	166	2.38e-30	114
M03997:68:000000000-G35DK:1:2102:28981:15397	extended_3UTR_DCG_Soc1_w_forward_primer	100.000	79	0	0	1	79	37	115	1.19e-39	143
M03997:68:000000000-G35DK:1:1102:12783:24763	extended_3UTR_DCG_Soc1_w_forward_primer	76.190	42	5	1	1	42	13	49	8.96e-06	31.9
M03997:68:000000000-G35DK:1:1101:18483:13941	extended_3UTR_DCG_Soc1_w_forward_primer	100.000	17	0	0	1	17	8	24	1.48e-06	31.9
M03997:68:000000000-G35DK:1:2103:19676:26483	extended_3UTR_DCG_Soc1_w_forward_primer	100.000	39	0	0	1	39	107	145	2.55e-17	71.6
M03997:68:000000000-G35DK:1:2103:18881:21130	extended_3UTR_DCG_Soc1_w_forward_primer	100.000	46	0	0	1	46	13	58	5.34e-22	84.2
M03997:68:000000000-G35DK:1:1102:23601:20373	extended_3UTR_DCG_Soc1_w_forward_primer	100.000	18	0	0	1	18	7	24	8.02e-07	33.7
M03997:68:000000000-G35DK:1:1101:5056:14781	extended_3UTR_DCG_Soc1_w_forward_primer	100.000	54	0	0	1	54	54	107	2.86e-26	98.7
M03997:68:000000000-G35DK:1:2103:18586:5067	extended_3UTR_DCG_Soc1_w_forward_primer	100.000	39	0	0	1	39	8	46	2.75e-18	71.6
M03997:68:000000000-G35DK:1:2102:19625:22786	extended_3UTR_DCG_Soc1_w_forward_primer	100.000	79	0	0	1	79	13	91	1.19e-39	143
M03997:68:000000000-G35DK:1:2103:20362:4348	extended_3UTR_DCG_Soc1_w_forward_primer	100.000	121	0	0	1	121	13	133	2.98e-62	219
M03997:68:000000000-G35DK:1:2101:11212:12331	extended_3UTR_DCG_Soc1_w_forward_primer	100.000	18	0	0	1	18	7	24	1.15e-06	33.7
M03997:68:000000000-G35DK:1:1104:14517:26226	extended_3UTR_DCG_Soc1_w_forward_primer	100.000	17	0	0	1	17	8	24	2.41e-06	31.9
M03997:68:000000000-G35DK:1:1103:16316:18747	extended_3UTR_DCG_Soc1_w_forward_primer	100.000	100	0	0	1	100	13	112	6.17e-51	181
M03997:68:000000000-G35DK:1:1103:10230:14591	extended_3UTR_DCG_Soc1_w_forward_primer	100.000	34	0	0	1	34	31	64	1.19e-15	62.6
M03997:68:000000000-G35DK:1:1101:19245:20160	extended_3UTR_DCG_Soc1_w_forward_primer	100.000	20	0	0	1	20	7	26	9.84e-08	37.4
M03997:68:000000000-G35DK:1:1104:6650:17156	extended_3UTR_DCG_Soc1_w_forward_primer	100.000	88	0	0	1	88	83	170	6.39e-44	159
M03997:68:000000000-G35DK:1:1102:8033:16655	extended_3UTR_DCG_Soc1_w_forward_primer	100.000	68	0	0	1	68	13	80	9.41e-34	123
M03997:68:000000000-G35DK:1:1102:17836:10911	extended_3UTR_DCG_Soc1_w_forward_primer	100.000	88	0	0	1	88	13	100	1.75e-44	159
M03997:68:000000000-G35DK:1:2101:8309:21209	extended_3UTR_DCG_Soc1_w_forward_primer	100.000	20	0	0	1	20	7	26	5.25e-07	37.4
M03997:68:000000000-G35DK:1:1101:6195:7294	extended_3UTR_DCG_Soc1_w_forward_primer	100.000	37	0	0	1	37	27	63	3.13e-17	68.0
M03997:68:000000000-G35DK:1:1101:10062:14146	extended_3UTR_DCG_Soc1_w_forward_primer	100.000	33	0	0	1	33	7	39	4.00e-15	60.8
M03997:68:000000000-G35DK:1:2102:20988:16573	extended_3UTR_DCG_Soc1_w_forward_primer	98.925	93	1	0	1	93	29	121	1.53e-45	163
M03997:68:000000000-G35DK:1:1104:23302:18323	extended_3UTR_DCG_Soc1_w_forward_primer	100.000	28	0	0	1	28	13	40	1.91e-11	51.8
M03997:68:000000000-G35DK:1:2104:21533:25418	extended_3UTR_DCG_Soc1_w_forward_primer	100.000	22	0	0	1	22	5	26	6.30e-09	41.0
M03997:68:000000000-G35DK:1:1102:27358:12744	extended_3UTR_DCG_Soc1_w_forward_primer	100.000	108	0	0	1	108	13	120	8.87e-55	196
M03997:68:000000000-G35DK:1:1103:19688:8672	extended_3UTR_DCG_Soc1_w_forward_primer	100.000	20	0	0	1	20	7	26	6.58e-08	37.4
M03997:68:000000000-G35DK:1:1104:25419:10688	extended_3UTR_DCG_Soc1_w_forward_primer	100.000	20	0	0	1	20	7	26	6.03e-08	37.4
M03997:68:000000000-G35DK:1:1101:8566:5011	extended_3UTR_DCG_Soc1_w_forward_primer	98.780	82	1	0	1	82	64	145	1.24e-39	143
M03997:68:000000000-G35DK:1:2102:13624:22688	extended_3UTR_DCG_Soc1_w_forward_primer	100.000	86	0	0	1	86	48	133	2.08e-43	156
M03997:68:000000000-G35DK:1:2103:15598:13786	extended_3UTR_DCG_Soc1_w_forward_primer	100.000	104	0	0	1	104	7	110	4.28e-53	188
M03997:68:000000000-G35DK:1:2103:3865:19987	extended_3UTR_DCG_Soc1_w_forward_primer	100.000	28	0	0	1	28	7	34	1.66e-12	51.8
M03997:68:000000000-G35DK:1:2103:11855:18670	extended_3UTR_DCG_Soc1_w_forward_primer	100.000	57	0	0	1	57	26	82	7.17e-28	104
M03997:68:000000000-G35DK:1:1103:25137:9809	extended_3UTR_DCG_Soc1_w_forward_primer	95.312	64	1	1	3	64	28	91	1.00e-26	100
M03997:68:000000000-G35DK:1:1102:11746:24460	extended_3UTR_DCG_Soc1_w_forward_primer	100.000	99	0	0	1	99	12	110	2.13e-50	179
M03997:68:000000000-G35DK:1:1102:25235:19292	extended_3UTR_DCG_Soc1_w_forward_primer	100.000	93	0	0	1	93	13	105	3.59e-47	168
M03997:68:000000000-G35DK:1:1103:15637:16921	extended_3UTR_DCG_Soc1_w_forward_primer	100.000	50	0	0	1	50	110	159	3.97e-24	91.5
M03997:68:000000000-G35DK:1:2104:28506:20002	extended_3UTR_DCG_Soc1_w_forward_primer	100.000	41	0	0	1	41	113	153	2.40e-19	75.2
M03997:68:000000000-G35DK:1:1103:17740:22290	extended_3UTR_DCG_Soc1_w_forward_primer	100.000	16	0	0	1	16	10	25	8.41e-06	30.1
M03997:68:000000000-G35DK:1:1101:8970:5059	extended_3UTR_DCG_Soc1_w_forward_primer	100.000	21	0	0	137	157	1	21	7.65e-08	39.2
M03997:68:000000000-G35DK:1:1103:7697:25542	extended_3UTR_DCG_Soc1_w_forward_primer	100.000	44	0	0	1	44	88	131	6.16e-21	80.6
M03997:68:000000000-G35DK:1:1104:14115:7461	extended_3UTR_DCG_Soc1_w_forward_primer	100.000	18	0	0	1	18	7	24	7.57e-07	33.7
M03997:68:000000000-G35DK:1:2103:22988:10803	extended_3UTR_DCG_Soc1_w_forward_primer	100.000	18	0	0	1	18	7	24	6.40e-06	33.7
M03997:68:000000000-G35DK:1:2102:10848:25099	extended_3UTR_DCG_Soc1_w_forward_primer	100.000	17	0	0	1	17	8	24	1.87e-06	31.9
M03997:68:000000000-G35DK:1:1102:8152:17361	extended_3UTR_DCG_Soc1_w_forward_primer	100.000	20	0	0	1	20	5	24	5.67e-08	37.4
M03997:68:000000000-G35DK:1:2102:18648:28434	extended_3UTR_DCG_Soc1_w_forward_primer	100.000	80	0	0	1	80	64	143	3.47e-40	145
M03997:68:000000000-G35DK:1:1103:8253:8257	extended_3UTR_DCG_Soc1_w_forward_primer	100.000	20	0	0	1	20	5	24	8.02e-08	37.4
M03997:68:000000000-G35DK:1:1103:26651:11814	extended_3UTR_DCG_Soc1_w_forward_primer	100.000	19	0	0	1	19	7	25	5.72e-07	35.6
M03997:68:000000000-G35DK:1:2103:20852:16975	extended_3UTR_DCG_Soc1_w_forward_primer	100.000	21	0	0	65	85	1	21	3.97e-08	39.2
M03997:68:000000000-G35DK:1:2103:10514:6885	extended_3UTR_DCG_Soc1_w_forward_primer	100.000	124	0	0	1	124	13	136	7.21e-64	224
M03997:68:000000000-G35DK:1:2101:26875:12267	extended_3UTR_DCG_Soc1_w_forward_primer	100.000	102	0	0	1	102	26	127	5.10e-52	185
M03997:68:000000000-G35DK:1:2101:20817:27824	extended_3UTR_DCG_Soc1_w_forward_primer	100.000	93	0	0	1	93	7	99	3.59e-47	168
M03997:68:000000000-G35DK:1:1101:14536:22382	extended_3UTR_DCG_Soc1_w_forward_primer	100.000	20	0	0	1	20	7	26	6.21e-08	37.4
M03997:68:000000000-G35DK:1:2101:13210:14418	extended_3UTR_DCG_Soc1_w_forward_primer	100.000	77	0	0	1	77	29	105	1.41e-38	140
M03997:68:000000000-G35DK:1:1103:17291:9952	extended_3UTR_DCG_Soc1_w_forward_primer	95.455	22	1	0	1	22	7	28	1.72e-07	35.6
M03997:68:000000000-G35DK:1:2101:9019:8916	extended_3UTR_DCG_Soc1_w_forward_primer	100.000	25	0	0	54	78	1	25	2.60e-10	46.4
M03997:68:000000000-G35DK:1:2103:16598:22076	extended_3UTR_DCG_Soc1_w_forward_primer	100.000	21	0	0	1	21	5	25	1.05e-08	39.2
M03997:68:000000000-G35DK:1:1101:19882:10903	extended_3UTR_DCG_Soc1_w_forward_primer	100.000	22	0	0	1	22	5	26	2.85e-09	41.0
M03997:68:000000000-G35DK:1:2101:27352:9893	extended_3UTR_DCG_Soc1_w_forward_primer	100.000	18	0	0	1	18	7	24	9.99e-07	33.7
M03997:68:000000000-G35DK:1:1102:13432:15031	extended_3UTR_DCG_Soc1_w_forward_primer	100.000	34	0	0	1	34	31	64	1.38e-15	62.6
M03997:68:000000000-G35DK:1:1101:9768:4877	extended_3UTR_DCG_Soc1_w_forward_primer	76.190	42	5	1	1	42	13	49	4.11e-06	31.9
M03997:68:000000000-G35DK:1:1101:14425:23014	extended_3UTR_DCG_Soc1_w_forward_primer	100.000	60	0	0	1	60	7	66	1.79e-29	109
M03997:68:000000000-G35DK:1:1104:24030:8935	extended_3UTR_DCG_Soc1_w_forward_primer	100.000	109	0	0	1	109	54	162	1.05e-55	197
M03997:68:000000000-G35DK:1:2103:21248:26186	extended_3UTR_DCG_Soc1_w_forward_primer	98.851	87	1	0	1	87	29	115	2.57e-42	152
M03997:68:000000000-G35DK:1:2103:13250:23096	extended_3UTR_DCG_Soc1_w_forward_primer	100.000	18	0	0	1	18	7	24	6.40e-06	33.7
M03997:68:000000000-G35DK:1:1104:19858:25711	extended_3UTR_DCG_Soc1_w_forward_primer	100.000	17	0	0	1	17	8	24	4.49e-06	31.9
M03997:68:000000000-G35DK:1:1101:28589:13741	extended_3UTR_DCG_Soc1_w_forward_primer	100.000	20	0	0	1	20	7	26	2.51e-07	37.4
M03997:68:000000000-G35DK:1:1102:20235:22268	extended_3UTR_DCG_Soc1_w_forward_primer	100.000	50	0	0	1	50	56	105	3.97e-24	91.5
M03997:68:000000000-G35DK:1:2101:22304:10335	extended_3UTR_DCG_Soc1_w_forward_primer	100.000	61	0	0	1	61	31	91	5.24e-30	111
M03997:68:000000000-G35DK:1:2103:5860:6819	extended_3UTR_DCG_Soc1_w_forward_primer	100.000	18	0	0	1	18	7	24	6.90e-07	33.7
M03997:68:000000000-G35DK:1:1103:21155:2616	extended_3UTR_DCG_Soc1_w_forward_primer	100.000	85	0	0	1	85	7	91	7.16e-43	154
M03997:68:000000000-G35DK:1:1101:8600:4856	extended_3UTR_DCG_Soc1_w_forward_primer	100.000	60	0	0	1	60	13	72	1.79e-29	109
M03997:68:000000000-G35DK:1:2103:22959:19112	extended_3UTR_DCG_Soc1_w_forward_primer	100.000	37	0	0	1	37	102	138	3.13e-17	68.0
M03997:68:000000000-G35DK:1:2102:4707:22902	extended_3UTR_DCG_Soc1_w_forward_primer	96.667	30	1	0	1	30	13	42	6.37e-12	50.0
M03997:68:000000000-G35DK:1:2102:27925:19737	extended_3UTR_DCG_Soc1_w_forward_primer	100.000	17	0	0	1	17	10	26	1.55e-06	31.9
M03997:68:000000000-G35DK:1:2101:18013:2949	extended_3UTR_DCG_Soc1_w_forward_primer	98.901	91	1	0	1	91	15	105	1.82e-44	159
M03997:68:000000000-G35DK:1:2102:15476:22435	extended_3UTR_DCG_Soc1_w_forward_primer	100.000	17	0	0	1	17	10	26	2.56e-06	31.9
M03997:68:000000000-G35DK:1:1104:17882:27760	extended_3UTR_DCG_Soc1_w_forward_primer	100.000	82	0	0	1	82	10	91	2.92e-41	149
M03997:68:000000000-G35DK:1:2103:5349:8670	extended_3UTR_DCG_Soc1_w_forward_primer	100.000	25	0	0	65	89	1	25	2.95e-10	46.4
M03997:68:000000000-G35DK:1:2101:14886:3979	extended_3UTR_DCG_Soc1_w_forward_primer	97.468	79	2	0	1	79	13	91	6.18e-37	134
M03997:68:000000000-G35DK:1:1103:16411:14822	extended_3UTR_DCG_Soc1_w_forward_primer	100.000	18	0	0	1	18	7	24	5.34e-07	33.7
M03997:68:000000000-G35DK:1:1101:20452:14198	extended_3UTR_DCG_Soc1_w_forward_primer	100.000	20	0	0	1	20	23	42	6.76e-08	37.4
M03997:68:000000000-G35DK:1:1101:10071:27209	extended_3UTR_DCG_Soc1_w_forward_primer	100.000	39	0	0	1	39	72	110	2.75e-18	71.6
M03997:68:000000000-G35DK:1:1103:5580:24695	extended_3UTR_DCG_Soc1_w_forward_primer	79.167	48	5	1	1	48	7	49	3.93e-09	42.8
M03997:68:000000000-G35DK:1:2103:20578:11660	extended_3UTR_DCG_Soc1_w_forward_primer	100.000	79	0	0	1	79	13	91	1.19e-39	143
M03997:68:000000000-G35DK:1:2103:23707:20104	extended_3UTR_DCG_Soc1_w_forward_primer	100.000	126	0	0	1	126	58	183	6.02e-65	228
M03997:68:000000000-G35DK:1:1104:23465:14859	extended_3UTR_DCG_Soc1_w_forward_primer	100.000	27	0	0	1	27	123	149	8.32e-11	50.0
M03997:68:000000000-G35DK:1:2104:17802:24562	extended_3UTR_DCG_Soc1_w_forward_primer	100.000	62	0	0	1	62	5	66	1.53e-30	113
M03997:68:000000000-G35DK:1:2102:23941:13698	extended_3UTR_DCG_Soc1_w_forward_primer	100.000	55	0	0	1	55	37	91	8.37e-27	100
M03997:68:000000000-G35DK:1:1102:23440:10754	extended_3UTR_DCG_Soc1_w_forward_primer	100.000	19	0	0	1	19	10	28	1.34e-07	35.6
M03997:68:000000000-G35DK:1:2104:11507:3727	extended_3UTR_DCG_Soc1_w_forward_primer	100.000	41	0	0	1	41	18	58	2.40e-19	75.2
M03997:68:000000000-G35DK:1:2103:20056:7537	extended_3UTR_DCG_Soc1_w_forward_primer	100.000	19	0	0	1	19	7	25	1.66e-07	35.6
M03997:68:000000000-G35DK:1:1104:12403:16656	extended_3UTR_DCG_Soc1_w_forward_primer	78.723	47	5	1	1	47	8	49	7.93e-09	41.0
M03997:68:000000000-G35DK:1:1104:16408:15928	extended_3UTR_DCG_Soc1_w_forward_primer	98.113	53	1	0	1	53	83	135	4.15e-24	91.5
M03997:68:000000000-G35DK:1:2103:26977:9123	extended_3UTR_DCG_Soc1_w_forward_primer	99.083	109	1	0	1	109	13	121	3.70e-54	192
M03997:68:000000000-G35DK:1:2101:25288:18029	extended_3UTR_DCG_Soc1_w_forward_primer	100.000	105	0	0	1	105	23	127	1.24e-53	190
M03997:68:000000000-G35DK:1:2104:12089:10620	extended_3UTR_DCG_Soc1_w_forward_primer	99.029	103	1	0	1	103	13	115	6.28e-51	181
M03997:68:000000000-G35DK:1:2102:6877:19529	extended_3UTR_DCG_Soc1_w_forward_primer	100.000	79	0	0	1	79	58	136	1.19e-39	143
M03997:68:000000000-G35DK:1:1103:9469:17682	extended_3UTR_DCG_Soc1_w_forward_primer	100.000	20	0	0	1	20	7	26	3.30e-08	37.4
M03997:68:000000000-G35DK:1:1103:21363:13148	extended_3UTR_DCG_Soc1_w_forward_primer	100.000	20	0	0	1	20	7	26	5.25e-07	37.4
M03997:68:000000000-G35DK:1:1102:17543:22573	extended_3UTR_DCG_Soc1_w_forward_primer	100.000	94	0	0	1	94	56	149	3.53e-47	170
M03997:68:000000000-G35DK:1:2103:5708:20082	extended_3UTR_DCG_Soc1_w_forward_primer	97.619	42	1	0	1	42	121	162	2.55e-17	71.6
M03997:68:000000000-G35DK:1:2102:19920:9618	extended_3UTR_DCG_Soc1_w_forward_primer	100.000	18	0	0	1	18	7	24	6.01e-07	33.7
M03997:68:000000000-G35DK:1:1103:11849:19956	extended_3UTR_DCG_Soc1_w_forward_primer	100.000	69	0	0	1	69	37	105	2.74e-34	125
M03997:68:000000000-G35DK:1:2102:8676:18618	extended_3UTR_DCG_Soc1_w_forward_primer	100.000	102	0	0	1	102	83	184	5.38e-52	185
M03997:68:000000000-G35DK:1:1102:15621:9165	extended_3UTR_DCG_Soc1_w_forward_primer	100.000	39	0	0	1	39	83	121	2.75e-18	71.6
M03997:68:000000000-G35DK:1:2102:15524:6492	extended_3UTR_DCG_Soc1_w_forward_primer	100.000	68	0	0	1	68	13	80	9.41e-34	123
M03997:68:000000000-G35DK:1:2101:2652:14100	extended_3UTR_DCG_Soc1_w_forward_primer	100.000	89	0	0	1	89	60	148	5.08e-45	161
M03997:68:000000000-G35DK:1:1104:10323:14975	extended_3UTR_DCG_Soc1_w_forward_primer	100.000	69	0	0	1	69	37	105	2.74e-34	125
M03997:68:000000000-G35DK:1:2101:24827:10596	extended_3UTR_DCG_Soc1_w_forward_primer	100.000	45	0	0	1	45	113	157	1.81e-21	82.4
M03997:68:000000000-G35DK:1:1102:22110:24492	extended_3UTR_DCG_Soc1_w_forward_primer	100.000	16	0	0	3	18	10	25	5.43e-06	30.1
M03997:68:000000000-G35DK:1:1102:25956:23264	extended_3UTR_DCG_Soc1_w_forward_primer	100.000	45	0	0	1	45	83	127	1.81e-21	82.4
M03997:68:000000000-G35DK:1:1104:11786:17226	extended_3UTR_DCG_Soc1_w_forward_primer	100.000	57	0	0	1	57	56	112	7.17e-28	104
M03997:68:000000000-G35DK:1:1102:16073:20375	extended_3UTR_DCG_Soc1_w_forward_primer	100.000	90	0	0	1	90	23	112	1.47e-45	163
M03997:68:000000000-G35DK:1:2101:16579:14783	extended_3UTR_DCG_Soc1_w_forward_primer	100.000	50	0	0	1	50	72	121	3.97e-24	91.5
M03997:68:000000000-G35DK:1:1104:13377:16121	extended_3UTR_DCG_Soc1_w_forward_primer	100.000	80	0	0	1	80	42	121	3.47e-40	145
M03997:68:000000000-G35DK:1:2101:15589:14598	extended_3UTR_DCG_Soc1_w_forward_primer	98.958	96	1	0	1	96	26	121	3.72e-47	168
M03997:68:000000000-G35DK:1:1103:2871:12410	extended_3UTR_DCG_Soc1_w_forward_primer	100.000	34	0	0	1	34	58	91	1.19e-15	62.6
M03997:68:000000000-G35DK:1:1102:13839:13369	extended_3UTR_DCG_Soc1_w_forward_primer	100.000	96	0	0	1	96	15	110	8.75e-49	174
M03997:68:000000000-G35DK:1:2101:20054:18265	extended_3UTR_DCG_Soc1_w_forward_primer	100.000	31	0	0	1	31	10	40	9.53e-14	57.2
M03997:68:000000000-G35DK:1:1102:25969:12202	extended_3UTR_DCG_Soc1_w_forward_primer	100.000	107	0	0	1	107	37	143	1.04e-54	194
M03997:68:000000000-G35DK:1:2104:5157:8779	extended_3UTR_DCG_Soc1_w_forward_primer	100.000	18	0	0	1	18	7	24	1.31e-06	33.7
M03997:68:000000000-G35DK:1:1103:10561:23078	extended_3UTR_DCG_Soc1_w_forward_primer	100.000	55	0	0	1	55	56	110	8.37e-27	100
M03997:68:000000000-G35DK:1:1103:20504:20084	extended_3UTR_DCG_Soc1_w_forward_primer	100.000	19	0	0	1	19	7	25	4.77e-07	35.6
M03997:68:000000000-G35DK:1:1103:25204:8801	extended_3UTR_DCG_Soc1_w_forward_primer	100.000	110	0	0	1	110	13	122	2.52e-56	199
M03997:68:000000000-G35DK:1:1104:12106:24118	extended_3UTR_DCG_Soc1_w_forward_primer	100.000	63	0	0	1	63	58	120	2.38e-30	114
M03997:68:000000000-G35DK:1:1102:15262:10714	extended_3UTR_DCG_Soc1_w_forward_primer	100.000	84	0	0	1	84	8	91	2.47e-42	152
M03997:68:000000000-G35DK:1:1101:22597:13534	extended_3UTR_DCG_Soc1_w_forward_primer	100.000	26	0	0	51	76	1	26	7.46e-11	48.2
M03997:68:000000000-G35DK:1:1101:5455:10897	extended_3UTR_DCG_Soc1_w_forward_primer	100.000	32	0	0	1	32	6	37	1.34e-14	59.0
M03997:68:000000000-G35DK:1:2104:11531:19837	extended_3UTR_DCG_Soc1_w_forward_primer	100.000	48	0	0	1	48	13	60	4.61e-23	87.8
M03997:68:000000000-G35DK:1:1103:13881:19535	extended_3UTR_DCG_Soc1_w_forward_primer	100.000	17	0	0	1	17	10	26	4.80e-06	31.9
M03997:68:000000000-G35DK:1:2103:3887:11874	extended_3UTR_DCG_Soc1_w_forward_primer	100.000	58	0	0	1	58	48	105	2.10e-28	105
M03997:68:000000000-G35DK:1:1102:18445:14314	extended_3UTR_DCG_Soc1_w_forward_primer	100.000	18	0	0	1	18	7	24	7.13e-07	33.7
M03997:68:000000000-G35DK:1:2102:23353:20391	extended_3UTR_DCG_Soc1_w_forward_primer	100.000	55	0	0	1	55	56	110	8.37e-27	100
M03997:68:000000000-G35DK:1:2103:11636:4972	extended_3UTR_DCG_Soc1_w_forward_primer	100.000	22	0	0	1	22	5	26	3.15e-09	41.0
M03997:68:000000000-G35DK:1:1102:26209:18263	extended_3UTR_DCG_Soc1_w_forward_primer	100.000	30	0	0	1	30	8	37	1.50e-13	55.4
M03997:68:000000000-G35DK:1:1102:11454:14992	extended_3UTR_DCG_Soc1_w_forward_primer	100.000	56	0	0	1	56	66	121	2.45e-27	102
M03997:68:000000000-G35DK:1:1104:29395:16632	extended_3UTR_DCG_Soc1_w_forward_primer	100.000	57	0	0	1	57	26	82	7.17e-28	104
M03997:68:000000000-G35DK:1:1104:25558:8080	extended_3UTR_DCG_Soc1_w_forward_primer	100.000	17	0	0	1	17	8	24	2.25e-06	31.9
M03997:68:000000000-G35DK:1:1104:22612:24158	extended_3UTR_DCG_Soc1_w_forward_primer	100.000	20	0	0	1	20	5	24	9.29e-08	37.4
M03997:68:000000000-G35DK:1:1102:13484:20792	extended_3UTR_DCG_Soc1_w_forward_primer	95.833	24	1	0	82	105	1	24	5.05e-08	39.2
M03997:68:000000000-G35DK:1:2101:14414:2197	extended_3UTR_DCG_Soc1_w_forward_primer	100.000	18	0	0	1	18	7	24	2.15e-06	33.7
M03997:68:000000000-G35DK:1:1104:24537:7132	extended_3UTR_DCG_Soc1_w_forward_primer	100.000	54	0	0	1	54	29	82	2.86e-26	98.7
M03997:68:000000000-G35DK:1:2103:20422:11329	extended_3UTR_DCG_Soc1_w_forward_primer	100.000	21	0	0	60	80	1	21	3.71e-08	39.2
M03997:68:000000000-G35DK:1:1101:4934:14309	extended_3UTR_DCG_Soc1_w_forward_primer	100.000	79	0	0	1	79	13	91	1.19e-39	143
M03997:68:000000000-G35DK:1:2102:14528:27884	extended_3UTR_DCG_Soc1_w_forward_primer	100.000	20	0	0	120	139	5	24	2.38e-07	37.4
M03997:68:000000000-G35DK:1:1103:12815:17042	extended_3UTR_DCG_Soc1_w_forward_primer	100.000	78	0	0	1	78	56	133	4.10e-39	141
M03997:68:000000000-G35DK:1:1102:8915:23008	extended_3UTR_DCG_Soc1_w_forward_primer	100.000	26	0	0	59	84	1	26	8.26e-11	48.2
M03997:68:000000000-G35DK:1:2101:16264:7946	extended_3UTR_DCG_Soc1_w_forward_primer	100.000	45	0	0	1	45	10	54	1.81e-21	82.4
M03997:68:000000000-G35DK:1:2101:21393:3241	extended_3UTR_DCG_Soc1_w_forward_primer	100.000	18	0	0	1	18	7	24	4.02e-07	33.7
M03997:68:000000000-G35DK:1:2103:11698:21223	extended_3UTR_DCG_Soc1_w_forward_primer	100.000	42	0	0	1	42	29	70	7.08e-20	77.0
M03997:68:000000000-G35DK:1:2104:23378:7275	extended_3UTR_DCG_Soc1_w_forward_primer	100.000	18	0	0	1	18	7	24	4.41e-06	33.7
M03997:68:000000000-G35DK:1:2101:15763:6455	extended_3UTR_DCG_Soc1_w_forward_primer	100.000	43	0	0	1	43	99	141	2.09e-20	78.8
M03997:68:000000000-G35DK:1:1102:11296:17519	extended_3UTR_DCG_Soc1_w_forward_primer	100.000	18	0	0	14	31	9	26	7.35e-07	33.7
M03997:68:000000000-G35DK:1:1103:3778:15099	extended_3UTR_DCG_Soc1_w_forward_primer	100.000	18	0	0	1	18	7	24	4.23e-07	33.7
M03997:68:000000000-G35DK:1:1104:24175:9834	extended_3UTR_DCG_Soc1_w_forward_primer	100.000	83	0	0	1	83	54	136	8.49e-42	150
M03997:68:000000000-G35DK:1:2101:27668:14527	extended_3UTR_DCG_Soc1_w_forward_primer	100.000	19	0	0	1	19	7	25	2.04e-07	35.6
M03997:68:000000000-G35DK:1:2101:16452:17741	extended_3UTR_DCG_Soc1_w_forward_primer	98.374	123	0	1	1	121	37	159	1.55e-59	210
M03997:68:000000000-G35DK:1:2101:21773:15363	extended_3UTR_DCG_Soc1_w_forward_primer	100.000	43	0	0	1	43	96	138	2.09e-20	78.8
M03997:68:000000000-G35DK:1:1102:23082:19001	extended_3UTR_DCG_Soc1_w_forward_primer	100.000	100	0	0	1	100	13	112	6.17e-51	181
M03997:68:000000000-G35DK:1:2104:13371:6850	extended_3UTR_DCG_Soc1_w_forward_primer	100.000	19	0	0	1	19	8	26	1.98e-07	35.6
M03997:68:000000000-G35DK:1:2104:19055:22098	extended_3UTR_DCG_Soc1_w_forward_primer	98.925	93	1	0	1	93	13	105	1.53e-45	163
M03997:68:000000000-G35DK:1:1104:21511:22258	extended_3UTR_DCG_Soc1_w_forward_primer	100.000	130	0	0	1	130	13	142	4.20e-67	235
M03997:68:000000000-G35DK:1:1101:12957:16152	extended_3UTR_DCG_Soc1_w_forward_primer	100.000	18	0	0	1	18	7	24	1.38e-06	33.7
M03997:68:000000000-G35DK:1:1103:13714:20996	extended_3UTR_DCG_Soc1_w_forward_primer	100.000	18	0	0	1	18	7	24	2.32e-06	33.7
M03997:68:000000000-G35DK:1:2101:9301:11768	extended_3UTR_DCG_Soc1_w_forward_primer	100.000	74	0	0	1	74	7	80	5.74e-37	134
M03997:68:000000000-G35DK:1:1104:13324:6767	extended_3UTR_DCG_Soc1_w_forward_primer	90.000	30	3	0	1	30	170	199	3.73e-08	41.0
M03997:68:000000000-G35DK:1:2102:15064:21332	extended_3UTR_DCG_Soc1_w_forward_primer	98.958	96	1	0	1	96	26	121	3.72e-47	168
M03997:68:000000000-G35DK:1:2104:27489:22049	extended_3UTR_DCG_Soc1_w_forward_primer	100.000	60	0	0	1	60	54	113	1.79e-29	109
M03997:68:000000000-G35DK:1:2103:20665:6269	extended_3UTR_DCG_Soc1_w_forward_primer	100.000	54	0	0	1	54	13	66	2.86e-26	98.7
M03997:68:000000000-G35DK:1:1104:25192:16072	extended_3UTR_DCG_Soc1_w_forward_primer	100.000	58	0	0	1	58	13	70	2.10e-28	105
M03997:68:000000000-G35DK:1:2102:17797:20025	extended_3UTR_DCG_Soc1_w_forward_primer	100.000	34	0	0	1	34	7	40	1.32e-14	62.6
M03997:68:000000000-G35DK:1:1103:23680:8922	extended_3UTR_DCG_Soc1_w_forward_primer	100.000	60	0	0	1	60	13	72	1.79e-29	109
M03997:68:000000000-G35DK:1:1103:4794:12136	extended_3UTR_DCG_Soc1_w_forward_primer	100.000	21	0	0	66	86	1	21	4.02e-08	39.2
M03997:68:000000000-G35DK:1:2101:20214:4418	extended_3UTR_DCG_Soc1_w_forward_primer	100.000	45	0	0	1	45	110	154	2.30e-21	82.4
M03997:68:000000000-G35DK:1:2102:8727:21112	extended_3UTR_DCG_Soc1_w_forward_primer	100.000	91	0	0	1	91	12	102	4.27e-46	165
M03997:68:000000000-G35DK:1:2104:23762:12579	extended_3UTR_DCG_Soc1_w_forward_primer	100.000	18	0	0	1	18	7	24	5.05e-06	33.7
M03997:68:000000000-G35DK:1:1103:15985:7225	extended_3UTR_DCG_Soc1_w_forward_primer	100.000	53	0	0	1	53	13	65	9.76e-26	96.9
M03997:68:000000000-G35DK:1:1102:8044:17330	extended_3UTR_DCG_Soc1_w_forward_primer	100.000	35	0	0	1	35	48	82	3.55e-16	64.4
M03997:68:000000000-G35DK:1:2101:11623:17246	extended_3UTR_DCG_Soc1_w_forward_primer	100.000	18	0	0	1	18	7	24	1.69e-06	33.7
M03997:68:000000000-G35DK:1:1101:5471:20945	extended_3UTR_DCG_Soc1_w_forward_primer	100.000	101	0	0	14	114	12	112	2.01e-51	183
M03997:68:000000000-G35DK:1:2102:6207:13604	extended_3UTR_DCG_Soc1_w_forward_primer	98.058	103	0	1	1	101	13	115	9.13e-49	174
M03997:68:000000000-G35DK:1:1102:19245:28268	extended_3UTR_DCG_Soc1_w_forward_primer	100.000	19	0	0	1	19	8	26	2.86e-07	35.6
M03997:68:000000000-G35DK:1:1102:23709:20521	extended_3UTR_DCG_Soc1_w_forward_primer	100.000	49	0	0	1	49	54	102	1.35e-23	89.7
M03997:68:000000000-G35DK:1:1103:20015:23800	extended_3UTR_DCG_Soc1_w_forward_primer	100.000	24	0	0	140	163	1	24	1.90e-09	44.6
M03997:68:000000000-G35DK:1:2104:22328:24196	extended_3UTR_DCG_Soc1_w_forward_primer	100.000	52	0	0	1	52	13	64	3.33e-25	95.1
M03997:68:000000000-G35DK:1:2103:16663:16642	extended_3UTR_DCG_Soc1_w_forward_primer	100.000	104	0	0	1	104	42	145	4.28e-53	188
M03997:68:000000000-G35DK:1:2104:25927:23014	extended_3UTR_DCG_Soc1_w_forward_primer	100.000	52	0	0	1	52	13	64	3.33e-25	95.1
M03997:68:000000000-G35DK:1:2103:18590:9521	extended_3UTR_DCG_Soc1_w_forward_primer	100.000	21	0	0	39	59	1	21	2.61e-08	39.2
M03997:68:000000000-G35DK:1:1103:21049:20308	extended_3UTR_DCG_Soc1_w_forward_primer	100.000	44	0	0	1	44	13	56	6.16e-21	80.6
M03997:68:000000000-G35DK:1:1102:16182:19634	extended_3UTR_DCG_Soc1_w_forward_primer	100.000	36	0	0	1	36	21	56	1.05e-16	66.2
M03997:68:000000000-G35DK:1:2102:5929:7090	extended_3UTR_DCG_Soc1_w_forward_primer	100.000	17	0	0	1	17	8	24	5.19e-06	31.9
M03997:68:000000000-G35DK:1:1103:10110:15388	extended_3UTR_DCG_Soc1_w_forward_primer	100.000	24	0	0	82	105	1	24	1.19e-09	44.6
M03997:68:000000000-G35DK:1:1101:21550:26168	extended_3UTR_DCG_Soc1_w_forward_primer	100.000	66	0	0	1	66	7	72	1.11e-32	120
M03997:68:000000000-G35DK:1:1103:18086:14432	extended_3UTR_DCG_Soc1_w_forward_primer	100.000	77	0	0	1	77	15	91	1.41e-38	140
M03997:68:000000000-G35DK:1:1103:10236:3925	extended_3UTR_DCG_Soc1_w_forward_primer	76.190	42	5	1	1	42	13	49	3.64e-06	31.9
M03997:68:000000000-G35DK:1:2104:23915:14220	extended_3UTR_DCG_Soc1_w_forward_primer	100.000	20	0	0	1	20	5	24	8.02e-08	37.4
M03997:68:000000000-G35DK:1:2102:18307:17337	extended_3UTR_DCG_Soc1_w_forward_primer	100.000	87	0	0	1	87	29	115	6.03e-44	158
M03997:68:000000000-G35DK:1:2103:21635:23732	extended_3UTR_DCG_Soc1_w_forward_primer	100.000	49	0	0	1	49	62	110	1.35e-23	89.7
M03997:68:000000000-G35DK:1:2101:12456:16668	extended_3UTR_DCG_Soc1_w_forward_primer	100.000	21	0	0	31	51	1	21	2.19e-08	39.2
M03997:68:000000000-G35DK:1:1101:11185:11440	extended_3UTR_DCG_Soc1_w_forward_primer	100.000	50	0	0	1	50	72	121	3.97e-24	91.5
M03997:68:000000000-G35DK:1:2101:21838:10825	extended_3UTR_DCG_Soc1_w_forward_primer	100.000	58	0	0	1	58	13	70	2.10e-28	105
M03997:68:000000000-G35DK:1:2101:7867:16946	extended_3UTR_DCG_Soc1_w_forward_primer	100.000	60	0	0	1	60	56	115	1.79e-29	109
M03997:68:000000000-G35DK:1:2102:14137:21319	extended_3UTR_DCG_Soc1_w_forward_primer	100.000	44	0	0	1	44	62	105	6.16e-21	80.6
M03997:68:000000000-G35DK:1:1101:14905:4607	extended_3UTR_DCG_Soc1_w_forward_primer	100.000	70	0	0	1	70	37	106	7.99e-35	127
M03997:68:000000000-G35DK:1:1101:24694:18916	extended_3UTR_DCG_Soc1_w_forward_primer	100.000	18	0	0	1	18	7	24	5.34e-07	33.7
