M03997:68:000000000-G35DK:1:2101:19689:13018	extended_3UTR_DCG_Soc1_w_forward_primer	100.000	48	0	0	1	48	13	60	4.61e-23	87.8
M03997:68:000000000-G35DK:1:2102:10620:10190	extended_3UTR_DCG_Soc1_w_forward_primer	100.000	19	0	0	1	19	8	26	3.37e-07	35.6
M03997:68:000000000-G35DK:1:1104:2975:13619	extended_3UTR_DCG_Soc1_w_forward_primer	100.000	19	0	0	1	19	6	24	1.22e-07	35.6
M03997:68:000000000-G35DK:1:2102:22864:8697	extended_3UTR_DCG_Soc1_w_forward_primer	100.000	24	0	0	36	59	1	24	6.38e-10	44.6
M03997:68:000000000-G35DK:1:1101:25714:15946	extended_3UTR_DCG_Soc1_w_forward_primer	98.000	50	1	0	1	50	56	105	1.69e-22	86.0
M03997:68:000000000-G35DK:1:2103:17711:19730	extended_3UTR_DCG_Soc1_w_forward_primer	100.000	46	0	0	1	46	107	152	5.34e-22	84.2
M03997:68:000000000-G35DK:1:1102:16901:4071	extended_3UTR_DCG_Soc1_w_forward_primer	100.000	131	0	0	1	131	13	143	1.21e-67	237
M03997:68:000000000-G35DK:1:1102:18315:28607	extended_3UTR_DCG_Soc1_w_forward_primer	98.864	88	1	0	1	88	13	100	7.44e-43	154
M03997:68:000000000-G35DK:1:2103:18282:9653	extended_3UTR_DCG_Soc1_w_forward_primer	97.980	99	2	0	1	99	12	110	1.10e-47	170
M03997:68:000000000-G35DK:1:1103:8382:19883	extended_3UTR_DCG_Soc1_w_forward_primer	100.000	145	0	0	1	145	13	157	3.40e-75	262
M03997:68:000000000-G35DK:1:2102:25010:24344	extended_3UTR_DCG_Soc1_w_forward_primer	100.000	18	0	0	1	18	7	24	1.09e-06	33.7
M03997:68:000000000-G35DK:1:2103:24787:10598	extended_3UTR_DCG_Soc1_w_forward_primer	76.190	42	5	1	1	42	13	49	7.57e-06	31.9
M03997:68:000000000-G35DK:1:1102:18055:7584	extended_3UTR_DCG_Soc1_w_forward_primer	97.561	82	0	1	1	80	47	128	1.80e-37	136
M03997:68:000000000-G35DK:1:1104:25908:11550	extended_3UTR_DCG_Soc1_w_forward_primer	100.000	40	0	0	1	40	7	46	8.12e-19	73.4
M03997:68:000000000-G35DK:1:2101:22820:13755	extended_3UTR_DCG_Soc1_w_forward_primer	100.000	42	0	0	1	42	50	91	7.08e-20	77.0
M03997:68:000000000-G35DK:1:1102:9989:16313	extended_3UTR_DCG_Soc1_w_forward_primer	100.000	30	0	0	1	30	29	58	1.50e-13	55.4
M03997:68:000000000-G35DK:1:2101:11985:8946	extended_3UTR_DCG_Soc1_w_forward_primer	100.000	36	0	0	1	36	29	64	1.05e-16	66.2
M03997:68:000000000-G35DK:1:1104:25146:6821	extended_3UTR_DCG_Soc1_w_forward_primer	100.000	25	0	0	125	149	1	25	4.91e-10	46.4
M03997:68:000000000-G35DK:1:1103:6761:15448	extended_3UTR_DCG_Soc1_w_forward_primer	100.000	93	0	0	1	93	13	105	3.59e-47	168
M03997:68:000000000-G35DK:1:2103:27074:11664	extended_3UTR_DCG_Soc1_w_forward_primer	100.000	31	0	0	1	31	7	37	4.49e-14	57.2
M03997:68:000000000-G35DK:1:1102:27414:12944	extended_3UTR_DCG_Soc1_w_forward_primer	100.000	77	0	0	1	77	26	102	1.41e-38	140
M03997:68:000000000-G35DK:1:1102:6913:8641	extended_3UTR_DCG_Soc1_w_forward_primer	100.000	93	0	0	1	93	29	121	3.59e-47	168
M03997:68:000000000-G35DK:1:2103:9801:23497	extended_3UTR_DCG_Soc1_w_forward_primer	100.000	59	0	0	1	59	50	108	6.13e-29	107
M03997:68:000000000-G35DK:1:2103:12423:12688	extended_3UTR_DCG_Soc1_w_forward_primer	98.913	92	1	0	1	92	8	99	5.27e-45	161
M03997:68:000000000-G35DK:1:2102:16523:14235	extended_3UTR_DCG_Soc1_w_forward_primer	100.000	71	0	0	1	71	42	112	2.33e-35	129
M03997:68:000000000-G35DK:1:1103:7129:15782	extended_3UTR_DCG_Soc1_w_forward_primer	100.000	82	0	0	1	82	54	135	2.92e-41	149
M03997:68:000000000-G35DK:1:2103:24158:22469	extended_3UTR_DCG_Soc1_w_forward_primer	96.429	56	2	0	1	56	60	115	1.27e-24	93.3
M03997:68:000000000-G35DK:1:1103:12306:17473	extended_3UTR_DCG_Soc1_w_forward_primer	99.020	102	1	0	1	102	56	157	2.17e-50	179
M03997:68:000000000-G35DK:1:1104:17079:25085	extended_3UTR_DCG_Soc1_w_forward_primer	76.190	42	5	1	1	42	13	49	9.58e-06	31.9
M03997:68:000000000-G35DK:1:1101:12671:22926	extended_3UTR_DCG_Soc1_w_forward_primer	76.190	42	5	1	1	42	13	49	3.49e-06	31.9
M03997:68:000000000-G35DK:1:2101:16109:25958	extended_3UTR_DCG_Soc1_w_forward_primer	100.000	67	0	0	1	67	70	136	3.23e-33	122
M03997:68:000000000-G35DK:1:1101:23205:21282	extended_3UTR_DCG_Soc1_w_forward_primer	100.000	20	0	0	1	20	5	24	3.47e-08	37.4
M03997:68:000000000-G35DK:1:1102:10375:7259	extended_3UTR_DCG_Soc1_w_forward_primer	97.059	34	1	0	1	34	72	105	5.07e-14	57.2
M03997:68:000000000-G35DK:1:1102:20058:11424	extended_3UTR_DCG_Soc1_w_forward_primer	100.000	18	0	0	1	18	7	24	4.90e-07	33.7
M03997:68:000000000-G35DK:1:2101:24194:10662	extended_3UTR_DCG_Soc1_w_forward_primer	100.000	96	0	0	1	96	56	151	8.85e-49	174
M03997:68:000000000-G35DK:1:2102:20958:16395	extended_3UTR_DCG_Soc1_w_forward_primer	76.190	42	5	1	1	42	13	49	9.89e-06	31.9
M03997:68:000000000-G35DK:1:2103:8299:6434	extended_3UTR_DCG_Soc1_w_forward_primer	100.000	18	0	0	1	18	7	24	2.32e-06	33.7
M03997:68:000000000-G35DK:1:1102:16956:9623	extended_3UTR_DCG_Soc1_w_forward_primer	100.000	21	0	0	30	50	1	21	2.20e-08	39.2
M03997:68:000000000-G35DK:1:2103:22483:20406	extended_3UTR_DCG_Soc1_w_forward_primer	96.552	58	0	1	1	56	48	105	1.27e-24	93.3
M03997:68:000000000-G35DK:1:2101:23247:26821	extended_3UTR_DCG_Soc1_w_forward_primer	100.000	18	0	0	1	18	7	24	4.90e-07	33.7
M03997:68:000000000-G35DK:1:1104:3411:11295	extended_3UTR_DCG_Soc1_w_forward_primer	100.000	59	0	0	1	59	83	141	6.38e-29	107
M03997:68:000000000-G35DK:1:2104:9109:4914	extended_3UTR_DCG_Soc1_w_forward_primer	100.000	135	0	0	1	135	13	147	8.44e-70	244
M03997:68:000000000-G35DK:1:1102:2288:13400	extended_3UTR_DCG_Soc1_w_forward_primer	100.000	127	0	0	1	127	7	133	1.74e-65	230
M03997:68:000000000-G35DK:1:2101:12335:20881	extended_3UTR_DCG_Soc1_w_forward_primer	100.000	50	0	0	1	50	31	80	3.97e-24	91.5
M03997:68:000000000-G35DK:1:1103:15395:11681	extended_3UTR_DCG_Soc1_w_forward_primer	100.000	28	0	0	1	28	113	140	1.66e-12	51.8
M03997:68:000000000-G35DK:1:2103:8044:15629	extended_3UTR_DCG_Soc1_w_forward_primer	100.000	92	0	0	1	92	21	112	1.24e-46	167
M03997:68:000000000-G35DK:1:2103:19679:2844	extended_3UTR_DCG_Soc1_w_forward_primer	100.000	31	0	0	5	35	26	56	5.27e-14	57.2
M03997:68:000000000-G35DK:1:2104:21383:8741	extended_3UTR_DCG_Soc1_w_forward_primer	100.000	62	0	0	1	62	23	84	1.53e-30	113
M03997:68:000000000-G35DK:1:1104:24707:15118	extended_3UTR_DCG_Soc1_w_forward_primer	100.000	93	0	0	1	93	13	105	3.59e-47	168
M03997:68:000000000-G35DK:1:1104:20493:13973	extended_3UTR_DCG_Soc1_w_forward_primer	100.000	109	0	0	1	109	13	121	8.70e-56	197
M03997:68:000000000-G35DK:1:2103:23697:17361	extended_3UTR_DCG_Soc1_w_forward_primer	100.000	148	0	0	1	148	13	160	9.23e-77	268
M03997:68:000000000-G35DK:1:1101:19657:22704	extended_3UTR_DCG_Soc1_w_forward_primer	100.000	18	0	0	1	18	7	24	9.32e-07	33.7
M03997:68:000000000-G35DK:1:2103:22905:12734	extended_3UTR_DCG_Soc1_w_forward_primer	100.000	89	0	0	1	89	19	107	5.08e-45	161
M03997:68:000000000-G35DK:1:1103:15987:16063	extended_3UTR_DCG_Soc1_w_forward_primer	97.959	49	1	0	1	49	10	58	5.76e-22	84.2
M03997:68:000000000-G35DK:1:1104:22781:5920	extended_3UTR_DCG_Soc1_w_forward_primer	100.000	63	0	0	1	63	102	164	4.46e-31	114
M03997:68:000000000-G35DK:1:2103:18428:21799	extended_3UTR_DCG_Soc1_w_forward_primer	95.000	60	3	0	1	60	7	66	3.95e-25	95.1
M03997:68:000000000-G35DK:1:2101:29524:14502	extended_3UTR_DCG_Soc1_w_forward_primer	99.038	104	1	0	1	104	23	126	1.82e-51	183
M03997:68:000000000-G35DK:1:2101:20040:24789	extended_3UTR_DCG_Soc1_w_forward_primer	98.485	66	1	0	1	66	50	115	4.71e-31	114
M03997:68:000000000-G35DK:1:1104:25776:17620	extended_3UTR_DCG_Soc1_w_forward_primer	100.000	65	0	0	1	65	46	110	3.80e-32	118
M03997:68:000000000-G35DK:1:1102:6617:13619	extended_3UTR_DCG_Soc1_w_forward_primer	100.000	20	0	0	1	20	5	24	9.29e-08	37.4
M03997:68:000000000-G35DK:1:1104:20268:23873	extended_3UTR_DCG_Soc1_w_forward_primer	100.000	52	0	0	1	52	13	64	3.33e-25	95.1
M03997:68:000000000-G35DK:1:1104:9277:14310	extended_3UTR_DCG_Soc1_w_forward_primer	100.000	20	0	0	1	20	5	24	1.62e-07	37.4
M03997:68:000000000-G35DK:1:2103:10845:16312	extended_3UTR_DCG_Soc1_w_forward_primer	98.571	70	1	0	1	70	64	133	3.40e-33	122
M03997:68:000000000-G35DK:1:1104:6920:9865	extended_3UTR_DCG_Soc1_w_forward_primer	100.000	19	0	0	1	19	7	25	3.18e-07	35.6
M03997:68:000000000-G35DK:1:2103:28563:17920	extended_3UTR_DCG_Soc1_w_forward_primer	100.000	72	0	0	1	72	56	127	6.77e-36	131
M03997:68:000000000-G35DK:1:1102:7584:8160	extended_3UTR_DCG_Soc1_w_forward_primer	100.000	21	0	0	1	21	5	25	2.15e-08	39.2
M03997:68:000000000-G35DK:1:1104:15539:8426	extended_3UTR_DCG_Soc1_w_forward_primer	100.000	17	0	0	1	17	8	24	1.79e-06	31.9
M03997:68:000000000-G35DK:1:1104:12513:2970	extended_3UTR_DCG_Soc1_w_forward_primer	100.000	109	0	0	1	109	58	166	2.54e-55	197
M03997:68:000000000-G35DK:1:1102:20160:17025	extended_3UTR_DCG_Soc1_w_forward_primer	100.000	72	0	0	1	72	50	121	6.77e-36	131
M03997:68:000000000-G35DK:1:1103:26884:7062	extended_3UTR_DCG_Soc1_w_forward_primer	100.000	64	0	0	1	64	58	121	1.30e-31	116
M03997:68:000000000-G35DK:1:1101:19205:23512	extended_3UTR_DCG_Soc1_w_forward_primer	100.000	17	0	0	1	17	8	24	1.63e-06	31.9
M03997:68:000000000-G35DK:1:2102:9904:3036	extended_3UTR_DCG_Soc1_w_forward_primer	100.000	18	0	0	1	18	7	24	6.90e-07	33.7
M03997:68:000000000-G35DK:1:2103:24004:10243	extended_3UTR_DCG_Soc1_w_forward_primer	100.000	84	0	0	1	84	29	112	2.47e-42	152
M03997:68:000000000-G35DK:1:1102:15133:28599	extended_3UTR_DCG_Soc1_w_forward_primer	100.000	20	0	0	1	20	7	26	6.76e-08	37.4
M03997:68:000000000-G35DK:1:1101:7225:23477	extended_3UTR_DCG_Soc1_w_forward_primer	100.000	18	0	0	1	18	7	24	2.32e-06	33.7
M03997:68:000000000-G35DK:1:2102:20536:10826	extended_3UTR_DCG_Soc1_w_forward_primer	95.000	20	1	0	1	20	8	27	2.02e-06	31.9
M03997:68:000000000-G35DK:1:1103:19380:18511	extended_3UTR_DCG_Soc1_w_forward_primer	100.000	36	0	0	1	36	29	64	1.05e-16	66.2
M03997:68:000000000-G35DK:1:1104:24969:14245	extended_3UTR_DCG_Soc1_w_forward_primer	92.593	27	1	1	1	26	7	33	4.20e-08	37.4
M03997:68:000000000-G35DK:1:2101:22739:25002	extended_3UTR_DCG_Soc1_w_forward_primer	100.000	17	0	0	1	17	5	21	7.80e-07	31.9
M03997:68:000000000-G35DK:1:1103:7581:18484	extended_3UTR_DCG_Soc1_w_forward_primer	100.000	85	0	0	1	85	26	110	7.16e-43	154
M03997:68:000000000-G35DK:1:1101:13964:26443	extended_3UTR_DCG_Soc1_w_forward_primer	100.000	106	0	0	1	106	48	153	3.81e-54	192
M03997:68:000000000-G35DK:1:1104:24170:22161	extended_3UTR_DCG_Soc1_w_forward_primer	100.000	102	0	0	1	102	20	121	5.10e-52	185
M03997:68:000000000-G35DK:1:2104:20861:8381	extended_3UTR_DCG_Soc1_w_forward_primer	100.000	20	0	0	1	20	5	24	1.40e-07	37.4
M03997:68:000000000-G35DK:1:2103:15912:18108	extended_3UTR_DCG_Soc1_w_forward_primer	100.000	121	0	0	1	121	13	133	2.98e-62	219
M03997:68:000000000-G35DK:1:1103:21751:24523	extended_3UTR_DCG_Soc1_w_forward_primer	100.000	129	0	0	1	129	7	135	1.45e-66	233
M03997:68:000000000-G35DK:1:1101:8993:23044	extended_3UTR_DCG_Soc1_w_forward_primer	100.000	54	0	0	1	54	13	66	2.86e-26	98.7
M03997:68:000000000-G35DK:1:2103:22508:14950	extended_3UTR_DCG_Soc1_w_forward_primer	100.000	78	0	0	1	78	66	143	4.10e-39	141
M03997:68:000000000-G35DK:1:2104:21300:11169	extended_3UTR_DCG_Soc1_w_forward_primer	100.000	18	0	0	1	18	7	24	1.71e-06	33.7
M03997:68:000000000-G35DK:1:1103:8953:15353	extended_3UTR_DCG_Soc1_w_forward_primer	98.864	88	1	0	1	88	13	100	7.44e-43	154
M03997:68:000000000-G35DK:1:2101:16545:6012	extended_3UTR_DCG_Soc1_w_forward_primer	100.000	76	0	0	1	76	58	133	4.85e-38	138
M03997:68:000000000-G35DK:1:2104:5202:13391	extended_3UTR_DCG_Soc1_w_forward_primer	100.000	17	0	0	1	17	8	24	8.03e-06	31.9
M03997:68:000000000-G35DK:1:2104:17800:17156	extended_3UTR_DCG_Soc1_w_forward_primer	98.361	61	1	0	1	61	54	114	2.23e-28	105
M03997:68:000000000-G35DK:1:2102:24668:9638	extended_3UTR_DCG_Soc1_w_forward_primer	99.454	183	0	1	1	182	5	187	5.27e-93	322
M03997:68:000000000-G35DK:1:2104:15611:24525	extended_3UTR_DCG_Soc1_w_forward_primer	100.000	34	0	0	1	34	56	89	1.19e-15	62.6
M03997:68:000000000-G35DK:1:1103:19399:15440	extended_3UTR_DCG_Soc1_w_forward_primer	100.000	21	0	0	94	114	1	21	5.41e-08	39.2
M03997:68:000000000-G35DK:1:1103:14824:28942	extended_3UTR_DCG_Soc1_w_forward_primer	100.000	91	0	0	1	91	10	100	4.27e-46	165
M03997:68:000000000-G35DK:1:2104:10895:20063	extended_3UTR_DCG_Soc1_w_forward_primer	100.000	72	0	0	1	72	62	133	6.77e-36	131
M03997:68:000000000-G35DK:1:2102:12786:18724	extended_3UTR_DCG_Soc1_w_forward_primer	100.000	44	0	0	1	44	13	56	6.16e-21	80.6
M03997:68:000000000-G35DK:1:1101:20989:18644	extended_3UTR_DCG_Soc1_w_forward_primer	98.077	52	1	0	1	52	31	82	1.42e-23	89.7
M03997:68:000000000-G35DK:1:2102:7137:20981	extended_3UTR_DCG_Soc1_w_forward_primer	97.143	35	1	0	1	35	12	46	1.51e-14	59.0
M03997:68:000000000-G35DK:1:1104:25853:8855	extended_3UTR_DCG_Soc1_w_forward_primer	76.190	42	5	1	1	42	13	49	5.81e-06	31.9
M03997:68:000000000-G35DK:1:1101:15171:4180	extended_3UTR_DCG_Soc1_w_forward_primer	100.000	18	0	0	1	18	7	24	7.13e-07	33.7
M03997:68:000000000-G35DK:1:2103:9432:15417	extended_3UTR_DCG_Soc1_w_forward_primer	97.222	36	1	0	1	36	118	153	4.60e-14	60.8
M03997:68:000000000-G35DK:1:2102:22722:6362	extended_3UTR_DCG_Soc1_w_forward_primer	97.561	123	1	1	1	123	13	133	1.92e-58	206
M03997:68:000000000-G35DK:1:1103:17301:28344	extended_3UTR_DCG_Soc1_w_forward_primer	100.000	20	0	0	1	20	5	24	3.47e-08	37.4
M03997:68:000000000-G35DK:1:2103:13633:12242	extended_3UTR_DCG_Soc1_w_forward_primer	100.000	113	0	0	1	113	19	131	6.10e-58	205
M03997:68:000000000-G35DK:1:2104:28891:16963	extended_3UTR_DCG_Soc1_w_forward_primer	96.825	63	2	0	1	63	29	91	2.31e-28	105
M03997:68:000000000-G35DK:1:1101:13686:15125	extended_3UTR_DCG_Soc1_w_forward_primer	100.000	18	0	0	1	18	7	24	1.27e-06	33.7
M03997:68:000000000-G35DK:1:1104:10985:17914	extended_3UTR_DCG_Soc1_w_forward_primer	100.000	18	0	0	1	18	7	24	5.34e-07	33.7
M03997:68:000000000-G35DK:1:2102:17244:28999	extended_3UTR_DCG_Soc1_w_forward_primer	98.913	92	1	0	1	92	13	104	5.27e-45	161
M03997:68:000000000-G35DK:1:2102:19248:3176	extended_3UTR_DCG_Soc1_w_forward_primer	100.000	67	0	0	1	67	54	120	3.23e-33	122
M03997:68:000000000-G35DK:1:2102:19804:9719	extended_3UTR_DCG_Soc1_w_forward_primer	99.057	106	1	0	1	106	7	112	1.53e-52	187
M03997:68:000000000-G35DK:1:1104:24144:15840	extended_3UTR_DCG_Soc1_w_forward_primer	100.000	22	0	0	1	22	5	26	5.70e-09	41.0
M03997:68:000000000-G35DK:1:2101:19848:14898	extended_3UTR_DCG_Soc1_w_forward_primer	100.000	20	0	0	1	20	5	24	3.84e-08	37.4
M03997:68:000000000-G35DK:1:2103:26905:14192	extended_3UTR_DCG_Soc1_w_forward_primer	98.667	75	1	0	1	75	26	100	7.10e-36	131
M03997:68:000000000-G35DK:1:1103:15798:3367	extended_3UTR_DCG_Soc1_w_forward_primer	100.000	18	0	0	1	18	7	24	1.42e-06	33.7
M03997:68:000000000-G35DK:1:1103:14075:8890	extended_3UTR_DCG_Soc1_w_forward_primer	100.000	17	0	0	1	17	8	24	3.26e-06	31.9
M03997:68:000000000-G35DK:1:1104:19755:12343	extended_3UTR_DCG_Soc1_w_forward_primer	100.000	93	0	0	1	93	13	105	3.59e-47	168
M03997:68:000000000-G35DK:1:1104:5363:11746	extended_3UTR_DCG_Soc1_w_forward_primer	100.000	20	0	0	1	20	7	26	5.85e-08	37.4
M03997:68:000000000-G35DK:1:2101:26638:9489	extended_3UTR_DCG_Soc1_w_forward_primer	100.000	52	0	0	1	52	54	105	3.33e-25	95.1
M03997:68:000000000-G35DK:1:1103:27616:21965	extended_3UTR_DCG_Soc1_w_forward_primer	100.000	18	0	0	1	18	7	24	8.24e-07	33.7
M03997:68:000000000-G35DK:1:2103:18097:7730	extended_3UTR_DCG_Soc1_w_forward_primer	100.000	33	0	0	1	33	13	45	4.00e-15	60.8
M03997:68:000000000-G35DK:1:2102:10965:15909	extended_3UTR_DCG_Soc1_w_forward_primer	100.000	75	0	0	1	75	104	178	1.67e-37	136
M03997:68:000000000-G35DK:1:2104:26128:10228	extended_3UTR_DCG_Soc1_w_forward_primer	99.010	101	1	0	1	101	21	121	7.49e-50	178
M03997:68:000000000-G35DK:1:1103:19271:3332	extended_3UTR_DCG_Soc1_w_forward_primer	100.000	61	0	0	1	61	54	114	5.24e-30	111
M03997:68:000000000-G35DK:1:1104:11311:24983	extended_3UTR_DCG_Soc1_w_forward_primer	100.000	21	0	0	111	131	1	21	6.30e-08	39.2
M03997:68:000000000-G35DK:1:1102:15400:13713	extended_3UTR_DCG_Soc1_w_forward_primer	100.000	47	0	0	1	47	29	75	1.57e-22	86.0
M03997:68:000000000-G35DK:1:2104:15894:6588	extended_3UTR_DCG_Soc1_w_forward_primer	100.000	86	0	0	1	86	106	191	2.08e-43	156
M03997:68:000000000-G35DK:1:1101:9059:4265	extended_3UTR_DCG_Soc1_w_forward_primer	99.174	121	1	0	1	121	13	133	1.27e-60	214
M03997:68:000000000-G35DK:1:2102:16949:22013	extended_3UTR_DCG_Soc1_w_forward_primer	100.000	52	0	0	1	52	64	115	3.33e-25	95.1
M03997:68:000000000-G35DK:1:2104:21676:10416	extended_3UTR_DCG_Soc1_w_forward_primer	100.000	21	0	0	61	81	1	21	3.76e-08	39.2
M03997:68:000000000-G35DK:1:1103:17644:14481	extended_3UTR_DCG_Soc1_w_forward_primer	100.000	18	0	0	1	18	7	24	8.24e-07	33.7
M03997:68:000000000-G35DK:1:1101:12056:22564	extended_3UTR_DCG_Soc1_w_forward_primer	100.000	61	0	0	1	61	31	91	5.24e-30	111
M03997:68:000000000-G35DK:1:1104:15032:14261	extended_3UTR_DCG_Soc1_w_forward_primer	100.000	20	0	0	1	20	7	26	4.94e-08	37.4
M03997:68:000000000-G35DK:1:2102:27051:13950	extended_3UTR_DCG_Soc1_w_forward_primer	100.000	21	0	0	47	67	1	21	3.03e-08	39.2
M03997:68:000000000-G35DK:1:2102:26098:13663	extended_3UTR_DCG_Soc1_w_forward_primer	97.561	41	1	0	1	41	72	112	1.02e-17	69.8
M03997:68:000000000-G35DK:1:2103:10963:9472	extended_3UTR_DCG_Soc1_w_forward_primer	100.000	68	0	0	1	68	54	121	9.41e-34	123
M03997:68:000000000-G35DK:1:1104:14291:25296	extended_3UTR_DCG_Soc1_w_forward_primer	100.000	18	0	0	1	18	7	24	6.68e-07	33.7
M03997:68:000000000-G35DK:1:2104:17009:5073	extended_3UTR_DCG_Soc1_w_forward_primer	97.222	72	0	1	1	70	20	91	4.14e-32	118
M03997:68:000000000-G35DK:1:1102:17598:26188	extended_3UTR_DCG_Soc1_w_forward_primer	98.462	65	1	0	1	65	54	118	1.62e-30	113
M03997:68:000000000-G35DK:1:1101:18775:16079	extended_3UTR_DCG_Soc1_w_forward_primer	100.000	62	0	0	1	62	21	82	1.53e-30	113
M03997:68:000000000-G35DK:1:2102:12625:15146	extended_3UTR_DCG_Soc1_w_forward_primer	100.000	17	0	0	1	17	8	24	2.41e-06	31.9
M03997:68:000000000-G35DK:1:2104:21676:15490	extended_3UTR_DCG_Soc1_w_forward_primer	98.039	51	0	1	1	50	112	162	4.03e-21	84.2
M03997:68:000000000-G35DK:1:2104:25899:21285	extended_3UTR_DCG_Soc1_w_forward_primer	100.000	109	0	0	1	109	58	166	2.54e-55	197
M03997:68:000000000-G35DK:1:1103:13681:19310	extended_3UTR_DCG_Soc1_w_forward_primer	100.000	50	0	0	1	50	7	56	3.97e-24	91.5
M03997:68:000000000-G35DK:1:1101:15952:22200	extended_3UTR_DCG_Soc1_w_forward_primer	100.000	90	0	0	1	90	12	101	1.47e-45	163
M03997:68:000000000-G35DK:1:1103:4272:23163	extended_3UTR_DCG_Soc1_w_forward_primer	99.083	109	1	0	1	109	13	121	3.70e-54	192
M03997:68:000000000-G35DK:1:1102:19500:19552	extended_3UTR_DCG_Soc1_w_forward_primer	76.190	42	5	1	1	42	13	49	5.19e-06	31.9
M03997:68:000000000-G35DK:1:2101:26004:19420	extended_3UTR_DCG_Soc1_w_forward_primer	100.000	100	0	0	1	100	13	112	6.17e-51	181
M03997:68:000000000-G35DK:1:2101:5845:17001	extended_3UTR_DCG_Soc1_w_forward_primer	100.000	20	0	0	1	20	7	26	9.84e-08	37.4
M03997:68:000000000-G35DK:1:2102:10456:12751	extended_3UTR_DCG_Soc1_w_forward_primer	100.000	80	0	0	1	80	64	143	3.47e-40	145
M03997:68:000000000-G35DK:1:2103:28758:16457	extended_3UTR_DCG_Soc1_w_forward_primer	76.190	42	5	1	1	42	13	49	6.74e-06	31.9
M03997:68:000000000-G35DK:1:2102:13725:13461	extended_3UTR_DCG_Soc1_w_forward_primer	100.000	20	0	0	1	20	5	24	4.39e-08	37.4
M03997:68:000000000-G35DK:1:1103:2524:11703	extended_3UTR_DCG_Soc1_w_forward_primer	100.000	21	0	0	100	120	1	21	5.72e-08	39.2
M03997:68:000000000-G35DK:1:1102:27511:15463	extended_3UTR_DCG_Soc1_w_forward_primer	98.165	109	0	1	1	107	13	121	5.38e-52	185
M03997:68:000000000-G35DK:1:1104:9493:3893	extended_3UTR_DCG_Soc1_w_forward_primer	76.744	43	5	1	14	56	12	49	3.65e-06	33.7
M03997:68:000000000-G35DK:1:2103:9473:23959	extended_3UTR_DCG_Soc1_w_forward_primer	100.000	79	0	0	1	79	13	91	1.19e-39	143
M03997:68:000000000-G35DK:1:1104:25375:22649	extended_3UTR_DCG_Soc1_w_forward_primer	100.000	18	0	0	30	47	4	21	8.68e-07	33.7
M03997:68:000000000-G35DK:1:2104:2615:17324	extended_3UTR_DCG_Soc1_w_forward_primer	100.000	41	0	0	1	41	83	123	2.40e-19	75.2
M03997:68:000000000-G35DK:1:1103:6997:12038	extended_3UTR_DCG_Soc1_w_forward_primer	100.000	109	0	0	1	109	13	121	8.70e-56	197
M03997:68:000000000-G35DK:1:2102:19218:22398	extended_3UTR_DCG_Soc1_w_forward_primer	99.200	125	1	0	1	125	12	136	8.86e-63	221
M03997:68:000000000-G35DK:1:1101:16851:11584	extended_3UTR_DCG_Soc1_w_forward_primer	100.000	20	0	0	1	20	7	26	5.25e-07	37.4
M03997:68:000000000-G35DK:1:1104:2214:16667	extended_3UTR_DCG_Soc1_w_forward_primer	96.491	57	2	0	1	57	66	122	3.72e-25	95.1
M03997:68:000000000-G35DK:1:2102:14646:14230	extended_3UTR_DCG_Soc1_w_forward_primer	98.684	76	1	0	1	76	37	112	2.06e-36	132
M03997:68:000000000-G35DK:1:2102:18955:10812	extended_3UTR_DCG_Soc1_w_forward_primer	79.167	48	5	1	1	48	7	49	3.04e-09	42.8
M03997:68:000000000-G35DK:1:1101:4756:15321	extended_3UTR_DCG_Soc1_w_forward_primer	100.000	21	0	0	1	21	6	26	1.50e-07	39.2
M03997:68:000000000-G35DK:1:1104:13659:16630	extended_3UTR_DCG_Soc1_w_forward_primer	100.000	64	0	0	1	64	58	121	1.30e-31	116
M03997:68:000000000-G35DK:1:1102:9997:23644	extended_3UTR_DCG_Soc1_w_forward_primer	100.000	52	0	0	1	52	13	64	3.48e-25	95.1
M03997:68:000000000-G35DK:1:1103:10826:6075	extended_3UTR_DCG_Soc1_w_forward_primer	98.131	107	2	0	1	107	13	119	5.38e-52	185
M03997:68:000000000-G35DK:1:2101:21177:2456	extended_3UTR_DCG_Soc1_w_forward_primer	100.000	75	0	0	1	75	62	136	1.67e-37	136
M03997:68:000000000-G35DK:1:2104:11566:4934	extended_3UTR_DCG_Soc1_w_forward_primer	98.592	71	1	0	1	71	13	83	9.89e-34	123
M03997:68:000000000-G35DK:1:1102:17863:17751	extended_3UTR_DCG_Soc1_w_forward_primer	100.000	19	0	0	1	19	7	25	4.01e-07	35.6
M03997:68:000000000-G35DK:1:2101:18789:7739	extended_3UTR_DCG_Soc1_w_forward_primer	97.753	89	0	1	1	87	27	115	3.12e-41	149
M03997:68:000000000-G35DK:1:1101:19341:16752	extended_3UTR_DCG_Soc1_w_forward_primer	95.455	44	2	0	1	44	127	170	2.55e-17	71.6
M03997:68:000000000-G35DK:1:2104:24826:24829	extended_3UTR_DCG_Soc1_w_forward_primer	100.000	36	0	0	1	36	86	121	1.05e-16	66.2
M03997:68:000000000-G35DK:1:2104:21191:18718	extended_3UTR_DCG_Soc1_w_forward_primer	100.000	56	0	0	1	56	13	68	2.45e-27	102
M03997:68:000000000-G35DK:1:2101:21678:4759	extended_3UTR_DCG_Soc1_w_forward_primer	100.000	17	0	0	1	17	8	24	4.73e-06	31.9
M03997:68:000000000-G35DK:1:1102:19373:14200	extended_3UTR_DCG_Soc1_w_forward_primer	100.000	17	0	0	2	18	10	26	2.49e-06	31.9
M03997:68:000000000-G35DK:1:2101:9648:20623	extended_3UTR_DCG_Soc1_w_forward_primer	98.980	98	1	0	1	98	13	110	3.13e-48	172
M03997:68:000000000-G35DK:1:1104:21607:12136	extended_3UTR_DCG_Soc1_w_forward_primer	100.000	37	0	0	1	37	83	119	3.13e-17	68.0
M03997:68:000000000-G35DK:1:2103:21389:9839	extended_3UTR_DCG_Soc1_w_forward_primer	98.592	71	1	0	1	71	58	128	9.89e-34	123
M03997:68:000000000-G35DK:1:2101:17683:9351	extended_3UTR_DCG_Soc1_w_forward_primer	100.000	80	0	0	2	81	75	154	4.77e-40	145
M03997:68:000000000-G35DK:1:2102:21353:23891	extended_3UTR_DCG_Soc1_w_forward_primer	76.190	42	5	1	1	42	13	49	4.11e-06	31.9
M03997:68:000000000-G35DK:1:2103:27675:19440	extended_3UTR_DCG_Soc1_w_forward_primer	100.000	103	0	0	1	103	13	115	1.48e-52	187
M03997:68:000000000-G35DK:1:2101:20932:20445	extended_3UTR_DCG_Soc1_w_forward_primer	100.000	114	0	0	1	114	74	187	1.76e-58	206
M03997:68:000000000-G35DK:1:1103:24715:25113	extended_3UTR_DCG_Soc1_w_forward_primer	100.000	18	0	0	1	18	7	24	5.34e-07	33.7
M03997:68:000000000-G35DK:1:1103:25840:12263	extended_3UTR_DCG_Soc1_w_forward_primer	76.190	42	5	1	1	42	13	49	8.96e-06	31.9
M03997:68:000000000-G35DK:1:2103:7836:11087	extended_3UTR_DCG_Soc1_w_forward_primer	100.000	18	0	0	1	18	7	24	1.82e-06	33.7
M03997:68:000000000-G35DK:1:1101:16517:21443	extended_3UTR_DCG_Soc1_w_forward_primer	98.901	91	1	0	1	91	74	164	1.82e-44	159
M03997:68:000000000-G35DK:1:2102:11999:9665	extended_3UTR_DCG_Soc1_w_forward_primer	100.000	21	0	0	95	115	1	21	5.46e-08	39.2
M03997:68:000000000-G35DK:1:2101:24009:8903	extended_3UTR_DCG_Soc1_w_forward_primer	100.000	17	0	0	1	17	8	24	4.88e-06	31.9
M03997:68:000000000-G35DK:1:2102:18102:13237	extended_3UTR_DCG_Soc1_w_forward_primer	100.000	97	0	0	1	97	37	133	2.54e-49	176
M03997:68:000000000-G35DK:1:2104:16516:10337	extended_3UTR_DCG_Soc1_w_forward_primer	100.000	54	0	0	1	54	62	115	2.86e-26	98.7
M03997:68:000000000-G35DK:1:2104:18510:7528	extended_3UTR_DCG_Soc1_w_forward_primer	100.000	18	0	0	1	18	7	24	9.32e-07	33.7
M03997:68:000000000-G35DK:1:2104:18421:25417	extended_3UTR_DCG_Soc1_w_forward_primer	100.000	46	0	0	1	46	125	170	4.03e-21	84.2
M03997:68:000000000-G35DK:1:2102:11021:2159	extended_3UTR_DCG_Soc1_w_forward_primer	100.000	22	0	0	1	22	5	26	3.45e-09	41.0
M03997:68:000000000-G35DK:1:1104:9133:5199	extended_3UTR_DCG_Soc1_w_forward_primer	100.000	82	0	0	1	82	29	110	2.92e-41	149
M03997:68:000000000-G35DK:1:2104:19471:17399	extended_3UTR_DCG_Soc1_w_forward_primer	100.000	48	0	0	1	48	58	105	4.61e-23	87.8
M03997:68:000000000-G35DK:1:2102:16471:9085	extended_3UTR_DCG_Soc1_w_forward_primer	100.000	51	0	0	1	51	83	133	1.13e-24	93.3
M03997:68:000000000-G35DK:1:1103:19498:24880	extended_3UTR_DCG_Soc1_w_forward_primer	100.000	56	0	0	1	56	60	115	2.45e-27	102
M03997:68:000000000-G35DK:1:1102:13600:21485	extended_3UTR_DCG_Soc1_w_forward_primer	100.000	18	0	0	1	18	7	24	1.66e-06	33.7
M03997:68:000000000-G35DK:1:1101:25259:10315	extended_3UTR_DCG_Soc1_w_forward_primer	100.000	143	0	0	1	143	13	155	4.20e-74	259
M03997:68:000000000-G35DK:1:2103:29396:13965	extended_3UTR_DCG_Soc1_w_forward_primer	100.000	19	0	0	1	19	7	25	2.11e-07	35.6
M03997:68:000000000-G35DK:1:1103:18316:8583	extended_3UTR_DCG_Soc1_w_forward_primer	98.864	88	1	0	1	88	56	143	7.44e-43	154
M03997:68:000000000-G35DK:1:1101:23286:11197	extended_3UTR_DCG_Soc1_w_forward_primer	100.000	24	0	0	82	105	1	24	1.19e-09	44.6
M03997:68:000000000-G35DK:1:2104:18977:13815	extended_3UTR_DCG_Soc1_w_forward_primer	100.000	18	0	0	1	18	7	24	4.90e-07	33.7
M03997:68:000000000-G35DK:1:1101:2619:15907	extended_3UTR_DCG_Soc1_w_forward_primer	100.000	100	0	0	1	100	37	136	6.17e-51	181
M03997:68:000000000-G35DK:1:2101:15238:9007	extended_3UTR_DCG_Soc1_w_forward_primer	100.000	64	0	0	1	64	7	70	1.30e-31	116
M03997:68:000000000-G35DK:1:1101:21962:22247	extended_3UTR_DCG_Soc1_w_forward_primer	100.000	58	0	0	1	58	7	64	2.10e-28	105
M03997:68:000000000-G35DK:1:2102:10755:8146	extended_3UTR_DCG_Soc1_w_forward_primer	100.000	28	0	0	1	28	13	40	2.07e-12	51.8
M03997:68:000000000-G35DK:1:2101:15744:24266	extended_3UTR_DCG_Soc1_w_forward_primer	100.000	18	0	0	1	18	7	24	6.40e-06	33.7
M03997:68:000000000-G35DK:1:2104:24676:6032	extended_3UTR_DCG_Soc1_w_forward_primer	100.000	18	0	0	1	18	7	24	6.40e-06	33.7
M03997:68:000000000-G35DK:1:1101:14195:17723	extended_3UTR_DCG_Soc1_w_forward_primer	98.214	56	1	0	1	56	107	162	1.15e-25	96.9
M03997:68:000000000-G35DK:1:1104:15250:16894	extended_3UTR_DCG_Soc1_w_forward_primer	96.875	64	0	1	1	64	15	76	8.22e-28	104
M03997:68:000000000-G35DK:1:1103:6171:22258	extended_3UTR_DCG_Soc1_w_forward_primer	100.000	54	0	0	1	54	13	66	2.86e-26	98.7
M03997:68:000000000-G35DK:1:2103:16743:21887	extended_3UTR_DCG_Soc1_w_forward_primer	100.000	36	0	0	5	40	56	91	1.21e-16	66.2
M03997:68:000000000-G35DK:1:2102:20701:14717	extended_3UTR_DCG_Soc1_w_forward_primer	100.000	119	0	0	1	119	37	155	9.47e-61	215
M03997:68:000000000-G35DK:1:2104:10961:23930	extended_3UTR_DCG_Soc1_w_forward_primer	98.947	95	1	0	1	95	26	120	1.28e-46	167
M03997:68:000000000-G35DK:1:1101:8252:10684	extended_3UTR_DCG_Soc1_w_forward_primer	100.000	64	0	0	1	64	58	121	1.30e-31	116
M03997:68:000000000-G35DK:1:1104:11925:18089	extended_3UTR_DCG_Soc1_w_forward_primer	100.000	18	0	0	1	18	7	24	1.09e-06	33.7
M03997:68:000000000-G35DK:1:1103:10834:18994	extended_3UTR_DCG_Soc1_w_forward_primer	100.000	97	0	0	1	97	52	148	2.54e-49	176
M03997:68:000000000-G35DK:1:2101:11131:5128	extended_3UTR_DCG_Soc1_w_forward_primer	100.000	37	0	0	1	37	85	121	3.13e-17	68.0
M03997:68:000000000-G35DK:1:2104:6926:12732	extended_3UTR_DCG_Soc1_w_forward_primer	100.000	109	0	0	1	109	13	121	8.70e-56	197
M03997:68:000000000-G35DK:1:2101:21516:5290	extended_3UTR_DCG_Soc1_w_forward_primer	100.000	35	0	0	1	35	113	147	3.55e-16	64.4
M03997:68:000000000-G35DK:1:2102:9912:17036	extended_3UTR_DCG_Soc1_w_forward_primer	100.000	54	0	0	1	54	54	107	2.86e-26	98.7
M03997:68:000000000-G35DK:1:1103:11812:12846	extended_3UTR_DCG_Soc1_w_forward_primer	100.000	50	0	0	1	50	13	62	3.97e-24	91.5
M03997:68:000000000-G35DK:1:1104:7130:22415	extended_3UTR_DCG_Soc1_w_forward_primer	100.000	20	0	0	1	20	7	26	5.25e-07	37.4
M03997:68:000000000-G35DK:1:1102:10381:17628	extended_3UTR_DCG_Soc1_w_forward_primer	100.000	20	0	0	1	20	7	26	6.76e-08	37.4
M03997:68:000000000-G35DK:1:1103:15281:6890	extended_3UTR_DCG_Soc1_w_forward_primer	100.000	20	0	0	1	20	7	26	5.25e-07	37.4
M03997:68:000000000-G35DK:1:2101:25017:25784	extended_3UTR_DCG_Soc1_w_forward_primer	100.000	20	0	0	1	20	5	24	5.25e-07	37.4
M03997:68:000000000-G35DK:1:1102:10088:12499	extended_3UTR_DCG_Soc1_w_forward_primer	100.000	17	0	0	1	17	8	24	1.63e-06	31.9
M03997:68:000000000-G35DK:1:2102:9541:9924	extended_3UTR_DCG_Soc1_w_forward_primer	100.000	68	0	0	1	68	29	96	9.41e-34	123
M03997:68:000000000-G35DK:1:1103:6446:16472	extended_3UTR_DCG_Soc1_w_forward_primer	100.000	42	0	0	1	42	58	99	7.08e-20	77.0
M03997:68:000000000-G35DK:1:2102:23335:23015	extended_3UTR_DCG_Soc1_w_forward_primer	98.148	54	1	0	1	54	48	101	1.22e-24	93.3
M03997:68:000000000-G35DK:1:1101:17125:20495	extended_3UTR_DCG_Soc1_w_forward_primer	100.000	89	0	0	1	89	13	101	5.08e-45	161
M03997:68:000000000-G35DK:1:1103:11098:4050	extended_3UTR_DCG_Soc1_w_forward_primer	100.000	21	0	0	1	21	5	25	2.45e-08	39.2
M03997:68:000000000-G35DK:1:1104:17675:28833	extended_3UTR_DCG_Soc1_w_forward_primer	98.113	106	0	1	1	104	13	118	2.22e-50	179
M03997:68:000000000-G35DK:1:1102:19318:27381	extended_3UTR_DCG_Soc1_w_forward_primer	100.000	54	0	0	1	54	13	66	2.86e-26	98.7
M03997:68:000000000-G35DK:1:1104:26671:15457	extended_3UTR_DCG_Soc1_w_forward_primer	100.000	18	0	0	1	18	7	24	6.40e-06	33.7
M03997:68:000000000-G35DK:1:2102:14205:22931	extended_3UTR_DCG_Soc1_w_forward_primer	97.297	74	0	1	1	72	31	104	3.51e-33	122
M03997:68:000000000-G35DK:1:1103:28436:16251	extended_3UTR_DCG_Soc1_w_forward_primer	100.000	74	0	0	1	74	48	121	5.74e-37	134
M03997:68:000000000-G35DK:1:2104:9846:18435	extended_3UTR_DCG_Soc1_w_forward_primer	100.000	43	0	0	1	43	12	54	2.09e-20	78.8
M03997:68:000000000-G35DK:1:1102:16831:22365	extended_3UTR_DCG_Soc1_w_forward_primer	100.000	18	0	0	1	18	7	24	4.90e-07	33.7
M03997:68:000000000-G35DK:1:2102:21007:23794	extended_3UTR_DCG_Soc1_w_forward_primer	100.000	91	0	0	1	91	29	119	4.27e-46	165
M03997:68:000000000-G35DK:1:1102:13376:4040	extended_3UTR_DCG_Soc1_w_forward_primer	100.000	18	0	0	1	18	7	24	1.09e-06	33.7
M03997:68:000000000-G35DK:1:2103:14591:8164	extended_3UTR_DCG_Soc1_w_forward_primer	100.000	42	0	0	1	42	13	54	7.08e-20	77.0
M03997:68:000000000-G35DK:1:2103:21459:18677	extended_3UTR_DCG_Soc1_w_forward_primer	100.000	50	0	0	1	50	13	62	3.97e-24	91.5
M03997:68:000000000-G35DK:1:2103:25581:7867	extended_3UTR_DCG_Soc1_w_forward_primer	100.000	18	0	0	1	18	7	24	1.66e-06	33.7
M03997:68:000000000-G35DK:1:1103:20610:3693	extended_3UTR_DCG_Soc1_w_forward_primer	100.000	18	0	0	1	18	7	24	9.77e-07	33.7
M03997:68:000000000-G35DK:1:2103:22111:16578	extended_3UTR_DCG_Soc1_w_forward_primer	100.000	106	0	0	1	106	54	159	3.59e-54	192
M03997:68:000000000-G35DK:1:2104:20986:16463	extended_3UTR_DCG_Soc1_w_forward_primer	100.000	42	0	0	1	42	113	154	7.92e-20	77.0
M03997:68:000000000-G35DK:1:1101:12722:27802	extended_3UTR_DCG_Soc1_w_forward_primer	100.000	20	0	0	1	20	5	24	1.53e-07	37.4
M03997:68:000000000-G35DK:1:1103:7734:7020	extended_3UTR_DCG_Soc1_w_forward_primer	100.000	55	0	0	1	55	37	91	8.37e-27	100
M03997:68:000000000-G35DK:1:1103:12148:23881	extended_3UTR_DCG_Soc1_w_forward_primer	98.936	94	1	0	1	94	7	100	4.43e-46	165
M03997:68:000000000-G35DK:1:2104:17760:10120	extended_3UTR_DCG_Soc1_w_forward_primer	98.462	65	1	0	1	65	72	136	1.62e-30	113
M03997:68:000000000-G35DK:1:1104:16580:25498	extended_3UTR_DCG_Soc1_w_forward_primer	100.000	18	0	0	1	18	7	24	6.40e-06	33.7
M03997:68:000000000-G35DK:1:1103:8891:20331	extended_3UTR_DCG_Soc1_w_forward_primer	100.000	66	0	0	1	66	26	91	1.11e-32	120
M03997:68:000000000-G35DK:1:1101:10734:7578	extended_3UTR_DCG_Soc1_w_forward_primer	100.000	20	0	0	1	20	5	24	6.21e-08	37.4
M03997:68:000000000-G35DK:1:2103:13680:22340	extended_3UTR_DCG_Soc1_w_forward_primer	98.039	51	1	0	1	51	13	63	4.83e-23	87.8
M03997:68:000000000-G35DK:1:2101:12474:17262	extended_3UTR_DCG_Soc1_w_forward_primer	100.000	127	0	0	1	127	38	164	1.74e-65	230
M03997:68:000000000-G35DK:1:2101:15068:8436	extended_3UTR_DCG_Soc1_w_forward_primer	98.851	87	1	0	1	87	13	99	2.57e-42	152
M03997:68:000000000-G35DK:1:1103:17367:8322	extended_3UTR_DCG_Soc1_w_forward_primer	100.000	100	0	0	1	100	13	112	6.17e-51	181
M03997:68:000000000-G35DK:1:1103:17009:25306	extended_3UTR_DCG_Soc1_w_forward_primer	94.667	75	4	0	1	75	125	199	1.96e-31	118
M03997:68:000000000-G35DK:1:2101:23104:18360	extended_3UTR_DCG_Soc1_w_forward_primer	100.000	33	0	0	1	33	83	115	4.00e-15	60.8
M03997:68:000000000-G35DK:1:2102:21089:21366	extended_3UTR_DCG_Soc1_w_forward_primer	100.000	24	0	0	75	98	1	24	1.12e-09	44.6
M03997:68:000000000-G35DK:1:2102:23031:19168	extended_3UTR_DCG_Soc1_w_forward_primer	100.000	54	0	0	1	54	13	66	2.99e-26	98.7
M03997:68:000000000-G35DK:1:1104:13191:8281	extended_3UTR_DCG_Soc1_w_forward_primer	100.000	47	0	0	1	47	113	159	1.57e-22	86.0
M03997:68:000000000-G35DK:1:1102:23043:24856	extended_3UTR_DCG_Soc1_w_forward_primer	96.774	93	3	0	1	93	107	199	2.72e-42	154
M03997:68:000000000-G35DK:1:2103:8971:11726	extended_3UTR_DCG_Soc1_w_forward_primer	100.000	17	0	0	1	17	8	24	1.63e-06	31.9
M03997:68:000000000-G35DK:1:2103:26003:23246	extended_3UTR_DCG_Soc1_w_forward_primer	98.649	148	2	0	1	148	15	162	8.86e-74	259
M03997:68:000000000-G35DK:1:1102:27887:19527	extended_3UTR_DCG_Soc1_w_forward_primer	100.000	58	0	0	1	58	42	99	2.10e-28	105
M03997:68:000000000-G35DK:1:1101:4522:21665	extended_3UTR_DCG_Soc1_w_forward_primer	97.500	80	2	0	1	80	54	133	1.80e-37	136
M03997:68:000000000-G35DK:1:2104:28751:18652	extended_3UTR_DCG_Soc1_w_forward_primer	100.000	18	0	0	1	18	7	24	1.49e-06	33.7
M03997:68:000000000-G35DK:1:1102:11596:21045	extended_3UTR_DCG_Soc1_w_forward_primer	100.000	83	0	0	1	83	54	136	8.49e-42	150
M03997:68:000000000-G35DK:1:2102:13866:14218	extended_3UTR_DCG_Soc1_w_forward_primer	100.000	52	0	0	1	52	75	126	3.33e-25	95.1
M03997:68:000000000-G35DK:1:1101:15509:6225	extended_3UTR_DCG_Soc1_w_forward_primer	100.000	18	0	0	1	18	7	24	6.40e-06	33.7
M03997:68:000000000-G35DK:1:2101:18479:14558	extended_3UTR_DCG_Soc1_w_forward_primer	100.000	46	0	0	1	46	93	138	5.34e-22	84.2
M03997:68:000000000-G35DK:1:1101:6302:11142	extended_3UTR_DCG_Soc1_w_forward_primer	100.000	20	0	0	1	20	5	24	2.16e-07	37.4
M03997:68:000000000-G35DK:1:2104:19597:8851	extended_3UTR_DCG_Soc1_w_forward_primer	100.000	18	0	0	1	18	145	162	9.13e-07	33.7
M03997:68:000000000-G35DK:1:2104:5225:13725	extended_3UTR_DCG_Soc1_w_forward_primer	100.000	18	0	0	1	18	7	24	2.32e-06	33.7
M03997:68:000000000-G35DK:1:2101:14984:27306	extended_3UTR_DCG_Soc1_w_forward_primer	100.000	24	0	0	86	109	1	24	1.24e-09	44.6
M03997:68:000000000-G35DK:1:2104:13894:11628	extended_3UTR_DCG_Soc1_w_forward_primer	100.000	33	0	0	1	33	13	45	4.00e-15	60.8
M03997:68:000000000-G35DK:1:1103:17397:12157	extended_3UTR_DCG_Soc1_w_forward_primer	100.000	42	0	0	1	42	74	115	7.08e-20	77.0
M03997:68:000000000-G35DK:1:2104:5728:20060	extended_3UTR_DCG_Soc1_w_forward_primer	98.485	66	1	0	1	66	56	121	4.71e-31	114
M03997:68:000000000-G35DK:1:1103:6788:13890	extended_3UTR_DCG_Soc1_w_forward_primer	100.000	24	0	0	42	65	1	24	7.12e-10	44.6
M03997:68:000000000-G35DK:1:2104:19861:26128	extended_3UTR_DCG_Soc1_w_forward_primer	100.000	24	0	0	82	105	1	24	1.19e-09	44.6
M03997:68:000000000-G35DK:1:1101:9881:8128	extended_3UTR_DCG_Soc1_w_forward_primer	100.000	87	0	0	1	87	21	107	6.03e-44	158
M03997:68:000000000-G35DK:1:2102:13523:22748	extended_3UTR_DCG_Soc1_w_forward_primer	100.000	67	0	0	1	67	72	138	3.23e-33	122
M03997:68:000000000-G35DK:1:2104:8992:19656	extended_3UTR_DCG_Soc1_w_forward_primer	100.000	18	0	0	1	18	7	24	2.90e-06	33.7
M03997:68:000000000-G35DK:1:2102:8717:9839	extended_3UTR_DCG_Soc1_w_forward_primer	100.000	18	0	0	1	18	7	24	7.13e-07	33.7
M03997:68:000000000-G35DK:1:1102:14851:19747	extended_3UTR_DCG_Soc1_w_forward_primer	100.000	87	0	0	1	87	13	99	6.03e-44	158
M03997:68:000000000-G35DK:1:2101:6003:24676	extended_3UTR_DCG_Soc1_w_forward_primer	100.000	20	0	0	74	93	2	21	1.53e-07	37.4
M03997:68:000000000-G35DK:1:2104:20218:20720	extended_3UTR_DCG_Soc1_w_forward_primer	100.000	79	0	0	1	79	13	91	1.19e-39	143
M03997:68:000000000-G35DK:1:1102:20884:26729	extended_3UTR_DCG_Soc1_w_forward_primer	98.413	63	1	0	1	63	88	150	1.01e-28	109
M03997:68:000000000-G35DK:1:2102:9630:22685	extended_3UTR_DCG_Soc1_w_forward_primer	100.000	18	0	0	1	18	7	24	4.45e-07	33.7
M03997:68:000000000-G35DK:1:1103:25099:18713	extended_3UTR_DCG_Soc1_w_forward_primer	100.000	24	0	0	112	135	1	24	1.55e-09	44.6
M03997:68:000000000-G35DK:1:1103:21777:18011	extended_3UTR_DCG_Soc1_w_forward_primer	100.000	63	0	0	1	63	29	91	4.46e-31	114
M03997:68:000000000-G35DK:1:1104:26515:22315	extended_3UTR_DCG_Soc1_w_forward_primer	100.000	71	0	0	1	71	21	91	2.33e-35	129
M03997:68:000000000-G35DK:1:1103:10561:21255	extended_3UTR_DCG_Soc1_w_forward_primer	100.000	18	0	0	1	18	7	24	1.04e-06	33.7
M03997:68:000000000-G35DK:1:2104:18095:12210	extended_3UTR_DCG_Soc1_w_forward_primer	99.038	104	1	0	1	104	34	137	1.82e-51	183
M03997:68:000000000-G35DK:1:2101:11027:9162	extended_3UTR_DCG_Soc1_w_forward_primer	100.000	42	0	0	1	42	74	115	7.08e-20	77.0
M03997:68:000000000-G35DK:1:2103:10651:10002	extended_3UTR_DCG_Soc1_w_forward_primer	99.206	126	1	0	1	126	13	138	2.56e-63	223
M03997:68:000000000-G35DK:1:2102:3476:11134	extended_3UTR_DCG_Soc1_w_forward_primer	100.000	21	0	0	120	140	4	24	6.87e-08	39.2
M03997:68:000000000-G35DK:1:2102:18433:18283	extended_3UTR_DCG_Soc1_w_forward_primer	99.083	109	1	0	1	109	13	121	3.70e-54	192
M03997:68:000000000-G35DK:1:1102:6684:13694	extended_3UTR_DCG_Soc1_w_forward_primer	100.000	81	0	0	1	81	21	101	1.01e-40	147
M03997:68:000000000-G35DK:1:1103:26704:14575	extended_3UTR_DCG_Soc1_w_forward_primer	100.000	18	0	0	1	18	7	24	1.69e-06	33.7
M03997:68:000000000-G35DK:1:1103:19631:9824	extended_3UTR_DCG_Soc1_w_forward_primer	100.000	48	0	0	1	48	13	60	4.61e-23	87.8
M03997:68:000000000-G35DK:1:1104:3461:12332	extended_3UTR_DCG_Soc1_w_forward_primer	100.000	109	0	0	1	109	13	121	8.70e-56	197
M03997:68:000000000-G35DK:1:2103:4329:18156	extended_3UTR_DCG_Soc1_w_forward_primer	100.000	18	0	0	1	18	7	24	7.13e-07	33.7
M03997:68:000000000-G35DK:1:1103:20609:13752	extended_3UTR_DCG_Soc1_w_forward_primer	100.000	54	0	0	1	54	13	66	2.86e-26	98.7
M03997:68:000000000-G35DK:1:1104:22904:16592	extended_3UTR_DCG_Soc1_w_forward_primer	100.000	18	0	0	40	57	1	18	1.07e-06	33.7
M03997:68:000000000-G35DK:1:1103:10140:2963	extended_3UTR_DCG_Soc1_w_forward_primer	98.413	63	1	0	1	63	64	126	1.90e-29	109
M03997:68:000000000-G35DK:1:2103:10358:13689	extended_3UTR_DCG_Soc1_w_forward_primer	100.000	20	0	0	1	20	7	26	6.76e-08	37.4
M03997:68:000000000-G35DK:1:1104:13215:14294	extended_3UTR_DCG_Soc1_w_forward_primer	100.000	21	0	0	37	57	1	21	2.51e-08	39.2
M03997:68:000000000-G35DK:1:1101:25763:16249	extended_3UTR_DCG_Soc1_w_forward_primer	100.000	18	0	0	1	18	7	24	4.23e-07	33.7
M03997:68:000000000-G35DK:1:1103:11448:20916	extended_3UTR_DCG_Soc1_w_forward_primer	100.000	96	0	0	1	96	26	121	8.75e-49	174
M03997:68:000000000-G35DK:1:2103:21390:19155	extended_3UTR_DCG_Soc1_w_forward_primer	100.000	19	0	0	1	19	8	26	1.72e-07	35.6
M03997:68:000000000-G35DK:1:1104:26172:16040	extended_3UTR_DCG_Soc1_w_forward_primer	100.000	37	0	0	1	37	118	154	3.10e-16	68.0
M03997:68:000000000-G35DK:1:2102:19222:16237	extended_3UTR_DCG_Soc1_w_forward_primer	100.000	18	0	0	1	18	7	24	8.02e-07	33.7
M03997:68:000000000-G35DK:1:2102:23350:15451	extended_3UTR_DCG_Soc1_w_forward_primer	79.167	48	5	1	1	48	7	49	5.64e-09	42.8
M03997:68:000000000-G35DK:1:2103:22022:6341	extended_3UTR_DCG_Soc1_w_forward_primer	98.165	109	0	1	1	107	13	121	5.38e-52	185
M03997:68:000000000-G35DK:1:1102:8244:16629	extended_3UTR_DCG_Soc1_w_forward_primer	100.000	48	0	0	1	48	107	154	1.65e-22	87.8
M03997:68:000000000-G35DK:1:1101:24889:24513	extended_3UTR_DCG_Soc1_w_forward_primer	100.000	58	0	0	1	58	83	140	2.10e-28	105
M03997:68:000000000-G35DK:1:2104:6894:18921	extended_3UTR_DCG_Soc1_w_forward_primer	100.000	18	0	0	1	18	7	24	8.46e-07	33.7
M03997:68:000000000-G35DK:1:2103:10478:26998	extended_3UTR_DCG_Soc1_w_forward_primer	100.000	54	0	0	1	54	102	155	1.83e-25	98.7
M03997:68:000000000-G35DK:1:2103:9899:25768	extended_3UTR_DCG_Soc1_w_forward_primer	100.000	18	0	0	1	18	7	24	4.90e-07	33.7
M03997:68:000000000-G35DK:1:2102:8408:23706	extended_3UTR_DCG_Soc1_w_forward_primer	100.000	18	0	0	1	18	7	24	4.02e-07	33.7
M03997:68:000000000-G35DK:1:1103:15798:17916	extended_3UTR_DCG_Soc1_w_forward_primer	100.000	20	0	0	1	20	5	24	1.17e-07	37.4
M03997:68:000000000-G35DK:1:2104:18257:14847	extended_3UTR_DCG_Soc1_w_forward_primer	98.507	67	1	0	1	67	60	126	6.82e-31	116
M03997:68:000000000-G35DK:1:2101:17819:18358	extended_3UTR_DCG_Soc1_w_forward_primer	79.167	48	5	1	1	48	7	49	5.47e-09	42.8
M03997:68:000000000-G35DK:1:1104:9880:18015	extended_3UTR_DCG_Soc1_w_forward_primer	100.000	85	0	0	1	85	21	105	7.16e-43	154
M03997:68:000000000-G35DK:1:1103:20216:22022	extended_3UTR_DCG_Soc1_w_forward_primer	100.000	60	0	0	1	60	21	80	1.79e-29	109
M03997:68:000000000-G35DK:1:1102:5976:8704	extended_3UTR_DCG_Soc1_w_forward_primer	76.190	42	5	1	1	42	13	49	9.73e-06	31.9
M03997:68:000000000-G35DK:1:1101:13410:25290	extended_3UTR_DCG_Soc1_w_forward_primer	100.000	65	0	0	1	65	56	120	1.96e-31	118
M03997:68:000000000-G35DK:1:1104:4763:15168	extended_3UTR_DCG_Soc1_w_forward_primer	96.667	90	3	0	1	90	66	155	3.37e-41	149
M03997:68:000000000-G35DK:1:1104:14370:26816	extended_3UTR_DCG_Soc1_w_forward_primer	100.000	103	0	0	1	103	13	115	1.48e-52	187
M03997:68:000000000-G35DK:1:2102:14204:5935	extended_3UTR_DCG_Soc1_w_forward_primer	97.701	87	0	1	1	85	27	113	3.71e-40	145
M03997:68:000000000-G35DK:1:2104:23740:7249	extended_3UTR_DCG_Soc1_w_forward_primer	100.000	62	0	0	1	62	46	107	1.53e-30	113
M03997:68:000000000-G35DK:1:1103:23990:14351	extended_3UTR_DCG_Soc1_w_forward_primer	99.048	105	1	0	1	105	13	117	6.60e-52	185
M03997:68:000000000-G35DK:1:2104:8058:8564	extended_3UTR_DCG_Soc1_w_forward_primer	100.000	27	0	0	1	27	13	39	5.50e-12	50.0
M03997:68:000000000-G35DK:1:1101:29299:17215	extended_3UTR_DCG_Soc1_w_forward_primer	100.000	18	0	0	1	18	7	24	1.82e-06	33.7
M03997:68:000000000-G35DK:1:1102:20519:16826	extended_3UTR_DCG_Soc1_w_forward_primer	100.000	18	0	0	1	18	7	24	1.66e-06	33.7
M03997:68:000000000-G35DK:1:2103:24631:15853	extended_3UTR_DCG_Soc1_w_forward_primer	100.000	17	0	0	1	17	8	24	3.26e-06	31.9
M03997:68:000000000-G35DK:1:2102:8170:16984	extended_3UTR_DCG_Soc1_w_forward_primer	100.000	18	0	0	1	18	7	24	2.00e-06	33.7
M03997:68:000000000-G35DK:1:2103:4594:20332	extended_3UTR_DCG_Soc1_w_forward_primer	100.000	79	0	0	1	79	13	91	1.19e-39	143
M03997:68:000000000-G35DK:1:2102:16725:28828	extended_3UTR_DCG_Soc1_w_forward_primer	100.000	21	0	0	62	82	1	21	3.81e-08	39.2
M03997:68:000000000-G35DK:1:1102:16065:15583	extended_3UTR_DCG_Soc1_w_forward_primer	100.000	147	0	0	1	147	13	159	2.83e-76	266
M03997:68:000000000-G35DK:1:2103:13824:20926	extended_3UTR_DCG_Soc1_w_forward_primer	100.000	18	0	0	1	18	7	24	1.64e-06	33.7
M03997:68:000000000-G35DK:1:1103:19217:21633	extended_3UTR_DCG_Soc1_w_forward_primer	100.000	18	0	0	1	18	7	24	1.66e-06	33.7
M03997:68:000000000-G35DK:1:2103:10864:14810	extended_3UTR_DCG_Soc1_w_forward_primer	100.000	20	0	0	1	20	5	24	1.20e-07	37.4
M03997:68:000000000-G35DK:1:2104:27648:17071	extended_3UTR_DCG_Soc1_w_forward_primer	100.000	70	0	0	1	70	107	176	7.99e-35	127
M03997:68:000000000-G35DK:1:1102:17477:24287	extended_3UTR_DCG_Soc1_w_forward_primer	100.000	44	0	0	1	44	13	56	6.16e-21	80.6
M03997:68:000000000-G35DK:1:2103:11836:14225	extended_3UTR_DCG_Soc1_w_forward_primer	76.190	42	5	1	1	42	13	49	5.19e-06	31.9
M03997:68:000000000-G35DK:1:2104:27479:14668	extended_3UTR_DCG_Soc1_w_forward_primer	100.000	72	0	0	1	72	56	127	6.77e-36	131
M03997:68:000000000-G35DK:1:2101:22794:15623	extended_3UTR_DCG_Soc1_w_forward_primer	100.000	47	0	0	1	47	56	102	1.57e-22	86.0
M03997:68:000000000-G35DK:1:2102:9063:16423	extended_3UTR_DCG_Soc1_w_forward_primer	100.000	80	0	0	1	80	37	116	3.47e-40	145
M03997:68:000000000-G35DK:1:2102:21911:17668	extended_3UTR_DCG_Soc1_w_forward_primer	100.000	78	0	0	1	78	56	133	4.10e-39	141
M03997:68:000000000-G35DK:1:1104:19399:19630	extended_3UTR_DCG_Soc1_w_forward_primer	100.000	80	0	0	1	80	83	162	4.30e-40	145
M03997:68:000000000-G35DK:1:2103:9708:13324	extended_3UTR_DCG_Soc1_w_forward_primer	100.000	55	0	0	1	55	37	91	8.37e-27	100
M03997:68:000000000-G35DK:1:2103:18913:7294	extended_3UTR_DCG_Soc1_w_forward_primer	100.000	18	0	0	1	18	7	24	7.13e-07	33.7
M03997:68:000000000-G35DK:1:1102:16687:18770	extended_3UTR_DCG_Soc1_w_forward_primer	100.000	84	0	0	1	84	13	96	2.47e-42	152
M03997:68:000000000-G35DK:1:2103:6846:20699	extended_3UTR_DCG_Soc1_w_forward_primer	100.000	18	0	0	1	18	7	24	1.22e-06	33.7
M03997:68:000000000-G35DK:1:1101:20619:22550	extended_3UTR_DCG_Soc1_w_forward_primer	100.000	18	0	0	1	18	7	24	7.13e-07	33.7
M03997:68:000000000-G35DK:1:2104:20207:9493	extended_3UTR_DCG_Soc1_w_forward_primer	100.000	19	0	0	1	19	8	26	1.83e-06	35.6
M03997:68:000000000-G35DK:1:1102:24343:20364	extended_3UTR_DCG_Soc1_w_forward_primer	100.000	20	0	0	1	20	5	24	6.21e-08	37.4
M03997:68:000000000-G35DK:1:2103:19480:13507	extended_3UTR_DCG_Soc1_w_forward_primer	95.455	22	1	0	1	22	8	29	1.83e-06	35.6
M03997:68:000000000-G35DK:1:2102:15939:13308	extended_3UTR_DCG_Soc1_w_forward_primer	100.000	53	0	0	1	53	58	110	9.76e-26	96.9
M03997:68:000000000-G35DK:1:2103:3792:16298	extended_3UTR_DCG_Soc1_w_forward_primer	76.190	42	5	1	1	42	13	49	7.34e-06	31.9
M03997:68:000000000-G35DK:1:1104:11432:26564	extended_3UTR_DCG_Soc1_w_forward_primer	100.000	69	0	0	1	69	37	105	2.74e-34	125
M03997:68:000000000-G35DK:1:1102:12166:7871	extended_3UTR_DCG_Soc1_w_forward_primer	100.000	99	0	0	1	99	23	121	2.13e-50	179
M03997:68:000000000-G35DK:1:1103:21403:14875	extended_3UTR_DCG_Soc1_w_forward_primer	100.000	54	0	0	1	54	13	66	2.86e-26	98.7
M03997:68:000000000-G35DK:1:2102:5887:16170	extended_3UTR_DCG_Soc1_w_forward_primer	98.077	52	1	0	1	52	13	64	1.42e-23	89.7
M03997:68:000000000-G35DK:1:2103:22101:6959	extended_3UTR_DCG_Soc1_w_forward_primer	76.190	42	5	1	1	42	13	49	9.35e-06	31.9
M03997:68:000000000-G35DK:1:2103:17949:5330	extended_3UTR_DCG_Soc1_w_forward_primer	100.000	52	0	0	1	52	13	64	3.48e-25	95.1
M03997:68:000000000-G35DK:1:2104:21714:9573	extended_3UTR_DCG_Soc1_w_forward_primer	100.000	103	0	0	1	103	26	128	1.73e-52	187
M03997:68:000000000-G35DK:1:1103:18501:23684	extended_3UTR_DCG_Soc1_w_forward_primer	76.744	43	5	1	1	43	12	49	2.81e-06	33.7
M03997:68:000000000-G35DK:1:2102:25214:24556	extended_3UTR_DCG_Soc1_w_forward_primer	100.000	20	0	0	1	20	5	24	1.20e-07	37.4
M03997:68:000000000-G35DK:1:1102:21449:27344	extended_3UTR_DCG_Soc1_w_forward_primer	100.000	20	0	0	29	48	1	20	7.31e-08	37.4
M03997:68:000000000-G35DK:1:2103:21619:5441	extended_3UTR_DCG_Soc1_w_forward_primer	100.000	18	0	0	1	18	7	24	9.32e-07	33.7
M03997:68:000000000-G35DK:1:1104:11747:13173	extended_3UTR_DCG_Soc1_w_forward_primer	100.000	27	0	0	1	27	5	31	5.50e-12	50.0
M03997:68:000000000-G35DK:1:2101:14101:2532	extended_3UTR_DCG_Soc1_w_forward_primer	100.000	20	0	0	1	20	5	24	6.21e-08	37.4
M03997:68:000000000-G35DK:1:2104:17311:19232	extended_3UTR_DCG_Soc1_w_forward_primer	100.000	172	0	0	1	172	5	176	8.97e-90	311
M03997:68:000000000-G35DK:1:1103:18501:16741	extended_3UTR_DCG_Soc1_w_forward_primer	100.000	51	0	0	1	51	102	152	1.13e-24	93.3
M03997:68:000000000-G35DK:1:2104:21377:20262	extended_3UTR_DCG_Soc1_w_forward_primer	100.000	18	0	0	1	18	7	24	2.52e-06	33.7
M03997:68:000000000-G35DK:1:2101:18948:26334	extended_3UTR_DCG_Soc1_w_forward_primer	100.000	34	0	0	1	34	13	46	1.19e-15	62.6
M03997:68:000000000-G35DK:1:2101:18956:18316	extended_3UTR_DCG_Soc1_w_forward_primer	100.000	18	0	0	1	18	7	24	2.32e-06	33.7
M03997:68:000000000-G35DK:1:2102:20121:27534	extended_3UTR_DCG_Soc1_w_forward_primer	100.000	49	0	0	1	49	62	110	1.35e-23	89.7
M03997:68:000000000-G35DK:1:1104:27315:14396	extended_3UTR_DCG_Soc1_w_forward_primer	100.000	18	0	0	1	18	7	24	4.90e-07	33.7
M03997:68:000000000-G35DK:1:1104:22288:27434	extended_3UTR_DCG_Soc1_w_forward_primer	100.000	20	0	0	1	20	7	26	4.75e-08	37.4
M03997:68:000000000-G35DK:1:1102:24459:6123	extended_3UTR_DCG_Soc1_w_forward_primer	100.000	52	0	0	1	52	13	64	3.48e-25	95.1
M03997:68:000000000-G35DK:1:2102:28750:11778	extended_3UTR_DCG_Soc1_w_forward_primer	96.429	28	1	0	1	28	29	56	7.06e-11	46.4
M03997:68:000000000-G35DK:1:1104:26378:8953	extended_3UTR_DCG_Soc1_w_forward_primer	100.000	18	0	0	1	18	13	30	6.01e-07	33.7
M03997:68:000000000-G35DK:1:1102:26996:15333	extended_3UTR_DCG_Soc1_w_forward_primer	100.000	18	0	0	1	18	7	24	8.24e-07	33.7
M03997:68:000000000-G35DK:1:1101:22207:7261	extended_3UTR_DCG_Soc1_w_forward_primer	100.000	17	0	0	1	17	8	24	4.26e-06	31.9
M03997:68:000000000-G35DK:1:2103:17028:20920	extended_3UTR_DCG_Soc1_w_forward_primer	100.000	121	0	0	1	121	58	178	2.98e-62	219
M03997:68:000000000-G35DK:1:2104:9400:24172	extended_3UTR_DCG_Soc1_w_forward_primer	98.925	93	1	0	1	93	15	107	1.53e-45	163
M03997:68:000000000-G35DK:1:1101:26181:6063	extended_3UTR_DCG_Soc1_w_forward_primer	100.000	18	0	0	1	18	7	24	1.33e-06	33.7
M03997:68:000000000-G35DK:1:1101:11077:18048	extended_3UTR_DCG_Soc1_w_forward_primer	100.000	52	0	0	1	52	13	64	3.33e-25	95.1
M03997:68:000000000-G35DK:1:2104:9256:19070	extended_3UTR_DCG_Soc1_w_forward_primer	97.959	98	0	1	1	96	31	128	4.59e-46	165
M03997:68:000000000-G35DK:1:1101:19569:12390	extended_3UTR_DCG_Soc1_w_forward_primer	100.000	49	0	0	1	49	8	56	1.35e-23	89.7
M03997:68:000000000-G35DK:1:1103:15931:2791	extended_3UTR_DCG_Soc1_w_forward_primer	97.917	96	2	0	1	96	5	100	4.53e-46	165
M03997:68:000000000-G35DK:1:2101:11220:9519	extended_3UTR_DCG_Soc1_w_forward_primer	98.230	113	2	0	1	113	26	138	3.16e-55	196
M03997:68:000000000-G35DK:1:1102:19831:12306	extended_3UTR_DCG_Soc1_w_forward_primer	98.630	73	1	0	1	73	83	155	3.77e-34	127
M03997:68:000000000-G35DK:1:2101:23948:4978	extended_3UTR_DCG_Soc1_w_forward_primer	100.000	44	0	0	1	44	37	80	6.16e-21	80.6
M03997:68:000000000-G35DK:1:2102:16171:10343	extended_3UTR_DCG_Soc1_w_forward_primer	100.000	24	0	0	52	75	1	24	8.35e-10	44.6
M03997:68:000000000-G35DK:1:1102:15869:13568	extended_3UTR_DCG_Soc1_w_forward_primer	100.000	85	0	0	1	85	37	121	7.16e-43	154
M03997:68:000000000-G35DK:1:2103:27514:12610	extended_3UTR_DCG_Soc1_w_forward_primer	100.000	56	0	0	1	56	102	157	2.45e-27	102
M03997:68:000000000-G35DK:1:2104:18272:12442	extended_3UTR_DCG_Soc1_w_forward_primer	100.000	18	0	0	1	18	7	24	1.66e-06	33.7
M03997:68:000000000-G35DK:1:1103:13222:7516	extended_3UTR_DCG_Soc1_w_forward_primer	100.000	85	0	0	1	85	37	121	7.16e-43	154
M03997:68:000000000-G35DK:1:2104:21040:9743	extended_3UTR_DCG_Soc1_w_forward_primer	100.000	91	0	0	1	91	70	160	1.50e-45	165
M03997:68:000000000-G35DK:1:2102:20232:20019	extended_3UTR_DCG_Soc1_w_forward_primer	100.000	80	0	0	1	80	12	91	3.47e-40	145
M03997:68:000000000-G35DK:1:1101:24217:15522	extended_3UTR_DCG_Soc1_w_forward_primer	100.000	108	0	0	1	108	42	149	8.87e-55	196
M03997:68:000000000-G35DK:1:1104:20761:10249	extended_3UTR_DCG_Soc1_w_forward_primer	100.000	48	0	0	1	48	113	160	4.94e-23	87.8
M03997:68:000000000-G35DK:1:2103:18897:6423	extended_3UTR_DCG_Soc1_w_forward_primer	100.000	18	0	0	1	18	7	24	1.86e-06	33.7
M03997:68:000000000-G35DK:1:1101:26179:23109	extended_3UTR_DCG_Soc1_w_forward_primer	98.413	63	1	0	1	63	37	99	1.90e-29	109
M03997:68:000000000-G35DK:1:2104:18536:13235	extended_3UTR_DCG_Soc1_w_forward_primer	100.000	72	0	0	1	72	31	102	6.77e-36	131
M03997:68:000000000-G35DK:1:1103:14234:25240	extended_3UTR_DCG_Soc1_w_forward_primer	100.000	96	0	0	1	96	26	121	8.75e-49	174
M03997:68:000000000-G35DK:1:1103:18437:26227	extended_3UTR_DCG_Soc1_w_forward_primer	100.000	78	0	0	1	78	19	96	4.10e-39	141
M03997:68:000000000-G35DK:1:1103:16128:13192	extended_3UTR_DCG_Soc1_w_forward_primer	100.000	44	0	0	1	44	29	72	6.16e-21	80.6
M03997:68:000000000-G35DK:1:2103:17030:9716	extended_3UTR_DCG_Soc1_w_forward_primer	100.000	133	0	0	1	133	26	158	1.01e-68	241
M03997:68:000000000-G35DK:1:1103:22395:12003	extended_3UTR_DCG_Soc1_w_forward_primer	100.000	44	0	0	1	44	13	56	6.16e-21	80.6
M03997:68:000000000-G35DK:1:2104:16293:16696	extended_3UTR_DCG_Soc1_w_forward_primer	100.000	37	0	0	1	37	60	96	3.13e-17	68.0
M03997:68:000000000-G35DK:1:2101:4819:19747	extended_3UTR_DCG_Soc1_w_forward_primer	100.000	20	0	0	1	20	7	26	7.68e-08	37.4
M03997:68:000000000-G35DK:1:2102:25196:9446	extended_3UTR_DCG_Soc1_w_forward_primer	100.000	18	0	0	1	18	7	24	2.32e-06	33.7
M03997:68:000000000-G35DK:1:2104:13506:21594	extended_3UTR_DCG_Soc1_w_forward_primer	79.167	48	5	1	1	48	7	49	2.87e-09	42.8
M03997:68:000000000-G35DK:1:2102:25606:9706	extended_3UTR_DCG_Soc1_w_forward_primer	97.761	134	1	1	1	132	13	146	2.21e-64	226
M03997:68:000000000-G35DK:1:2102:16163:3920	extended_3UTR_DCG_Soc1_w_forward_primer	100.000	108	0	0	1	108	31	138	3.01e-55	196
M03997:68:000000000-G35DK:1:1103:9136:23016	extended_3UTR_DCG_Soc1_w_forward_primer	100.000	17	0	0	1	17	8	24	6.28e-06	31.9
M03997:68:000000000-G35DK:1:1104:22704:5996	extended_3UTR_DCG_Soc1_w_forward_primer	100.000	79	0	0	1	79	13	91	1.19e-39	143
M03997:68:000000000-G35DK:1:2104:20002:22637	extended_3UTR_DCG_Soc1_w_forward_primer	98.824	85	1	0	1	85	31	115	3.04e-41	149
M03997:68:000000000-G35DK:1:1103:13150:25465	extended_3UTR_DCG_Soc1_w_forward_primer	100.000	18	0	0	1	18	7	24	2.32e-06	33.7
M03997:68:000000000-G35DK:1:1102:22680:27027	extended_3UTR_DCG_Soc1_w_forward_primer	100.000	58	0	0	1	58	13	70	2.10e-28	105
M03997:68:000000000-G35DK:1:1102:23093:20341	extended_3UTR_DCG_Soc1_w_forward_primer	96.667	60	2	0	1	60	56	115	9.28e-27	100
M03997:68:000000000-G35DK:1:2103:15146:14787	extended_3UTR_DCG_Soc1_w_forward_primer	100.000	53	0	0	1	53	62	114	9.76e-26	96.9
M03997:68:000000000-G35DK:1:1103:16342:23495	extended_3UTR_DCG_Soc1_w_forward_primer	100.000	98	0	0	1	98	13	110	7.35e-50	178
M03997:68:000000000-G35DK:1:2102:26284:17050	extended_3UTR_DCG_Soc1_w_forward_primer	100.000	64	0	0	1	64	13	76	1.30e-31	116
M03997:68:000000000-G35DK:1:2104:13535:14147	extended_3UTR_DCG_Soc1_w_forward_primer	100.000	93	0	0	1	93	13	105	3.59e-47	168
M03997:68:000000000-G35DK:1:2101:10082:22894	extended_3UTR_DCG_Soc1_w_forward_primer	98.507	67	1	0	1	67	88	154	6.82e-31	116
M03997:68:000000000-G35DK:1:2101:24197:21888	extended_3UTR_DCG_Soc1_w_forward_primer	100.000	18	0	0	1	18	7	24	2.32e-06	33.7
M03997:68:000000000-G35DK:1:2101:14230:3294	extended_3UTR_DCG_Soc1_w_forward_primer	99.029	103	1	0	1	103	13	115	6.28e-51	181
M03997:68:000000000-G35DK:1:1104:15338:21033	extended_3UTR_DCG_Soc1_w_forward_primer	100.000	18	0	0	1	18	8	25	1.18e-06	33.7
M03997:68:000000000-G35DK:1:1104:9111:10496	extended_3UTR_DCG_Soc1_w_forward_primer	99.083	109	1	0	1	109	13	121	3.70e-54	192
M03997:68:000000000-G35DK:1:2101:12800:14589	extended_3UTR_DCG_Soc1_w_forward_primer	100.000	86	0	0	1	86	48	133	2.08e-43	156
M03997:68:000000000-G35DK:1:2101:22130:16688	extended_3UTR_DCG_Soc1_w_forward_primer	100.000	20	0	0	1	20	7	26	9.84e-08	37.4
M03997:68:000000000-G35DK:1:1104:12547:18266	extended_3UTR_DCG_Soc1_w_forward_primer	100.000	24	0	0	31	54	1	24	5.77e-10	44.6
M03997:68:000000000-G35DK:1:1101:19722:18058	extended_3UTR_DCG_Soc1_w_forward_primer	100.000	18	0	0	1	18	7	24	2.66e-06	33.7
M03997:68:000000000-G35DK:1:1101:15222:13520	extended_3UTR_DCG_Soc1_w_forward_primer	100.000	44	0	0	1	44	62	105	6.16e-21	80.6
M03997:68:000000000-G35DK:1:1104:19436:22366	extended_3UTR_DCG_Soc1_w_forward_primer	100.000	81	0	0	1	81	56	136	1.01e-40	147
M03997:68:000000000-G35DK:1:1104:2760:19208	extended_3UTR_DCG_Soc1_w_forward_primer	100.000	52	0	0	1	52	13	64	3.33e-25	95.1
M03997:68:000000000-G35DK:1:1102:17880:8991	extended_3UTR_DCG_Soc1_w_forward_primer	100.000	44	0	0	1	44	104	147	6.16e-21	80.6
M03997:68:000000000-G35DK:1:1102:6148:20709	extended_3UTR_DCG_Soc1_w_forward_primer	98.925	93	1	0	1	93	29	121	1.53e-45	163
M03997:68:000000000-G35DK:1:2101:4059:18213	extended_3UTR_DCG_Soc1_w_forward_primer	97.980	99	2	0	1	99	7	105	1.10e-47	170
M03997:68:000000000-G35DK:1:1101:18416:13849	extended_3UTR_DCG_Soc1_w_forward_primer	100.000	17	0	0	1	17	8	24	3.25e-06	31.9
M03997:68:000000000-G35DK:1:2104:15000:17474	extended_3UTR_DCG_Soc1_w_forward_primer	98.889	90	1	0	1	90	75	164	6.26e-44	158
M03997:68:000000000-G35DK:1:2102:14898:7854	extended_3UTR_DCG_Soc1_w_forward_primer	100.000	52	0	0	1	52	13	64	3.33e-25	95.1
M03997:68:000000000-G35DK:1:1102:13916:15814	extended_3UTR_DCG_Soc1_w_forward_primer	100.000	66	0	0	1	66	56	121	1.11e-32	120
M03997:68:000000000-G35DK:1:1103:24804:16487	extended_3UTR_DCG_Soc1_w_forward_primer	100.000	36	0	0	1	36	113	148	1.05e-16	66.2
M03997:68:000000000-G35DK:1:1102:22690:23851	extended_3UTR_DCG_Soc1_w_forward_primer	100.000	53	0	0	1	53	97	149	6.39e-25	96.9
M03997:68:000000000-G35DK:1:1104:22448:12410	extended_3UTR_DCG_Soc1_w_forward_primer	100.000	45	0	0	1	45	110	154	2.06e-21	82.4
M03997:68:000000000-G35DK:1:1104:9781:3844	extended_3UTR_DCG_Soc1_w_forward_primer	100.000	61	0	0	1	61	8	68	5.24e-30	111
M03997:68:000000000-G35DK:1:2101:23189:6809	extended_3UTR_DCG_Soc1_w_forward_primer	100.000	17	0	0	1	17	10	26	5.66e-06	31.9
M03997:68:000000000-G35DK:1:1103:9589:6025	extended_3UTR_DCG_Soc1_w_forward_primer	100.000	21	0	0	37	57	1	21	2.51e-08	39.2
M03997:68:000000000-G35DK:1:2104:22029:17250	extended_3UTR_DCG_Soc1_w_forward_primer	100.000	96	0	0	1	96	26	121	8.75e-49	174
M03997:68:000000000-G35DK:1:1104:7665:23464	extended_3UTR_DCG_Soc1_w_forward_primer	100.000	75	0	0	1	75	62	136	1.67e-37	136
M03997:68:000000000-G35DK:1:2104:28197:9948	extended_3UTR_DCG_Soc1_w_forward_primer	100.000	94	0	0	1	94	26	119	1.04e-47	170
M03997:68:000000000-G35DK:1:2102:15042:8154	extended_3UTR_DCG_Soc1_w_forward_primer	100.000	33	0	0	1	33	7	39	4.00e-15	60.8
M03997:68:000000000-G35DK:1:1103:7504:23834	extended_3UTR_DCG_Soc1_w_forward_primer	100.000	134	0	0	1	134	29	162	3.35e-69	242
M03997:68:000000000-G35DK:1:1102:23617:7069	extended_3UTR_DCG_Soc1_w_forward_primer	100.000	96	0	0	1	96	64	159	8.75e-49	174
M03997:68:000000000-G35DK:1:1104:9773:20093	extended_3UTR_DCG_Soc1_w_forward_primer	100.000	87	0	0	1	87	29	115	6.03e-44	158
M03997:68:000000000-G35DK:1:1104:6074:21739	extended_3UTR_DCG_Soc1_w_forward_primer	100.000	62	0	0	1	62	88	149	2.02e-30	113
M03997:68:000000000-G35DK:1:2101:22448:12999	extended_3UTR_DCG_Soc1_w_forward_primer	100.000	20	0	0	1	20	5	24	6.21e-08	37.4
M03997:68:000000000-G35DK:1:1102:15685:20344	extended_3UTR_DCG_Soc1_w_forward_primer	100.000	17	0	0	1	17	10	26	5.50e-06	31.9
M03997:68:000000000-G35DK:1:1104:15586:18913	extended_3UTR_DCG_Soc1_w_forward_primer	100.000	55	0	0	1	55	56	110	8.37e-27	100
M03997:68:000000000-G35DK:1:1101:18110:14252	extended_3UTR_DCG_Soc1_w_forward_primer	100.000	50	0	0	1	50	42	91	3.97e-24	91.5
M03997:68:000000000-G35DK:1:1101:13997:23766	extended_3UTR_DCG_Soc1_w_forward_primer	100.000	73	0	0	1	73	19	91	1.97e-36	132
M03997:68:000000000-G35DK:1:1102:6531:23361	extended_3UTR_DCG_Soc1_w_forward_primer	100.000	63	0	0	1	63	29	91	4.46e-31	114
M03997:68:000000000-G35DK:1:1101:18631:19944	extended_3UTR_DCG_Soc1_w_forward_primer	98.148	54	1	0	1	54	52	105	1.22e-24	93.3
M03997:68:000000000-G35DK:1:2102:9947:23991	extended_3UTR_DCG_Soc1_w_forward_primer	100.000	18	0	0	1	18	7	24	1.66e-06	33.7
M03997:68:000000000-G35DK:1:1104:11690:21437	extended_3UTR_DCG_Soc1_w_forward_primer	100.000	41	0	0	1	41	72	112	2.40e-19	75.2
M03997:68:000000000-G35DK:1:2103:15861:21167	extended_3UTR_DCG_Soc1_w_forward_primer	100.000	18	0	0	1	18	7	24	8.46e-07	33.7
M03997:68:000000000-G35DK:1:2103:12822:10939	extended_3UTR_DCG_Soc1_w_forward_primer	97.849	93	0	1	1	91	29	121	2.21e-43	156
M03997:68:000000000-G35DK:1:1104:6901:11024	extended_3UTR_DCG_Soc1_w_forward_primer	98.824	85	1	0	1	85	52	136	3.04e-41	149
M03997:68:000000000-G35DK:1:2104:5474:16826	extended_3UTR_DCG_Soc1_w_forward_primer	96.875	64	2	0	1	64	58	121	6.75e-29	107
M03997:68:000000000-G35DK:1:1102:12303:22592	extended_3UTR_DCG_Soc1_w_forward_primer	100.000	63	0	0	1	63	13	75	4.46e-31	114
M03997:68:000000000-G35DK:1:1102:10158:17588	extended_3UTR_DCG_Soc1_w_forward_primer	100.000	36	0	0	1	36	100	135	1.05e-16	66.2
M03997:68:000000000-G35DK:1:2102:18510:22147	extended_3UTR_DCG_Soc1_w_forward_primer	100.000	24	0	0	49	72	1	24	7.98e-10	44.6
M03997:68:000000000-G35DK:1:1101:22589:27009	extended_3UTR_DCG_Soc1_w_forward_primer	100.000	20	0	0	1	20	5	24	4.57e-08	37.4
M03997:68:000000000-G35DK:1:2102:20730:17253	extended_3UTR_DCG_Soc1_w_forward_primer	97.101	69	0	1	1	67	23	91	1.67e-30	113
M03997:68:000000000-G35DK:1:2101:19788:17922	extended_3UTR_DCG_Soc1_w_forward_primer	100.000	16	0	0	1	16	13	28	7.60e-06	30.1
M03997:68:000000000-G35DK:1:2102:18327:18314	extended_3UTR_DCG_Soc1_w_forward_primer	100.000	50	0	0	1	50	13	62	3.97e-24	91.5
M03997:68:000000000-G35DK:1:2104:16687:6210	extended_3UTR_DCG_Soc1_w_forward_primer	100.000	24	0	0	75	98	1	24	1.12e-09	44.6
M03997:68:000000000-G35DK:1:1104:9008:22203	extended_3UTR_DCG_Soc1_w_forward_primer	100.000	96	0	0	1	96	20	115	8.75e-49	174
M03997:68:000000000-G35DK:1:1101:15908:6973	extended_3UTR_DCG_Soc1_w_forward_primer	100.000	121	0	0	1	121	13	133	2.98e-62	219
M03997:68:000000000-G35DK:1:1102:27897:17169	extended_3UTR_DCG_Soc1_w_forward_primer	100.000	70	0	0	1	70	13	82	7.99e-35	127
M03997:68:000000000-G35DK:1:2104:7116:12988	extended_3UTR_DCG_Soc1_w_forward_primer	100.000	20	0	0	1	20	5	24	3.84e-08	37.4
M03997:68:000000000-G35DK:1:1103:17415:8682	extended_3UTR_DCG_Soc1_w_forward_primer	100.000	20	0	0	1	20	7	26	5.25e-07	37.4
M03997:68:000000000-G35DK:1:2101:22264:12442	extended_3UTR_DCG_Soc1_w_forward_primer	98.947	95	1	0	1	95	27	121	1.28e-46	167
M03997:68:000000000-G35DK:1:1104:25221:9451	extended_3UTR_DCG_Soc1_w_forward_primer	98.901	91	1	0	1	91	29	119	1.82e-44	159
M03997:68:000000000-G35DK:1:1102:17821:25336	extended_3UTR_DCG_Soc1_w_forward_primer	100.000	65	0	0	1	65	72	136	3.80e-32	118
M03997:68:000000000-G35DK:1:2103:11455:23613	extended_3UTR_DCG_Soc1_w_forward_primer	100.000	18	0	0	1	18	7	24	1.64e-06	33.7
M03997:68:000000000-G35DK:1:2104:27722:20103	extended_3UTR_DCG_Soc1_w_forward_primer	100.000	19	0	0	1	19	8	26	1.28e-07	35.6
M03997:68:000000000-G35DK:1:2102:25148:14348	extended_3UTR_DCG_Soc1_w_forward_primer	100.000	103	0	0	1	103	62	164	1.48e-52	187
M03997:68:000000000-G35DK:1:2102:10992:11678	extended_3UTR_DCG_Soc1_w_forward_primer	100.000	171	0	0	1	171	13	183	3.11e-89	309
M03997:68:000000000-G35DK:1:2104:17102:6668	extended_3UTR_DCG_Soc1_w_forward_primer	93.333	60	4	0	1	60	13	72	4.81e-24	91.5
M03997:68:000000000-G35DK:1:1101:20784:20497	extended_3UTR_DCG_Soc1_w_forward_primer	90.476	21	2	0	1	21	13	33	7.60e-06	30.1
M03997:68:000000000-G35DK:1:2102:23715:6064	extended_3UTR_DCG_Soc1_w_forward_primer	100.000	63	0	0	1	63	29	91	4.46e-31	114
M03997:68:000000000-G35DK:1:1101:16361:17965	extended_3UTR_DCG_Soc1_w_forward_primer	100.000	18	0	0	1	18	7	24	1.09e-06	33.7
M03997:68:000000000-G35DK:1:1101:14957:4464	extended_3UTR_DCG_Soc1_w_forward_primer	100.000	18	0	0	1	18	7	24	2.61e-06	33.7
M03997:68:000000000-G35DK:1:2102:16582:24615	extended_3UTR_DCG_Soc1_w_forward_primer	98.214	56	1	0	1	56	83	138	1.04e-25	96.9
M03997:68:000000000-G35DK:1:1101:21232:24464	extended_3UTR_DCG_Soc1_w_forward_primer	100.000	109	0	0	1	109	13	121	8.70e-56	197
M03997:68:000000000-G35DK:1:2102:20978:25388	extended_3UTR_DCG_Soc1_w_forward_primer	100.000	131	0	0	1	131	13	143	1.21e-67	237
M03997:68:000000000-G35DK:1:1101:25659:18569	extended_3UTR_DCG_Soc1_w_forward_primer	100.000	57	0	0	1	57	56	112	7.17e-28	104
M03997:68:000000000-G35DK:1:2104:4083:7550	extended_3UTR_DCG_Soc1_w_forward_primer	76.190	42	5	1	1	42	13	49	5.89e-06	31.9
M03997:68:000000000-G35DK:1:2101:17551:14318	extended_3UTR_DCG_Soc1_w_forward_primer	100.000	18	0	0	1	18	7	24	2.97e-06	33.7
M03997:68:000000000-G35DK:1:1103:14513:24219	extended_3UTR_DCG_Soc1_w_forward_primer	100.000	182	0	0	1	182	13	194	3.59e-95	329
M03997:68:000000000-G35DK:1:1104:25609:13094	extended_3UTR_DCG_Soc1_w_forward_primer	100.000	121	0	0	1	121	13	133	2.98e-62	219
M03997:68:000000000-G35DK:1:1101:20573:10809	extended_3UTR_DCG_Soc1_w_forward_primer	100.000	50	0	0	1	50	42	91	3.97e-24	91.5
M03997:68:000000000-G35DK:1:1102:24165:15864	extended_3UTR_DCG_Soc1_w_forward_primer	100.000	28	0	0	1	28	12	39	1.66e-12	51.8
M03997:68:000000000-G35DK:1:1104:5203:21245	extended_3UTR_DCG_Soc1_w_forward_primer	100.000	89	0	0	1	89	19	107	5.08e-45	161
M03997:68:000000000-G35DK:1:2102:7822:16705	extended_3UTR_DCG_Soc1_w_forward_primer	100.000	39	0	0	1	39	128	166	2.55e-17	71.6
M03997:68:000000000-G35DK:1:2101:20242:8761	extended_3UTR_DCG_Soc1_w_forward_primer	100.000	60	0	0	1	60	62	121	1.79e-29	109
M03997:68:000000000-G35DK:1:2104:6378:5207	extended_3UTR_DCG_Soc1_w_forward_primer	98.000	50	1	0	1	50	56	105	1.69e-22	86.0
M03997:68:000000000-G35DK:1:2101:21169:22763	extended_3UTR_DCG_Soc1_w_forward_primer	100.000	96	0	0	1	96	10	105	8.75e-49	174
M03997:68:000000000-G35DK:1:2101:17878:15709	extended_3UTR_DCG_Soc1_w_forward_primer	98.361	61	1	0	1	61	58	118	2.23e-28	105
M03997:68:000000000-G35DK:1:1103:26633:14967	extended_3UTR_DCG_Soc1_w_forward_primer	98.485	66	1	0	1	66	97	162	2.38e-30	114
M03997:68:000000000-G35DK:1:2101:26860:14255	extended_3UTR_DCG_Soc1_w_forward_primer	100.000	19	0	0	1	19	8	26	2.62e-07	35.6
M03997:68:000000000-G35DK:1:2104:22228:4725	extended_3UTR_DCG_Soc1_w_forward_primer	98.611	72	1	0	1	72	20	91	2.88e-34	125
M03997:68:000000000-G35DK:1:1104:20261:9028	extended_3UTR_DCG_Soc1_w_forward_primer	100.000	39	0	0	1	39	7	45	2.75e-18	71.6
M03997:68:000000000-G35DK:1:1101:23778:10837	extended_3UTR_DCG_Soc1_w_forward_primer	98.936	94	1	0	1	94	19	112	4.43e-46	165
M03997:68:000000000-G35DK:1:1103:24192:7652	extended_3UTR_DCG_Soc1_w_forward_primer	100.000	74	0	0	1	74	110	183	5.74e-37	134
M03997:68:000000000-G35DK:1:1102:20823:20352	extended_3UTR_DCG_Soc1_w_forward_primer	100.000	65	0	0	1	65	37	101	3.80e-32	118
M03997:68:000000000-G35DK:1:2102:18241:16600	extended_3UTR_DCG_Soc1_w_forward_primer	100.000	17	0	0	1	17	8	24	2.25e-06	31.9
M03997:68:000000000-G35DK:1:2104:22304:5873	extended_3UTR_DCG_Soc1_w_forward_primer	98.925	93	1	0	1	93	13	105	1.53e-45	163
M03997:68:000000000-G35DK:1:2104:16873:20579	extended_3UTR_DCG_Soc1_w_forward_primer	100.000	37	0	0	1	37	119	155	3.10e-16	68.0
M03997:68:000000000-G35DK:1:1103:29009:14774	extended_3UTR_DCG_Soc1_w_forward_primer	100.000	98	0	0	1	98	13	110	7.35e-50	178
M03997:68:000000000-G35DK:1:1101:7791:22868	extended_3UTR_DCG_Soc1_w_forward_primer	100.000	95	0	0	1	95	13	107	3.02e-48	172
M03997:68:000000000-G35DK:1:2104:23922:3986	extended_3UTR_DCG_Soc1_w_forward_primer	100.000	20	0	0	1	20	5	24	7.31e-08	37.4
M03997:68:000000000-G35DK:1:2104:12197:11897	extended_3UTR_DCG_Soc1_w_forward_primer	100.000	79	0	0	1	79	13	91	1.19e-39	143
M03997:68:000000000-G35DK:1:1103:9674:25287	extended_3UTR_DCG_Soc1_w_forward_primer	98.413	63	1	0	1	63	29	91	1.90e-29	109
M03997:68:000000000-G35DK:1:1102:10678:27624	extended_3UTR_DCG_Soc1_w_forward_primer	99.167	120	1	0	1	120	7	126	4.39e-60	212
M03997:68:000000000-G35DK:1:2104:21407:5996	extended_3UTR_DCG_Soc1_w_forward_primer	100.000	50	0	0	1	50	113	162	2.72e-23	91.5
M03997:68:000000000-G35DK:1:1104:8679:8757	extended_3UTR_DCG_Soc1_w_forward_primer	99.029	103	1	0	1	103	13	115	6.28e-51	181
M03997:68:000000000-G35DK:1:2103:23866:9837	extended_3UTR_DCG_Soc1_w_forward_primer	100.000	52	0	0	1	52	31	82	3.33e-25	95.1
M03997:68:000000000-G35DK:1:1101:21334:11971	extended_3UTR_DCG_Soc1_w_forward_primer	100.000	20	0	0	1	20	7	26	5.25e-07	37.4
M03997:68:000000000-G35DK:1:1101:9661:21227	extended_3UTR_DCG_Soc1_w_forward_primer	97.647	85	0	1	1	83	7	91	4.40e-39	141
M03997:68:000000000-G35DK:1:2101:25919:7114	extended_3UTR_DCG_Soc1_w_forward_primer	100.000	18	0	0	1	18	7	24	8.24e-07	33.7
M03997:68:000000000-G35DK:1:2101:13273:18864	extended_3UTR_DCG_Soc1_w_forward_primer	100.000	52	0	0	1	52	56	107	3.33e-25	95.1
M03997:68:000000000-G35DK:1:1103:19014:21398	extended_3UTR_DCG_Soc1_w_forward_primer	100.000	109	0	0	1	109	13	121	8.70e-56	197
M03997:68:000000000-G35DK:1:1101:22268:14587	extended_3UTR_DCG_Soc1_w_forward_primer	100.000	85	0	0	1	85	7	91	7.16e-43	154
M03997:68:000000000-G35DK:1:1102:18768:11249	extended_3UTR_DCG_Soc1_w_forward_primer	100.000	52	0	0	1	52	64	115	3.33e-25	95.1
M03997:68:000000000-G35DK:1:1104:16716:8747	extended_3UTR_DCG_Soc1_w_forward_primer	100.000	18	0	0	1	18	7	24	2.68e-06	33.7
M03997:68:000000000-G35DK:1:1102:26793:16599	extended_3UTR_DCG_Soc1_w_forward_primer	100.000	18	0	0	1	18	7	24	9.13e-07	33.7
M03997:68:000000000-G35DK:1:1104:5248:13825	extended_3UTR_DCG_Soc1_w_forward_primer	99.225	129	1	0	1	129	26	154	6.44e-65	228
M03997:68:000000000-G35DK:1:1102:6860:9839	extended_3UTR_DCG_Soc1_w_forward_primer	100.000	18	0	0	1	18	7	24	5.34e-07	33.7
M03997:68:000000000-G35DK:1:2102:19867:26899	extended_3UTR_DCG_Soc1_w_forward_primer	100.000	56	0	0	1	56	60	115	2.45e-27	102
M03997:68:000000000-G35DK:1:2103:21914:7131	extended_3UTR_DCG_Soc1_w_forward_primer	76.190	42	5	1	1	42	13	49	5.04e-06	31.9
M03997:68:000000000-G35DK:1:2104:11915:4410	extended_3UTR_DCG_Soc1_w_forward_primer	100.000	34	0	0	1	34	21	54	1.19e-15	62.6
M03997:68:000000000-G35DK:1:1101:24961:22130	extended_3UTR_DCG_Soc1_w_forward_primer	100.000	18	0	0	1	18	7	24	1.15e-06	33.7
M03997:68:000000000-G35DK:1:1102:13621:11834	extended_3UTR_DCG_Soc1_w_forward_primer	100.000	24	0	0	75	98	1	24	1.12e-09	44.6
M03997:68:000000000-G35DK:1:1101:7110:24647	extended_3UTR_DCG_Soc1_w_forward_primer	100.000	18	0	0	1	18	7	24	9.77e-07	33.7
M03997:68:000000000-G35DK:1:1102:15190:4925	extended_3UTR_DCG_Soc1_w_forward_primer	100.000	58	0	0	1	58	13	70	2.10e-28	105
M03997:68:000000000-G35DK:1:1104:13521:13400	extended_3UTR_DCG_Soc1_w_forward_primer	100.000	82	0	0	1	82	26	107	2.92e-41	149
M03997:68:000000000-G35DK:1:1104:29160:12872	extended_3UTR_DCG_Soc1_w_forward_primer	98.276	58	1	0	1	58	7	64	9.65e-27	100
M03997:68:000000000-G35DK:1:1104:11759:9226	extended_3UTR_DCG_Soc1_w_forward_primer	100.000	20	0	0	1	20	7	26	8.93e-08	37.4
M03997:68:000000000-G35DK:1:2103:12625:8760	extended_3UTR_DCG_Soc1_w_forward_primer	100.000	63	0	0	1	63	97	159	4.46e-31	114
M03997:68:000000000-G35DK:1:2102:15140:21089	extended_3UTR_DCG_Soc1_w_forward_primer	100.000	30	0	0	1	30	83	112	1.50e-13	55.4
M03997:68:000000000-G35DK:1:1104:29683:16335	extended_3UTR_DCG_Soc1_w_forward_primer	100.000	43	0	0	1	43	13	55	2.09e-20	78.8
M03997:68:000000000-G35DK:1:2103:15988:25790	extended_3UTR_DCG_Soc1_w_forward_primer	98.765	81	1	0	1	81	74	154	4.58e-39	141
M03997:68:000000000-G35DK:1:1102:26291:16422	extended_3UTR_DCG_Soc1_w_forward_primer	100.000	81	0	0	1	81	56	136	1.01e-40	147
M03997:68:000000000-G35DK:1:1103:18774:22100	extended_3UTR_DCG_Soc1_w_forward_primer	100.000	52	0	0	1	52	13	64	3.33e-25	95.1
M03997:68:000000000-G35DK:1:2102:22032:19760	extended_3UTR_DCG_Soc1_w_forward_primer	100.000	67	0	0	1	67	13	79	3.29e-33	122
M03997:68:000000000-G35DK:1:1103:15191:22042	extended_3UTR_DCG_Soc1_w_forward_primer	100.000	63	0	0	1	63	91	153	4.46e-31	114
M03997:68:000000000-G35DK:1:2101:21206:8926	extended_3UTR_DCG_Soc1_w_forward_primer	100.000	82	0	0	1	82	31	112	2.92e-41	149
M03997:68:000000000-G35DK:1:1102:5738:18328	extended_3UTR_DCG_Soc1_w_forward_primer	100.000	18	0	0	1	18	7	24	6.40e-06	33.7
M03997:68:000000000-G35DK:1:1104:12011:12117	extended_3UTR_DCG_Soc1_w_forward_primer	100.000	24	0	0	50	73	1	24	8.10e-10	44.6
M03997:68:000000000-G35DK:1:2102:8149:16146	extended_3UTR_DCG_Soc1_w_forward_primer	76.190	42	5	1	1	42	13	49	3.72e-06	31.9
M03997:68:000000000-G35DK:1:2103:10395:5247	extended_3UTR_DCG_Soc1_w_forward_primer	100.000	96	0	0	1	96	13	108	8.75e-49	174
M03997:68:000000000-G35DK:1:2101:27153:21997	extended_3UTR_DCG_Soc1_w_forward_primer	100.000	107	0	0	1	107	15	121	1.04e-54	194
M03997:68:000000000-G35DK:1:2103:26277:19053	extended_3UTR_DCG_Soc1_w_forward_primer	100.000	66	0	0	1	66	13	78	1.15e-32	120
M03997:68:000000000-G35DK:1:1101:6843:12295	extended_3UTR_DCG_Soc1_w_forward_primer	100.000	133	0	0	1	133	23	155	2.38e-68	241
M03997:68:000000000-G35DK:1:1101:3911:16719	extended_3UTR_DCG_Soc1_w_forward_primer	100.000	87	0	0	1	87	26	112	6.03e-44	158
M03997:68:000000000-G35DK:1:1104:22002:19327	extended_3UTR_DCG_Soc1_w_forward_primer	99.130	115	1	0	1	115	19	133	2.17e-57	203
M03997:68:000000000-G35DK:1:2103:15401:12789	extended_3UTR_DCG_Soc1_w_forward_primer	100.000	49	0	0	1	49	12	60	1.35e-23	89.7
M03997:68:000000000-G35DK:1:2103:19929:5250	extended_3UTR_DCG_Soc1_w_forward_primer	100.000	20	0	0	1	20	7	26	7.31e-08	37.4
M03997:68:000000000-G35DK:1:1101:8499:15344	extended_3UTR_DCG_Soc1_w_forward_primer	100.000	84	0	0	1	84	29	112	2.47e-42	152
M03997:68:000000000-G35DK:1:1101:18177:17084	extended_3UTR_DCG_Soc1_w_forward_primer	100.000	100	0	0	1	100	54	153	1.95e-50	181
M03997:68:000000000-G35DK:1:1104:15938:18959	extended_3UTR_DCG_Soc1_w_forward_primer	100.000	66	0	0	1	66	26	91	1.11e-32	120
M03997:68:000000000-G35DK:1:1104:26199:20278	extended_3UTR_DCG_Soc1_w_forward_primer	100.000	48	0	0	1	48	13	60	4.61e-23	87.8
M03997:68:000000000-G35DK:1:1103:8926:9971	extended_3UTR_DCG_Soc1_w_forward_primer	100.000	41	0	0	1	41	114	154	2.62e-19	75.2
M03997:68:000000000-G35DK:1:1104:12193:19924	extended_3UTR_DCG_Soc1_w_forward_primer	76.190	42	5	1	1	42	13	49	8.96e-06	31.9
M03997:68:000000000-G35DK:1:1102:16676:14692	extended_3UTR_DCG_Soc1_w_forward_primer	100.000	74	0	0	1	74	48	121	5.74e-37	134
M03997:68:000000000-G35DK:1:2104:20916:26373	extended_3UTR_DCG_Soc1_w_forward_primer	99.320	147	1	0	1	147	37	183	1.20e-74	260
M03997:68:000000000-G35DK:1:1104:26368:9764	extended_3UTR_DCG_Soc1_w_forward_primer	100.000	52	0	0	1	52	119	170	2.23e-24	95.1
M03997:68:000000000-G35DK:1:1104:3708:14997	extended_3UTR_DCG_Soc1_w_forward_primer	100.000	18	0	0	1	18	7	24	6.40e-06	33.7
M03997:68:000000000-G35DK:1:1101:22610:7928	extended_3UTR_DCG_Soc1_w_forward_primer	100.000	40	0	0	1	40	31	70	8.12e-19	73.4
M03997:68:000000000-G35DK:1:2102:27229:8866	extended_3UTR_DCG_Soc1_w_forward_primer	100.000	37	0	0	36	72	1	37	6.78e-17	68.0
M03997:68:000000000-G35DK:1:1102:26549:20218	extended_3UTR_DCG_Soc1_w_forward_primer	100.000	21	0	0	39	59	1	21	2.61e-08	39.2
M03997:68:000000000-G35DK:1:2102:10927:24843	extended_3UTR_DCG_Soc1_w_forward_primer	98.165	109	2	0	1	109	13	121	4.51e-53	188
