M03997:68:000000000-G35DK:1:2102:7113:8707	extended_3UTR_DCG_Soc1_w_forward_primer	100.000	78	0	0	1	78	54	131	4.10e-39	141
M03997:68:000000000-G35DK:1:2104:13106:16517	extended_3UTR_DCG_Soc1_w_forward_primer	76.190	42	5	1	1	42	13	49	7.57e-06	31.9
M03997:68:000000000-G35DK:1:1104:9142:4565	extended_3UTR_DCG_Soc1_w_forward_primer	100.000	88	0	0	1	88	83	170	1.84e-44	159
M03997:68:000000000-G35DK:1:2104:19844:27843	extended_3UTR_DCG_Soc1_w_forward_primer	100.000	20	0	0	1	20	5	24	8.38e-08	37.4
M03997:68:000000000-G35DK:1:1103:22261:11148	extended_3UTR_DCG_Soc1_w_forward_primer	100.000	21	0	0	87	107	1	21	5.05e-08	39.2
M03997:68:000000000-G35DK:1:1104:5218:11178	extended_3UTR_DCG_Soc1_w_forward_primer	100.000	127	0	0	1	127	7	133	1.74e-65	230
M03997:68:000000000-G35DK:1:2102:12967:12979	extended_3UTR_DCG_Soc1_w_forward_primer	98.165	109	0	1	1	107	13	121	5.38e-52	185
M03997:68:000000000-G35DK:1:1102:15148:14740	extended_3UTR_DCG_Soc1_w_forward_primer	100.000	21	0	0	31	51	1	21	2.19e-08	39.2
M03997:68:000000000-G35DK:1:1104:27717:10736	extended_3UTR_DCG_Soc1_w_forward_primer	100.000	18	0	0	1	18	7	24	4.90e-07	33.7
M03997:68:000000000-G35DK:1:1102:7102:23974	extended_3UTR_DCG_Soc1_w_forward_primer	100.000	21	0	0	87	107	1	21	5.05e-08	39.2
M03997:68:000000000-G35DK:1:2103:8691:26246	extended_3UTR_DCG_Soc1_w_forward_primer	100.000	38	0	0	1	38	29	66	9.28e-18	69.8
M03997:68:000000000-G35DK:1:1102:29626:14522	extended_3UTR_DCG_Soc1_w_forward_primer	100.000	52	0	0	1	52	54	105	3.33e-25	95.1
M03997:68:000000000-G35DK:1:2102:14771:22934	extended_3UTR_DCG_Soc1_w_forward_primer	100.000	50	0	0	1	50	13	62	3.97e-24	91.5
M03997:68:000000000-G35DK:1:1103:22083:17188	extended_3UTR_DCG_Soc1_w_forward_primer	100.000	18	0	0	1	18	7	24	7.35e-07	33.7
M03997:68:000000000-G35DK:1:2101:8823:7890	extended_3UTR_DCG_Soc1_w_forward_primer	100.000	100	0	0	1	100	13	112	6.17e-51	181
M03997:68:000000000-G35DK:1:2103:27669:19413	extended_3UTR_DCG_Soc1_w_forward_primer	100.000	20	0	0	1	20	7	26	4.75e-08	37.4
M03997:68:000000000-G35DK:1:2101:8559:21626	extended_3UTR_DCG_Soc1_w_forward_primer	100.000	50	0	0	1	50	58	107	3.97e-24	91.5
M03997:68:000000000-G35DK:1:2102:19529:4311	extended_3UTR_DCG_Soc1_w_forward_primer	100.000	91	0	0	1	91	48	138	4.27e-46	165
M03997:68:000000000-G35DK:1:2104:23327:7221	extended_3UTR_DCG_Soc1_w_forward_primer	100.000	44	0	0	1	44	62	105	6.16e-21	80.6
M03997:68:000000000-G35DK:1:1102:18831:8626	extended_3UTR_DCG_Soc1_w_forward_primer	100.000	63	0	0	1	63	97	159	4.46e-31	114
M03997:68:000000000-G35DK:1:2102:17528:15245	extended_3UTR_DCG_Soc1_w_forward_primer	100.000	21	0	0	46	66	1	21	2.98e-08	39.2
M03997:68:000000000-G35DK:1:2103:21307:17669	extended_3UTR_DCG_Soc1_w_forward_primer	100.000	60	0	0	1	60	60	119	1.79e-29	109
M03997:68:000000000-G35DK:1:1104:6159:17669	extended_3UTR_DCG_Soc1_w_forward_primer	100.000	18	0	0	1	18	7	24	1.82e-06	33.7
M03997:68:000000000-G35DK:1:2102:8262:15772	extended_3UTR_DCG_Soc1_w_forward_primer	100.000	17	0	0	1	17	8	24	1.63e-06	31.9
M03997:68:000000000-G35DK:1:2103:4016:18257	extended_3UTR_DCG_Soc1_w_forward_primer	100.000	111	0	0	1	111	23	133	7.29e-57	201
M03997:68:000000000-G35DK:1:1101:6334:21272	extended_3UTR_DCG_Soc1_w_forward_primer	100.000	53	0	0	1	53	62	114	9.76e-26	96.9
M03997:68:000000000-G35DK:1:1102:28071:12152	extended_3UTR_DCG_Soc1_w_forward_primer	100.000	18	0	0	1	18	7	24	4.90e-07	33.7
M03997:68:000000000-G35DK:1:1101:11689:15477	extended_3UTR_DCG_Soc1_w_forward_primer	100.000	20	0	0	1	20	5	24	9.29e-08	37.4
M03997:68:000000000-G35DK:1:1102:14508:8012	extended_3UTR_DCG_Soc1_w_forward_primer	76.190	42	5	1	1	42	13	49	4.26e-06	31.9
M03997:68:000000000-G35DK:1:2102:14362:20507	extended_3UTR_DCG_Soc1_w_forward_primer	100.000	22	0	0	1	22	5	26	4.31e-08	41.0
M03997:68:000000000-G35DK:1:1103:10841:25510	extended_3UTR_DCG_Soc1_w_forward_primer	100.000	70	0	0	1	70	13	82	7.99e-35	127
M03997:68:000000000-G35DK:1:2103:12494:15812	extended_3UTR_DCG_Soc1_w_forward_primer	100.000	44	0	0	1	44	13	56	6.16e-21	80.6
M03997:68:000000000-G35DK:1:1103:27430:11728	extended_3UTR_DCG_Soc1_w_forward_primer	100.000	71	0	0	1	71	52	122	2.33e-35	129
M03997:68:000000000-G35DK:1:2101:14511:6336	extended_3UTR_DCG_Soc1_w_forward_primer	100.000	63	0	0	1	63	50	112	4.46e-31	114
M03997:68:000000000-G35DK:1:2104:12174:23163	extended_3UTR_DCG_Soc1_w_forward_primer	76.190	42	5	1	1	42	13	49	9.35e-06	31.9
M03997:68:000000000-G35DK:1:1104:25669:22926	extended_3UTR_DCG_Soc1_w_forward_primer	100.000	94	0	0	1	94	19	112	1.04e-47	170
M03997:68:000000000-G35DK:1:1102:15820:15960	extended_3UTR_DCG_Soc1_w_forward_primer	100.000	37	0	0	1	37	107	143	3.13e-17	68.0
M03997:68:000000000-G35DK:1:2104:16159:22913	extended_3UTR_DCG_Soc1_w_forward_primer	100.000	18	0	0	1	18	7	24	4.90e-07	33.7
M03997:68:000000000-G35DK:1:2104:13151:23128	extended_3UTR_DCG_Soc1_w_forward_primer	100.000	33	0	0	1	33	83	115	4.00e-15	60.8
M03997:68:000000000-G35DK:1:2103:16090:18624	extended_3UTR_DCG_Soc1_w_forward_primer	100.000	65	0	0	1	65	48	112	3.80e-32	118
M03997:68:000000000-G35DK:1:2102:15820:12709	extended_3UTR_DCG_Soc1_w_forward_primer	100.000	19	0	0	1	19	8	26	2.93e-07	35.6
M03997:68:000000000-G35DK:1:2103:9132:14681	extended_3UTR_DCG_Soc1_w_forward_primer	99.074	108	1	0	1	108	29	136	1.28e-53	190
M03997:68:000000000-G35DK:1:2104:6027:18307	extended_3UTR_DCG_Soc1_w_forward_primer	100.000	20	0	0	1	20	7	26	5.25e-07	37.4
M03997:68:000000000-G35DK:1:1104:18686:17607	extended_3UTR_DCG_Soc1_w_forward_primer	100.000	72	0	0	1	72	107	178	6.77e-36	131
M03997:68:000000000-G35DK:1:1102:12454:25949	extended_3UTR_DCG_Soc1_w_forward_primer	100.000	55	0	0	1	55	37	91	8.37e-27	100
M03997:68:000000000-G35DK:1:2101:10768:21613	extended_3UTR_DCG_Soc1_w_forward_primer	98.980	98	1	0	1	98	13	110	3.13e-48	172
M03997:68:000000000-G35DK:1:1103:14164:4265	extended_3UTR_DCG_Soc1_w_forward_primer	97.917	96	0	1	1	94	12	107	5.40e-45	161
M03997:68:000000000-G35DK:1:1103:7202:17318	extended_3UTR_DCG_Soc1_w_forward_primer	100.000	57	0	0	1	57	58	114	7.17e-28	104
M03997:68:000000000-G35DK:1:1104:23354:10889	extended_3UTR_DCG_Soc1_w_forward_primer	100.000	20	0	0	1	20	5	24	4.39e-08	37.4
M03997:68:000000000-G35DK:1:2102:9619:8240	extended_3UTR_DCG_Soc1_w_forward_primer	100.000	18	0	0	1	18	7	24	1.86e-06	33.7
M03997:68:000000000-G35DK:1:2102:24940:21214	extended_3UTR_DCG_Soc1_w_forward_primer	76.190	42	5	1	1	42	13	49	3.72e-06	31.9
M03997:68:000000000-G35DK:1:2103:25757:23732	extended_3UTR_DCG_Soc1_w_forward_primer	100.000	83	0	0	1	83	54	136	8.49e-42	150
M03997:68:000000000-G35DK:1:1102:7143:16241	extended_3UTR_DCG_Soc1_w_forward_primer	100.000	109	0	0	1	109	7	115	8.70e-56	197
M03997:68:000000000-G35DK:1:1104:10843:9333	extended_3UTR_DCG_Soc1_w_forward_primer	100.000	20	0	0	1	20	5	24	6.03e-08	37.4
M03997:68:000000000-G35DK:1:2103:9975:4502	extended_3UTR_DCG_Soc1_w_forward_primer	100.000	40	0	0	1	40	97	136	8.12e-19	73.4
M03997:68:000000000-G35DK:1:2104:21831:20376	extended_3UTR_DCG_Soc1_w_forward_primer	100.000	18	0	0	1	18	7	24	1.60e-06	33.7
M03997:68:000000000-G35DK:1:2101:25463:19357	extended_3UTR_DCG_Soc1_w_forward_primer	97.143	35	1	0	1	35	113	147	1.51e-14	59.0
M03997:68:000000000-G35DK:1:2102:23680:15355	extended_3UTR_DCG_Soc1_w_forward_primer	100.000	104	0	0	1	104	18	121	4.28e-53	188
M03997:68:000000000-G35DK:1:1101:19311:9030	extended_3UTR_DCG_Soc1_w_forward_primer	97.468	79	0	1	1	77	13	91	7.31e-36	131
M03997:68:000000000-G35DK:1:2103:19406:16477	extended_3UTR_DCG_Soc1_w_forward_primer	100.000	50	0	0	1	50	13	62	3.97e-24	91.5
M03997:68:000000000-G35DK:1:1103:26705:20115	extended_3UTR_DCG_Soc1_w_forward_primer	100.000	43	0	0	3	45	54	96	2.21e-20	78.8
M03997:68:000000000-G35DK:1:1102:5329:6640	extended_3UTR_DCG_Soc1_w_forward_primer	100.000	52	0	0	1	52	113	164	3.33e-25	95.1
M03997:68:000000000-G35DK:1:2101:10033:24547	extended_3UTR_DCG_Soc1_w_forward_primer	100.000	21	0	0	80	100	1	21	4.75e-08	39.2
M03997:68:000000000-G35DK:1:1101:19591:5283	extended_3UTR_DCG_Soc1_w_forward_primer	100.000	34	0	0	1	34	58	91	1.19e-15	62.6
M03997:68:000000000-G35DK:1:1103:4702:18639	extended_3UTR_DCG_Soc1_w_forward_primer	100.000	20	0	0	1	20	7	26	7.31e-08	37.4
M03997:68:000000000-G35DK:1:1103:23341:12678	extended_3UTR_DCG_Soc1_w_forward_primer	98.947	95	1	0	1	95	13	107	1.28e-46	167
M03997:68:000000000-G35DK:1:1101:24241:21583	extended_3UTR_DCG_Soc1_w_forward_primer	100.000	41	0	0	1	41	5	45	2.40e-19	75.2
M03997:68:000000000-G35DK:1:1103:9080:19764	extended_3UTR_DCG_Soc1_w_forward_primer	100.000	54	0	0	1	54	83	136	2.86e-26	98.7
M03997:68:000000000-G35DK:1:1101:21890:24378	extended_3UTR_DCG_Soc1_w_forward_primer	100.000	18	0	0	1	18	7	24	9.77e-07	33.7
M03997:68:000000000-G35DK:1:2103:14960:26232	extended_3UTR_DCG_Soc1_w_forward_primer	100.000	34	0	0	1	34	58	91	1.19e-15	62.6
M03997:68:000000000-G35DK:1:2104:15236:20748	extended_3UTR_DCG_Soc1_w_forward_primer	98.649	74	1	0	1	74	48	121	2.44e-35	129
M03997:68:000000000-G35DK:1:2104:12588:23713	extended_3UTR_DCG_Soc1_w_forward_primer	100.000	21	0	0	107	127	1	21	6.09e-08	39.2
M03997:68:000000000-G35DK:1:1102:12999:6925	extended_3UTR_DCG_Soc1_w_forward_primer	100.000	104	0	0	1	104	50	153	1.32e-52	188
M03997:68:000000000-G35DK:1:2103:19446:5659	extended_3UTR_DCG_Soc1_w_forward_primer	98.413	126	0	1	1	124	13	138	3.73e-61	215
M03997:68:000000000-G35DK:1:2101:16523:27540	extended_3UTR_DCG_Soc1_w_forward_primer	98.148	54	1	0	1	54	13	66	1.22e-24	93.3
M03997:68:000000000-G35DK:1:1101:15028:27954	extended_3UTR_DCG_Soc1_w_forward_primer	100.000	18	0	0	1	18	7	24	7.13e-07	33.7
M03997:68:000000000-G35DK:1:2103:9962:26650	extended_3UTR_DCG_Soc1_w_forward_primer	76.190	42	5	1	1	42	13	49	9.73e-06	31.9
M03997:68:000000000-G35DK:1:2103:10280:11219	extended_3UTR_DCG_Soc1_w_forward_primer	100.000	79	0	0	1	79	13	91	1.19e-39	143
M03997:68:000000000-G35DK:1:2101:18489:22379	extended_3UTR_DCG_Soc1_w_forward_primer	100.000	109	0	0	1	109	13	121	8.70e-56	197
M03997:68:000000000-G35DK:1:2103:15765:20097	extended_3UTR_DCG_Soc1_w_forward_primer	100.000	16	0	0	1	16	11	26	6.24e-06	30.1
M03997:68:000000000-G35DK:1:1104:7285:11953	extended_3UTR_DCG_Soc1_w_forward_primer	100.000	18	0	0	1	18	7	24	1.82e-06	33.7
M03997:68:000000000-G35DK:1:1104:11621:6358	extended_3UTR_DCG_Soc1_w_forward_primer	76.190	42	5	1	1	42	13	49	4.26e-06	31.9
M03997:68:000000000-G35DK:1:1101:17401:10063	extended_3UTR_DCG_Soc1_w_forward_primer	100.000	88	0	0	1	88	15	102	1.75e-44	159
M03997:68:000000000-G35DK:1:2101:18557:20284	extended_3UTR_DCG_Soc1_w_forward_primer	100.000	44	0	0	1	44	13	56	6.16e-21	80.6
M03997:68:000000000-G35DK:1:2102:7367:7466	extended_3UTR_DCG_Soc1_w_forward_primer	96.296	54	2	0	1	54	29	82	1.48e-23	89.7
M03997:68:000000000-G35DK:1:2103:4371:12954	extended_3UTR_DCG_Soc1_w_forward_primer	100.000	100	0	0	1	100	13	112	6.17e-51	181
M03997:68:000000000-G35DK:1:2102:17764:20432	extended_3UTR_DCG_Soc1_w_forward_primer	100.000	52	0	0	1	52	13	64	3.33e-25	95.1
M03997:68:000000000-G35DK:1:1103:15881:27613	extended_3UTR_DCG_Soc1_w_forward_primer	100.000	60	0	0	1	60	7	66	1.79e-29	109
M03997:68:000000000-G35DK:1:1103:23547:16299	extended_3UTR_DCG_Soc1_w_forward_primer	100.000	55	0	0	1	55	58	112	8.37e-27	100
M03997:68:000000000-G35DK:1:2102:12332:16052	extended_3UTR_DCG_Soc1_w_forward_primer	100.000	18	0	0	1	18	7	24	2.28e-06	33.7
M03997:68:000000000-G35DK:1:1101:20061:11405	extended_3UTR_DCG_Soc1_w_forward_primer	100.000	28	0	0	1	28	18	45	1.66e-12	51.8
M03997:68:000000000-G35DK:1:1101:10470:23208	extended_3UTR_DCG_Soc1_w_forward_primer	98.387	62	1	0	1	62	13	74	6.50e-29	107
M03997:68:000000000-G35DK:1:1102:17593:26069	extended_3UTR_DCG_Soc1_w_forward_primer	100.000	44	0	0	1	44	13	56	6.16e-21	80.6
M03997:68:000000000-G35DK:1:1104:22150:19885	extended_3UTR_DCG_Soc1_w_forward_primer	100.000	56	0	0	1	56	60	115	2.45e-27	102
M03997:68:000000000-G35DK:1:1104:27149:15175	extended_3UTR_DCG_Soc1_w_forward_primer	95.455	22	1	0	1	22	8	29	1.40e-07	35.6
M03997:68:000000000-G35DK:1:2102:16437:19519	extended_3UTR_DCG_Soc1_w_forward_primer	76.190	42	5	1	1	42	13	49	6.59e-06	31.9
M03997:68:000000000-G35DK:1:2103:15586:14385	extended_3UTR_DCG_Soc1_w_forward_primer	98.077	52	1	0	1	52	31	82	1.42e-23	89.7
M03997:68:000000000-G35DK:1:2101:15613:24213	extended_3UTR_DCG_Soc1_w_forward_primer	100.000	38	0	0	1	38	54	91	9.28e-18	69.8
M03997:68:000000000-G35DK:1:2102:22169:14986	extended_3UTR_DCG_Soc1_w_forward_primer	100.000	54	0	0	1	54	13	66	2.86e-26	98.7
M03997:68:000000000-G35DK:1:1101:19458:20756	extended_3UTR_DCG_Soc1_w_forward_primer	100.000	115	0	0	1	115	13	127	5.10e-59	208
M03997:68:000000000-G35DK:1:2104:27072:13633	extended_3UTR_DCG_Soc1_w_forward_primer	100.000	71	0	0	1	71	37	107	2.33e-35	129
M03997:68:000000000-G35DK:1:1102:24568:23645	extended_3UTR_DCG_Soc1_w_forward_primer	98.462	65	1	0	1	65	37	101	1.62e-30	113
M03997:68:000000000-G35DK:1:2102:11850:18863	extended_3UTR_DCG_Soc1_w_forward_primer	100.000	20	0	0	1	20	5	24	6.21e-08	37.4
M03997:68:000000000-G35DK:1:1103:14900:26112	extended_3UTR_DCG_Soc1_w_forward_primer	100.000	58	0	0	1	58	13	70	2.10e-28	105
M03997:68:000000000-G35DK:1:1103:9582:23219	extended_3UTR_DCG_Soc1_w_forward_primer	100.000	64	0	0	1	64	107	170	1.87e-31	116
M03997:68:000000000-G35DK:1:1103:14141:9371	extended_3UTR_DCG_Soc1_w_forward_primer	100.000	44	0	0	1	44	88	131	6.16e-21	80.6
M03997:68:000000000-G35DK:1:2104:13327:4803	extended_3UTR_DCG_Soc1_w_forward_primer	100.000	54	0	0	1	54	83	136	2.86e-26	98.7
M03997:68:000000000-G35DK:1:2102:21079:22307	extended_3UTR_DCG_Soc1_w_forward_primer	98.684	76	1	0	1	76	26	101	2.06e-36	132
M03997:68:000000000-G35DK:1:2102:6632:13187	extended_3UTR_DCG_Soc1_w_forward_primer	100.000	103	0	0	1	103	13	115	1.48e-52	187
M03997:68:000000000-G35DK:1:1101:6089:8750	extended_3UTR_DCG_Soc1_w_forward_primer	95.122	41	1	1	1	40	13	53	1.32e-14	62.6
M03997:68:000000000-G35DK:1:2101:3117:10784	extended_3UTR_DCG_Soc1_w_forward_primer	100.000	20	0	0	1	20	7	26	6.76e-08	37.4
M03997:68:000000000-G35DK:1:1103:16740:18592	extended_3UTR_DCG_Soc1_w_forward_primer	100.000	37	0	0	1	37	107	143	3.13e-17	68.0
M03997:68:000000000-G35DK:1:1103:18888:9055	extended_3UTR_DCG_Soc1_w_forward_primer	100.000	18	0	0	1	18	7	24	1.15e-06	33.7
M03997:68:000000000-G35DK:1:1101:8774:24805	extended_3UTR_DCG_Soc1_w_forward_primer	98.824	85	1	0	1	85	26	110	3.04e-41	149
M03997:68:000000000-G35DK:1:2101:28225:14476	extended_3UTR_DCG_Soc1_w_forward_primer	100.000	28	0	0	1	28	23	50	1.66e-12	51.8
M03997:68:000000000-G35DK:1:2103:19986:15613	extended_3UTR_DCG_Soc1_w_forward_primer	100.000	70	0	0	1	70	13	82	7.99e-35	127
M03997:68:000000000-G35DK:1:2103:16485:18193	extended_3UTR_DCG_Soc1_w_forward_primer	100.000	20	0	0	1	20	7	26	8.02e-08	37.4
M03997:68:000000000-G35DK:1:1103:27029:21076	extended_3UTR_DCG_Soc1_w_forward_primer	98.276	58	1	0	1	58	13	70	8.92e-27	100
M03997:68:000000000-G35DK:1:2103:21070:19236	extended_3UTR_DCG_Soc1_w_forward_primer	100.000	115	0	0	1	115	7	121	5.10e-59	208
M03997:68:000000000-G35DK:1:2104:14301:11140	extended_3UTR_DCG_Soc1_w_forward_primer	98.684	76	1	0	1	76	13	88	2.06e-36	132
M03997:68:000000000-G35DK:1:2102:16456:17844	extended_3UTR_DCG_Soc1_w_forward_primer	98.571	70	1	0	1	70	13	82	3.40e-33	122
M03997:68:000000000-G35DK:1:1103:28183:18558	extended_3UTR_DCG_Soc1_w_forward_primer	100.000	64	0	0	1	64	7	70	1.30e-31	116
M03997:68:000000000-G35DK:1:2101:27750:12613	extended_3UTR_DCG_Soc1_w_forward_primer	100.000	76	0	0	1	76	37	112	4.85e-38	138
M03997:68:000000000-G35DK:1:1104:26575:11711	extended_3UTR_DCG_Soc1_w_forward_primer	98.684	76	1	0	1	76	37	112	2.06e-36	132
M03997:68:000000000-G35DK:1:1103:13955:5750	extended_3UTR_DCG_Soc1_w_forward_primer	100.000	50	0	0	1	50	13	62	3.97e-24	91.5
M03997:68:000000000-G35DK:1:1101:22359:20722	extended_3UTR_DCG_Soc1_w_forward_primer	99.029	103	1	0	1	103	13	115	6.28e-51	181
M03997:68:000000000-G35DK:1:1103:16507:27461	extended_3UTR_DCG_Soc1_w_forward_primer	100.000	17	0	0	1	17	8	24	1.63e-06	31.9
M03997:68:000000000-G35DK:1:1101:16994:15840	extended_3UTR_DCG_Soc1_w_forward_primer	100.000	20	0	0	1	20	5	24	4.94e-08	37.4
M03997:68:000000000-G35DK:1:1102:5012:11653	extended_3UTR_DCG_Soc1_w_forward_primer	100.000	109	0	0	1	109	62	170	2.54e-55	197
M03997:68:000000000-G35DK:1:2103:12872:25758	extended_3UTR_DCG_Soc1_w_forward_primer	99.363	157	1	0	1	157	27	183	4.81e-80	279
M03997:68:000000000-G35DK:1:2103:12593:25637	extended_3UTR_DCG_Soc1_w_forward_primer	100.000	44	0	0	1	44	13	56	6.16e-21	80.6
M03997:68:000000000-G35DK:1:1102:27888:18990	extended_3UTR_DCG_Soc1_w_forward_primer	92.523	107	8	0	1	107	13	119	7.48e-44	158
M03997:68:000000000-G35DK:1:1102:4873:13371	extended_3UTR_DCG_Soc1_w_forward_primer	99.000	100	1	0	1	100	13	112	2.62e-49	176
M03997:68:000000000-G35DK:1:2101:26121:9462	extended_3UTR_DCG_Soc1_w_forward_primer	97.917	48	1	0	1	48	60	107	1.96e-21	82.4
M03997:68:000000000-G35DK:1:1101:15419:12741	extended_3UTR_DCG_Soc1_w_forward_primer	100.000	66	0	0	1	66	56	121	1.11e-32	120
M03997:68:000000000-G35DK:1:2104:28164:13180	extended_3UTR_DCG_Soc1_w_forward_primer	98.734	79	1	0	1	79	13	91	5.07e-38	138
M03997:68:000000000-G35DK:1:1103:20089:23310	extended_3UTR_DCG_Soc1_w_forward_primer	79.167	48	5	1	1	48	7	49	1.89e-09	42.8
M03997:68:000000000-G35DK:1:2101:16362:4442	extended_3UTR_DCG_Soc1_w_forward_primer	100.000	47	0	0	1	47	75	121	1.57e-22	86.0
M03997:68:000000000-G35DK:1:2101:22236:13674	extended_3UTR_DCG_Soc1_w_forward_primer	99.320	147	1	0	1	147	13	159	1.20e-74	260
M03997:68:000000000-G35DK:1:1104:17949:23866	extended_3UTR_DCG_Soc1_w_forward_primer	100.000	18	0	0	1	18	8	25	5.34e-07	33.7
M03997:68:000000000-G35DK:1:1101:24609:19083	extended_3UTR_DCG_Soc1_w_forward_primer	100.000	65	0	0	1	65	48	112	3.80e-32	118
M03997:68:000000000-G35DK:1:2104:16912:6241	extended_3UTR_DCG_Soc1_w_forward_primer	100.000	20	0	0	1	20	5	24	1.42e-07	37.4
M03997:68:000000000-G35DK:1:2104:21448:16747	extended_3UTR_DCG_Soc1_w_forward_primer	100.000	68	0	0	1	68	13	80	9.41e-34	123
M03997:68:000000000-G35DK:1:1103:23161:17746	extended_3UTR_DCG_Soc1_w_forward_primer	100.000	49	0	0	1	49	64	112	1.35e-23	89.7
M03997:68:000000000-G35DK:1:2104:23931:8106	extended_3UTR_DCG_Soc1_w_forward_primer	95.833	24	1	0	1	24	5	28	1.05e-07	39.2
M03997:68:000000000-G35DK:1:1103:21353:9903	extended_3UTR_DCG_Soc1_w_forward_primer	100.000	18	0	0	1	18	7	24	2.68e-06	33.7
M03997:68:000000000-G35DK:1:2101:13813:3368	extended_3UTR_DCG_Soc1_w_forward_primer	100.000	80	0	0	1	80	70	149	3.47e-40	145
M03997:68:000000000-G35DK:1:1102:11490:27805	extended_3UTR_DCG_Soc1_w_forward_primer	100.000	21	0	0	35	55	1	21	2.40e-08	39.2
M03997:68:000000000-G35DK:1:1104:21233:15686	extended_3UTR_DCG_Soc1_w_forward_primer	100.000	17	0	0	1	17	8	24	1.63e-06	31.9
M03997:68:000000000-G35DK:1:2101:28247:17941	extended_3UTR_DCG_Soc1_w_forward_primer	100.000	50	0	0	1	50	13	62	3.97e-24	91.5
M03997:68:000000000-G35DK:1:1104:13250:8988	extended_3UTR_DCG_Soc1_w_forward_primer	100.000	48	0	0	1	48	13	60	4.61e-23	87.8
M03997:68:000000000-G35DK:1:2104:20389:10524	extended_3UTR_DCG_Soc1_w_forward_primer	98.374	123	2	0	1	123	13	135	1.33e-60	214
M03997:68:000000000-G35DK:1:1102:11321:15171	extended_3UTR_DCG_Soc1_w_forward_primer	79.167	48	5	1	1	48	7	49	2.61e-09	42.8
M03997:68:000000000-G35DK:1:2102:4399:10459	extended_3UTR_DCG_Soc1_w_forward_primer	100.000	21	0	0	37	57	1	21	2.51e-08	39.2
M03997:68:000000000-G35DK:1:1101:26107:20141	extended_3UTR_DCG_Soc1_w_forward_primer	100.000	79	0	0	1	79	13	91	1.19e-39	143
M03997:68:000000000-G35DK:1:2101:22024:3680	extended_3UTR_DCG_Soc1_w_forward_primer	100.000	80	0	0	1	80	31	110	3.47e-40	145
M03997:68:000000000-G35DK:1:2101:3271:21286	extended_3UTR_DCG_Soc1_w_forward_primer	100.000	123	0	0	1	123	42	164	2.49e-63	223
M03997:68:000000000-G35DK:1:2104:12914:11786	extended_3UTR_DCG_Soc1_w_forward_primer	100.000	18	0	0	1	18	7	24	1.66e-06	33.7
M03997:68:000000000-G35DK:1:1101:12833:25479	extended_3UTR_DCG_Soc1_w_forward_primer	100.000	97	0	0	1	97	19	115	2.54e-49	176
M03997:68:000000000-G35DK:1:2102:9125:22280	extended_3UTR_DCG_Soc1_w_forward_primer	98.148	108	0	1	1	106	26	133	1.86e-51	183
M03997:68:000000000-G35DK:1:2102:13048:8235	extended_3UTR_DCG_Soc1_w_forward_primer	100.000	52	0	0	1	52	13	64	3.33e-25	95.1
M03997:68:000000000-G35DK:1:1102:13123:21229	extended_3UTR_DCG_Soc1_w_forward_primer	98.824	85	1	0	1	85	7	91	3.04e-41	149
M03997:68:000000000-G35DK:1:1102:10000:16757	extended_3UTR_DCG_Soc1_w_forward_primer	100.000	18	0	0	1	18	7	24	1.09e-06	33.7
M03997:68:000000000-G35DK:1:1102:15599:9266	extended_3UTR_DCG_Soc1_w_forward_primer	100.000	62	0	0	1	62	60	121	1.53e-30	113
M03997:68:000000000-G35DK:1:1103:5513:19017	extended_3UTR_DCG_Soc1_w_forward_primer	100.000	74	0	0	1	74	62	135	5.74e-37	134
M03997:68:000000000-G35DK:1:1102:6443:23493	extended_3UTR_DCG_Soc1_w_forward_primer	99.029	103	1	0	1	103	13	115	6.28e-51	181
M03997:68:000000000-G35DK:1:2101:25686:5931	extended_3UTR_DCG_Soc1_w_forward_primer	97.619	42	1	0	1	42	58	99	3.01e-18	71.6
M03997:68:000000000-G35DK:1:2104:20930:25798	extended_3UTR_DCG_Soc1_w_forward_primer	76.190	42	5	1	1	42	13	49	7.96e-06	31.9
M03997:68:000000000-G35DK:1:2101:23220:9624	extended_3UTR_DCG_Soc1_w_forward_primer	100.000	18	0	0	1	18	7	24	6.40e-06	33.7
M03997:68:000000000-G35DK:1:2101:23740:9080	extended_3UTR_DCG_Soc1_w_forward_primer	100.000	67	0	0	1	67	104	170	1.60e-32	122
M03997:68:000000000-G35DK:1:2104:12870:12701	extended_3UTR_DCG_Soc1_w_forward_primer	100.000	48	0	0	1	48	13	60	4.61e-23	87.8
M03997:68:000000000-G35DK:1:2102:28807:19712	extended_3UTR_DCG_Soc1_w_forward_primer	100.000	46	0	0	1	46	13	58	5.34e-22	84.2
M03997:68:000000000-G35DK:1:2101:24213:6458	extended_3UTR_DCG_Soc1_w_forward_primer	98.837	86	1	0	1	86	48	133	8.84e-42	150
M03997:68:000000000-G35DK:1:1104:17385:4216	extended_3UTR_DCG_Soc1_w_forward_primer	100.000	93	0	0	1	93	23	115	3.59e-47	168
M03997:68:000000000-G35DK:1:1101:26366:15731	extended_3UTR_DCG_Soc1_w_forward_primer	100.000	43	0	0	1	43	13	55	2.09e-20	78.8
M03997:68:000000000-G35DK:1:2103:14054:15563	extended_3UTR_DCG_Soc1_w_forward_primer	100.000	57	0	0	1	57	54	110	7.17e-28	104
M03997:68:000000000-G35DK:1:2101:20615:8561	extended_3UTR_DCG_Soc1_w_forward_primer	76.190	42	5	1	1	42	13	49	9.73e-06	31.9
M03997:68:000000000-G35DK:1:1104:8933:10540	extended_3UTR_DCG_Soc1_w_forward_primer	100.000	24	0	0	18	41	113	136	4.06e-10	44.6
M03997:68:000000000-G35DK:1:2103:22812:7588	extended_3UTR_DCG_Soc1_w_forward_primer	100.000	109	0	0	1	109	13	121	8.70e-56	197
M03997:68:000000000-G35DK:1:2101:3561:12913	extended_3UTR_DCG_Soc1_w_forward_primer	96.875	64	2	0	1	64	58	121	6.75e-29	107
M03997:68:000000000-G35DK:1:2102:20763:21660	extended_3UTR_DCG_Soc1_w_forward_primer	100.000	30	0	0	1	30	107	136	1.50e-13	55.4
M03997:68:000000000-G35DK:1:1104:4185:11312	extended_3UTR_DCG_Soc1_w_forward_primer	76.190	42	5	1	1	42	13	49	5.19e-06	31.9
M03997:68:000000000-G35DK:1:1103:7507:6543	extended_3UTR_DCG_Soc1_w_forward_primer	98.333	60	1	0	1	60	56	115	7.62e-28	104
M03997:68:000000000-G35DK:1:2102:22651:6336	extended_3UTR_DCG_Soc1_w_forward_primer	100.000	22	0	0	1	22	5	26	4.05e-09	41.0
M03997:68:000000000-G35DK:1:2102:21358:22931	extended_3UTR_DCG_Soc1_w_forward_primer	100.000	98	0	0	1	98	29	126	7.35e-50	178
M03997:68:000000000-G35DK:1:2101:19468:7019	extended_3UTR_DCG_Soc1_w_forward_primer	98.889	90	1	0	1	90	37	126	6.26e-44	158
M03997:68:000000000-G35DK:1:2102:21512:13160	extended_3UTR_DCG_Soc1_w_forward_primer	99.083	109	1	0	1	109	13	121	3.70e-54	192
M03997:68:000000000-G35DK:1:1101:4881:22459	extended_3UTR_DCG_Soc1_w_forward_primer	92.000	25	2	0	1	25	7	31	1.04e-07	37.4
M03997:68:000000000-G35DK:1:2101:26454:7716	extended_3UTR_DCG_Soc1_w_forward_primer	98.649	74	1	0	1	74	58	131	2.44e-35	129
M03997:68:000000000-G35DK:1:1103:15303:4430	extended_3UTR_DCG_Soc1_w_forward_primer	100.000	100	0	0	1	100	13	112	6.17e-51	181
M03997:68:000000000-G35DK:1:2102:24487:22529	extended_3UTR_DCG_Soc1_w_forward_primer	100.000	18	0	0	1	18	7	24	9.77e-07	33.7
M03997:68:000000000-G35DK:1:1102:3427:10614	extended_3UTR_DCG_Soc1_w_forward_primer	100.000	66	0	0	1	66	119	184	1.36e-32	120
M03997:68:000000000-G35DK:1:2101:16200:18497	extended_3UTR_DCG_Soc1_w_forward_primer	100.000	60	0	0	1	60	74	133	1.79e-29	109
M03997:68:000000000-G35DK:1:1103:14829:12865	extended_3UTR_DCG_Soc1_w_forward_primer	100.000	51	0	0	1	51	12	62	1.13e-24	93.3
M03997:68:000000000-G35DK:1:2104:27981:12214	extended_3UTR_DCG_Soc1_w_forward_primer	100.000	66	0	0	1	66	50	115	1.11e-32	120
M03997:68:000000000-G35DK:1:1101:12874:8921	extended_3UTR_DCG_Soc1_w_forward_primer	99.200	125	1	0	1	125	13	137	8.86e-63	221
M03997:68:000000000-G35DK:1:1101:22371:22536	extended_3UTR_DCG_Soc1_w_forward_primer	100.000	27	0	0	1	27	123	149	8.32e-11	50.0
M03997:68:000000000-G35DK:1:2103:21986:15954	extended_3UTR_DCG_Soc1_w_forward_primer	100.000	54	0	0	1	54	13	66	2.86e-26	98.7
M03997:68:000000000-G35DK:1:1102:29628:16243	extended_3UTR_DCG_Soc1_w_forward_primer	100.000	82	0	0	1	82	29	110	3.00e-41	149
M03997:68:000000000-G35DK:1:1102:3854:12080	extended_3UTR_DCG_Soc1_w_forward_primer	100.000	61	0	0	1	61	110	170	6.54e-30	111
M03997:68:000000000-G35DK:1:2104:15264:28779	extended_3UTR_DCG_Soc1_w_forward_primer	94.937	79	4	0	1	79	13	91	3.20e-34	125
M03997:68:000000000-G35DK:1:1104:14014:28035	extended_3UTR_DCG_Soc1_w_forward_primer	100.000	103	0	0	1	103	13	115	1.48e-52	187
M03997:68:000000000-G35DK:1:2103:20492:7753	extended_3UTR_DCG_Soc1_w_forward_primer	98.780	82	1	0	1	82	31	112	1.24e-39	143
M03997:68:000000000-G35DK:1:1104:16874:13149	extended_3UTR_DCG_Soc1_w_forward_primer	100.000	17	0	0	1	17	8	24	6.20e-06	31.9
M03997:68:000000000-G35DK:1:2103:10456:13544	extended_3UTR_DCG_Soc1_w_forward_primer	100.000	33	0	0	1	33	104	136	4.00e-15	60.8
M03997:68:000000000-G35DK:1:2102:3017:12950	extended_3UTR_DCG_Soc1_w_forward_primer	76.190	42	5	1	1	42	13	49	5.81e-06	31.9
M03997:68:000000000-G35DK:1:1103:12592:13374	extended_3UTR_DCG_Soc1_w_forward_primer	100.000	64	0	0	1	64	56	119	1.30e-31	116
M03997:68:000000000-G35DK:1:1104:27297:15531	extended_3UTR_DCG_Soc1_w_forward_primer	100.000	88	0	0	1	88	83	170	6.39e-44	159
M03997:68:000000000-G35DK:1:1103:20536:8133	extended_3UTR_DCG_Soc1_w_forward_primer	100.000	80	0	0	1	80	83	162	4.72e-40	145
M03997:68:000000000-G35DK:1:2101:18884:18679	extended_3UTR_DCG_Soc1_w_forward_primer	100.000	18	0	0	1	18	7	24	9.55e-07	33.7
M03997:68:000000000-G35DK:1:1103:8152:9917	extended_3UTR_DCG_Soc1_w_forward_primer	98.734	79	1	0	1	79	13	91	5.07e-38	138
M03997:68:000000000-G35DK:1:1101:5282:19389	extended_3UTR_DCG_Soc1_w_forward_primer	100.000	20	0	0	1	20	7	26	8.02e-08	37.4
M03997:68:000000000-G35DK:1:2101:22380:18536	extended_3UTR_DCG_Soc1_w_forward_primer	100.000	52	0	0	1	52	54	105	3.33e-25	95.1
M03997:68:000000000-G35DK:1:1101:7314:11990	extended_3UTR_DCG_Soc1_w_forward_primer	97.196	107	1	1	1	105	27	133	7.82e-50	178
M03997:68:000000000-G35DK:1:2101:20967:4585	extended_3UTR_DCG_Soc1_w_forward_primer	100.000	34	0	0	1	34	58	91	1.19e-15	62.6
M03997:68:000000000-G35DK:1:1104:16263:12327	extended_3UTR_DCG_Soc1_w_forward_primer	100.000	22	0	0	1	22	5	26	5.55e-09	41.0
M03997:68:000000000-G35DK:1:2104:19582:24932	extended_3UTR_DCG_Soc1_w_forward_primer	100.000	109	0	0	1	109	13	121	8.70e-56	197
M03997:68:000000000-G35DK:1:2101:10449:26263	extended_3UTR_DCG_Soc1_w_forward_primer	100.000	64	0	0	1	64	58	121	1.30e-31	116
M03997:68:000000000-G35DK:1:1102:21222:15519	extended_3UTR_DCG_Soc1_w_forward_primer	76.190	42	5	1	1	42	13	49	9.81e-06	31.9
M03997:68:000000000-G35DK:1:2103:13589:17510	extended_3UTR_DCG_Soc1_w_forward_primer	100.000	19	0	0	1	19	7	25	2.04e-07	35.6
M03997:68:000000000-G35DK:1:2104:25884:10882	extended_3UTR_DCG_Soc1_w_forward_primer	100.000	42	0	0	1	42	13	54	7.08e-20	77.0
M03997:68:000000000-G35DK:1:2104:11965:12266	extended_3UTR_DCG_Soc1_w_forward_primer	100.000	64	0	0	1	64	58	121	1.30e-31	116
M03997:68:000000000-G35DK:1:1104:14551:10081	extended_3UTR_DCG_Soc1_w_forward_primer	100.000	54	0	0	1	54	7	60	2.86e-26	98.7
M03997:68:000000000-G35DK:1:1103:17081:17592	extended_3UTR_DCG_Soc1_w_forward_primer	100.000	20	0	0	1	20	7	26	8.75e-08	37.4
M03997:68:000000000-G35DK:1:1101:12855:25677	extended_3UTR_DCG_Soc1_w_forward_primer	88.889	27	3	0	257	283	48	74	1.83e-06	35.6
M03997:68:000000000-G35DK:1:2103:21316:14330	extended_3UTR_DCG_Soc1_w_forward_primer	100.000	24	0	0	84	107	1	24	1.26e-09	44.6
M03997:68:000000000-G35DK:1:2103:14516:18105	extended_3UTR_DCG_Soc1_w_forward_primer	96.000	25	1	0	1	25	5	29	1.83e-08	41.0
M03997:68:000000000-G35DK:1:1103:7904:26357	extended_3UTR_DCG_Soc1_w_forward_primer	100.000	58	0	0	1	58	48	105	2.10e-28	105
M03997:68:000000000-G35DK:1:2103:15431:19836	extended_3UTR_DCG_Soc1_w_forward_primer	100.000	42	0	0	1	42	31	72	7.08e-20	77.0
M03997:68:000000000-G35DK:1:2104:10728:4210	extended_3UTR_DCG_Soc1_w_forward_primer	100.000	103	0	0	1	103	8	110	1.48e-52	187
M03997:68:000000000-G35DK:1:1104:23609:24691	extended_3UTR_DCG_Soc1_w_forward_primer	100.000	109	0	0	1	109	83	191	9.23e-56	197
M03997:68:000000000-G35DK:1:2102:20659:12498	extended_3UTR_DCG_Soc1_w_forward_primer	100.000	34	0	0	1	34	13	46	1.19e-15	62.6
M03997:68:000000000-G35DK:1:2102:20169:7675	extended_3UTR_DCG_Soc1_w_forward_primer	100.000	87	0	0	1	87	24	110	6.03e-44	158
M03997:68:000000000-G35DK:1:1102:9983:6710	extended_3UTR_DCG_Soc1_w_forward_primer	100.000	65	0	0	1	65	72	136	3.80e-32	118
M03997:68:000000000-G35DK:1:2102:26440:8914	extended_3UTR_DCG_Soc1_w_forward_primer	100.000	44	0	0	1	44	62	105	6.16e-21	80.6
M03997:68:000000000-G35DK:1:2102:28563:13456	extended_3UTR_DCG_Soc1_w_forward_primer	100.000	18	0	0	1	18	7	24	5.34e-07	33.7
M03997:68:000000000-G35DK:1:2103:28467:18192	extended_3UTR_DCG_Soc1_w_forward_primer	76.190	42	5	1	1	42	13	49	3.03e-06	31.9
M03997:68:000000000-G35DK:1:1103:10115:8360	extended_3UTR_DCG_Soc1_w_forward_primer	100.000	38	0	0	1	38	29	66	9.28e-18	69.8
M03997:68:000000000-G35DK:1:1102:9987:9753	extended_3UTR_DCG_Soc1_w_forward_primer	99.306	144	1	0	1	144	27	170	1.08e-72	255
M03997:68:000000000-G35DK:1:2104:7814:18292	extended_3UTR_DCG_Soc1_w_forward_primer	100.000	93	0	0	1	93	29	121	3.59e-47	168
M03997:68:000000000-G35DK:1:2104:19172:14251	extended_3UTR_DCG_Soc1_w_forward_primer	100.000	26	0	0	1	26	88	113	1.93e-11	48.2
M03997:68:000000000-G35DK:1:1104:20089:12323	extended_3UTR_DCG_Soc1_w_forward_primer	100.000	63	0	0	1	63	56	118	4.46e-31	114
M03997:68:000000000-G35DK:1:2101:13514:19088	extended_3UTR_DCG_Soc1_w_forward_primer	98.551	69	1	0	1	69	37	105	1.17e-32	120
M03997:68:000000000-G35DK:1:1101:13260:27852	extended_3UTR_DCG_Soc1_w_forward_primer	100.000	24	0	0	57	80	1	24	1.04e-09	44.6
M03997:68:000000000-G35DK:1:1102:14269:22957	extended_3UTR_DCG_Soc1_w_forward_primer	100.000	18	0	0	1	18	7	24	4.90e-07	33.7
M03997:68:000000000-G35DK:1:1102:22383:19068	extended_3UTR_DCG_Soc1_w_forward_primer	98.000	50	1	0	1	50	50	99	1.69e-22	86.0
M03997:68:000000000-G35DK:1:2101:10775:5420	extended_3UTR_DCG_Soc1_w_forward_primer	100.000	38	0	0	1	38	29	66	9.28e-18	69.8
M03997:68:000000000-G35DK:1:2102:15331:10475	extended_3UTR_DCG_Soc1_w_forward_primer	100.000	101	0	0	1	101	12	112	1.76e-51	183
M03997:68:000000000-G35DK:1:2102:5349:12876	extended_3UTR_DCG_Soc1_w_forward_primer	97.849	93	2	0	1	93	21	113	1.86e-44	159
M03997:68:000000000-G35DK:1:2102:25337:17385	extended_3UTR_DCG_Soc1_w_forward_primer	97.857	140	3	0	1	140	60	199	8.30e-68	239
M03997:68:000000000-G35DK:1:1101:10267:20261	extended_3UTR_DCG_Soc1_w_forward_primer	100.000	18	0	0	1	18	7	24	1.38e-06	33.7
M03997:68:000000000-G35DK:1:2104:21424:25099	extended_3UTR_DCG_Soc1_w_forward_primer	100.000	18	0	0	1	18	7	24	8.02e-07	33.7
M03997:68:000000000-G35DK:1:2103:20946:7818	extended_3UTR_DCG_Soc1_w_forward_primer	100.000	52	0	0	1	52	13	64	3.33e-25	95.1
M03997:68:000000000-G35DK:1:2104:5489:19981	extended_3UTR_DCG_Soc1_w_forward_primer	100.000	66	0	0	1	66	23	88	1.65e-32	120
M03997:68:000000000-G35DK:1:1104:23007:4657	extended_3UTR_DCG_Soc1_w_forward_primer	100.000	18	0	0	1	18	8	25	9.55e-07	33.7
M03997:68:000000000-G35DK:1:2102:11237:27618	extended_3UTR_DCG_Soc1_w_forward_primer	99.160	119	1	0	1	119	13	131	1.52e-59	210
M03997:68:000000000-G35DK:1:2101:13653:20683	extended_3UTR_DCG_Soc1_w_forward_primer	100.000	66	0	0	1	66	56	121	1.11e-32	120
M03997:68:000000000-G35DK:1:1102:6604:16984	extended_3UTR_DCG_Soc1_w_forward_primer	100.000	48	0	0	3	50	54	101	4.84e-23	87.8
M03997:68:000000000-G35DK:1:1103:16127:20110	extended_3UTR_DCG_Soc1_w_forward_primer	100.000	21	0	0	41	61	1	21	2.71e-08	39.2
M03997:68:000000000-G35DK:1:2102:13043:15133	extended_3UTR_DCG_Soc1_w_forward_primer	100.000	17	0	0	1	17	10	26	3.19e-06	31.9
M03997:68:000000000-G35DK:1:2101:4799:8167	extended_3UTR_DCG_Soc1_w_forward_primer	100.000	52	0	0	1	52	13	64	3.33e-25	95.1
M03997:68:000000000-G35DK:1:1103:5253:14383	extended_3UTR_DCG_Soc1_w_forward_primer	96.970	66	2	0	1	66	56	121	5.74e-30	111
M03997:68:000000000-G35DK:1:2103:25163:14646	extended_3UTR_DCG_Soc1_w_forward_primer	100.000	100	0	0	1	100	13	112	6.17e-51	181
M03997:68:000000000-G35DK:1:1103:16970:8887	extended_3UTR_DCG_Soc1_w_forward_primer	100.000	84	0	0	1	84	29	112	2.47e-42	152
M03997:68:000000000-G35DK:1:1102:28313:12348	extended_3UTR_DCG_Soc1_w_forward_primer	100.000	100	0	0	1	100	13	112	6.17e-51	181
M03997:68:000000000-G35DK:1:2102:23294:14537	extended_3UTR_DCG_Soc1_w_forward_primer	100.000	106	0	0	1	106	31	136	3.59e-54	192
M03997:68:000000000-G35DK:1:2102:11947:18186	extended_3UTR_DCG_Soc1_w_forward_primer	100.000	21	0	0	1	21	5	25	9.95e-09	39.2
M03997:68:000000000-G35DK:1:1104:7828:17020	extended_3UTR_DCG_Soc1_w_forward_primer	98.214	56	1	0	1	56	13	68	1.04e-25	96.9
M03997:68:000000000-G35DK:1:1103:21445:9430	extended_3UTR_DCG_Soc1_w_forward_primer	97.674	86	0	1	1	84	48	133	1.28e-39	143
M03997:68:000000000-G35DK:1:2104:10317:15066	extended_3UTR_DCG_Soc1_w_forward_primer	100.000	50	0	0	1	50	74	123	4.43e-24	91.5
M03997:68:000000000-G35DK:1:1102:5613:11201	extended_3UTR_DCG_Soc1_w_forward_primer	100.000	20	0	0	1	20	5	24	5.25e-07	37.4
M03997:68:000000000-G35DK:1:1101:26283:17166	extended_3UTR_DCG_Soc1_w_forward_primer	100.000	52	0	0	1	52	13	64	3.33e-25	95.1
M03997:68:000000000-G35DK:1:1101:3476:18110	extended_3UTR_DCG_Soc1_w_forward_primer	100.000	80	0	0	1	80	26	105	3.47e-40	145
M03997:68:000000000-G35DK:1:2102:6884:20906	extended_3UTR_DCG_Soc1_w_forward_primer	100.000	74	0	0	1	74	37	110	5.74e-37	134
M03997:68:000000000-G35DK:1:1101:27095:16781	extended_3UTR_DCG_Soc1_w_forward_primer	100.000	19	0	0	1	19	8	26	2.68e-07	35.6
M03997:68:000000000-G35DK:1:2103:9481:16671	extended_3UTR_DCG_Soc1_w_forward_primer	76.190	42	5	1	1	42	13	49	5.35e-06	31.9
M03997:68:000000000-G35DK:1:1104:18939:23137	extended_3UTR_DCG_Soc1_w_forward_primer	98.182	55	1	0	1	55	53	107	3.56e-25	95.1
M03997:68:000000000-G35DK:1:2101:12646:4015	extended_3UTR_DCG_Soc1_w_forward_primer	100.000	98	0	0	1	98	24	121	7.35e-50	178
M03997:68:000000000-G35DK:1:1102:11586:14213	extended_3UTR_DCG_Soc1_w_forward_primer	100.000	18	0	0	1	18	7	24	5.34e-07	33.7
M03997:68:000000000-G35DK:1:2103:26739:14815	extended_3UTR_DCG_Soc1_w_forward_primer	100.000	17	0	0	1	17	8	24	1.48e-06	31.9
M03997:68:000000000-G35DK:1:2104:7362:22167	extended_3UTR_DCG_Soc1_w_forward_primer	100.000	18	0	0	1	18	7	24	1.82e-06	33.7
M03997:68:000000000-G35DK:1:2101:19639:24763	extended_3UTR_DCG_Soc1_w_forward_primer	76.190	42	5	1	1	42	13	49	9.42e-06	31.9
M03997:68:000000000-G35DK:1:1103:6119:18352	extended_3UTR_DCG_Soc1_w_forward_primer	100.000	38	0	0	1	38	83	120	8.88e-17	69.8
M03997:68:000000000-G35DK:1:2101:7415:11819	extended_3UTR_DCG_Soc1_w_forward_primer	100.000	108	0	0	1	108	26	133	3.01e-55	196
M03997:68:000000000-G35DK:1:1104:5794:16642	extended_3UTR_DCG_Soc1_w_forward_primer	100.000	18	0	0	1	18	7	24	6.40e-06	33.7
M03997:68:000000000-G35DK:1:1104:25322:14240	extended_3UTR_DCG_Soc1_w_forward_primer	100.000	99	0	0	1	99	23	121	2.13e-50	179
M03997:68:000000000-G35DK:1:1102:22895:15793	extended_3UTR_DCG_Soc1_w_forward_primer	100.000	114	0	0	1	114	46	159	1.76e-58	206
M03997:68:000000000-G35DK:1:2103:13737:23809	extended_3UTR_DCG_Soc1_w_forward_primer	99.254	134	1	0	1	134	13	146	1.24e-67	237
M03997:68:000000000-G35DK:1:1102:16554:11900	extended_3UTR_DCG_Soc1_w_forward_primer	100.000	81	0	0	1	81	74	154	1.08e-40	147
M03997:68:000000000-G35DK:1:2101:25721:23944	extended_3UTR_DCG_Soc1_w_forward_primer	100.000	72	0	0	5	76	50	121	7.20e-36	131
M03997:68:000000000-G35DK:1:1102:20536:14900	extended_3UTR_DCG_Soc1_w_forward_primer	100.000	54	0	0	1	54	13	66	2.86e-26	98.7
M03997:68:000000000-G35DK:1:2104:25332:15389	extended_3UTR_DCG_Soc1_w_forward_primer	100.000	17	0	0	1	17	8	24	2.41e-06	31.9
M03997:68:000000000-G35DK:1:1101:22443:22015	extended_3UTR_DCG_Soc1_w_forward_primer	100.000	41	0	0	1	41	100	140	2.40e-19	75.2
M03997:68:000000000-G35DK:1:1103:8509:19748	extended_3UTR_DCG_Soc1_w_forward_primer	98.485	66	1	0	1	66	56	121	4.71e-31	114
M03997:68:000000000-G35DK:1:1101:19635:6539	extended_3UTR_DCG_Soc1_w_forward_primer	98.851	87	1	0	1	87	13	99	2.57e-42	152
M03997:68:000000000-G35DK:1:2102:13250:20995	extended_3UTR_DCG_Soc1_w_forward_primer	100.000	44	0	0	1	44	62	105	6.16e-21	80.6
M03997:68:000000000-G35DK:1:1101:18745:9240	extended_3UTR_DCG_Soc1_w_forward_primer	100.000	18	0	0	1	18	7	24	9.77e-07	33.7
M03997:68:000000000-G35DK:1:2103:23770:21433	extended_3UTR_DCG_Soc1_w_forward_primer	100.000	18	0	0	1	18	7	24	2.97e-06	33.7
M03997:68:000000000-G35DK:1:1101:13068:2983	extended_3UTR_DCG_Soc1_w_forward_primer	100.000	93	0	0	1	93	13	105	3.59e-47	168
M03997:68:000000000-G35DK:1:1102:2669:19481	extended_3UTR_DCG_Soc1_w_forward_primer	98.462	65	1	0	1	65	74	138	1.62e-30	113
M03997:68:000000000-G35DK:1:2101:21793:23893	extended_3UTR_DCG_Soc1_w_forward_primer	100.000	43	0	0	1	43	113	155	1.72e-19	78.8
M03997:68:000000000-G35DK:1:2102:8239:14232	extended_3UTR_DCG_Soc1_w_forward_primer	100.000	54	0	0	1	54	52	105	2.86e-26	98.7
M03997:68:000000000-G35DK:1:2103:26900:12862	extended_3UTR_DCG_Soc1_w_forward_primer	97.500	40	1	0	1	40	52	91	3.45e-17	68.0
M03997:68:000000000-G35DK:1:1104:18392:4702	extended_3UTR_DCG_Soc1_w_forward_primer	94.737	19	1	0	1	19	7	25	5.43e-06	30.1
M03997:68:000000000-G35DK:1:1102:19748:19872	extended_3UTR_DCG_Soc1_w_forward_primer	90.476	21	2	0	1	21	13	33	9.22e-06	30.1
M03997:68:000000000-G35DK:1:2104:27250:17029	extended_3UTR_DCG_Soc1_w_forward_primer	100.000	57	0	0	1	57	56	112	7.17e-28	104
M03997:68:000000000-G35DK:1:1104:6175:23771	extended_3UTR_DCG_Soc1_w_forward_primer	100.000	56	0	0	1	56	60	115	2.45e-27	102
M03997:68:000000000-G35DK:1:1104:15054:25875	extended_3UTR_DCG_Soc1_w_forward_primer	100.000	61	0	0	1	61	66	126	5.24e-30	111
M03997:68:000000000-G35DK:1:1101:9811:23038	extended_3UTR_DCG_Soc1_w_forward_primer	100.000	44	0	0	1	44	135	178	6.16e-21	80.6
M03997:68:000000000-G35DK:1:1103:18879:22365	extended_3UTR_DCG_Soc1_w_forward_primer	98.387	62	1	0	1	62	93	154	7.11e-29	107
M03997:68:000000000-G35DK:1:1101:17637:2289	extended_3UTR_DCG_Soc1_w_forward_primer	100.000	21	0	0	36	56	1	21	2.45e-08	39.2
M03997:68:000000000-G35DK:1:1101:13842:4778	extended_3UTR_DCG_Soc1_w_forward_primer	100.000	54	0	0	1	54	29	82	2.86e-26	98.7
M03997:68:000000000-G35DK:1:1103:9575:12461	extended_3UTR_DCG_Soc1_w_forward_primer	100.000	21	0	0	1	21	7	27	1.47e-08	39.2
M03997:68:000000000-G35DK:1:1101:19466:21926	extended_3UTR_DCG_Soc1_w_forward_primer	100.000	34	0	0	1	34	58	91	1.19e-15	62.6
M03997:68:000000000-G35DK:1:2104:13583:2666	extended_3UTR_DCG_Soc1_w_forward_primer	100.000	44	0	0	1	44	13	56	6.16e-21	80.6
M03997:68:000000000-G35DK:1:2101:22734:7288	extended_3UTR_DCG_Soc1_w_forward_primer	100.000	18	0	0	1	18	7	24	4.23e-07	33.7
M03997:68:000000000-G35DK:1:1104:12921:20471	extended_3UTR_DCG_Soc1_w_forward_primer	100.000	18	0	0	1	18	7	24	7.13e-07	33.7
M03997:68:000000000-G35DK:1:1101:3035:14458	extended_3UTR_DCG_Soc1_w_forward_primer	98.214	56	1	0	1	56	60	115	1.04e-25	96.9
M03997:68:000000000-G35DK:1:2104:23443:13813	extended_3UTR_DCG_Soc1_w_forward_primer	98.214	56	1	0	1	56	60	115	1.04e-25	96.9
M03997:68:000000000-G35DK:1:2103:14634:22449	extended_3UTR_DCG_Soc1_w_forward_primer	76.190	42	5	1	1	42	12	48	5.42e-06	31.9
M03997:68:000000000-G35DK:1:2104:27493:8629	extended_3UTR_DCG_Soc1_w_forward_primer	100.000	93	0	0	1	93	23	115	3.59e-47	168
M03997:68:000000000-G35DK:1:2102:7318:12588	extended_3UTR_DCG_Soc1_w_forward_primer	100.000	121	0	0	1	121	13	133	2.98e-62	219
M03997:68:000000000-G35DK:1:1103:15875:12714	extended_3UTR_DCG_Soc1_w_forward_primer	100.000	18	0	0	1	18	7	24	1.42e-06	33.7
M03997:68:000000000-G35DK:1:2101:21998:6352	extended_3UTR_DCG_Soc1_w_forward_primer	100.000	62	0	0	1	62	54	115	1.53e-30	113
M03997:68:000000000-G35DK:1:1104:17219:23963	extended_3UTR_DCG_Soc1_w_forward_primer	98.438	64	1	0	1	64	52	115	5.54e-30	111
M03997:68:000000000-G35DK:1:1103:15672:12349	extended_3UTR_DCG_Soc1_w_forward_primer	88.136	59	7	0	69	127	91	149	8.46e-19	75.2
M03997:68:000000000-G35DK:1:1101:2837:12847	extended_3UTR_DCG_Soc1_w_forward_primer	100.000	20	0	0	1	20	5	24	1.31e-07	37.4
M03997:68:000000000-G35DK:1:1101:23074:15569	extended_3UTR_DCG_Soc1_w_forward_primer	100.000	98	0	0	1	98	13	110	7.35e-50	178
M03997:68:000000000-G35DK:1:1103:7645:14217	extended_3UTR_DCG_Soc1_w_forward_primer	100.000	33	0	0	1	33	97	129	4.00e-15	60.8
M03997:68:000000000-G35DK:1:1101:27979:18364	extended_3UTR_DCG_Soc1_w_forward_primer	98.750	80	1	0	1	80	20	99	1.47e-38	140
M03997:68:000000000-G35DK:1:2102:9196:17953	extended_3UTR_DCG_Soc1_w_forward_primer	100.000	66	0	0	1	66	99	164	1.11e-32	120
M03997:68:000000000-G35DK:1:2103:13829:17606	extended_3UTR_DCG_Soc1_w_forward_primer	100.000	95	0	0	1	95	13	107	3.02e-48	172
M03997:68:000000000-G35DK:1:1104:23807:17121	extended_3UTR_DCG_Soc1_w_forward_primer	100.000	87	0	0	1	87	26	112	6.03e-44	158
M03997:68:000000000-G35DK:1:2104:18306:17542	extended_3UTR_DCG_Soc1_w_forward_primer	98.473	131	0	1	1	129	13	143	7.52e-64	224
M03997:68:000000000-G35DK:1:2101:21308:26945	extended_3UTR_DCG_Soc1_w_forward_primer	100.000	18	0	0	1	18	7	24	8.46e-07	33.7
M03997:68:000000000-G35DK:1:2102:14727:24098	extended_3UTR_DCG_Soc1_w_forward_primer	76.744	43	5	1	1	43	12	49	2.81e-06	33.7
M03997:68:000000000-G35DK:1:2101:6872:7871	extended_3UTR_DCG_Soc1_w_forward_primer	96.154	78	3	0	1	78	14	91	9.04e-35	127
M03997:68:000000000-G35DK:1:1102:18448:5876	extended_3UTR_DCG_Soc1_w_forward_primer	76.190	42	5	1	1	42	13	49	7.34e-06	31.9
M03997:68:000000000-G35DK:1:2103:16289:10863	extended_3UTR_DCG_Soc1_w_forward_primer	100.000	85	0	0	1	85	7	91	7.16e-43	154
M03997:68:000000000-G35DK:1:1101:5656:10853	extended_3UTR_DCG_Soc1_w_forward_primer	100.000	68	0	0	1	68	48	115	9.41e-34	123
M03997:68:000000000-G35DK:1:2101:16416:6430	extended_3UTR_DCG_Soc1_w_forward_primer	100.000	28	0	0	1	28	13	40	2.38e-11	51.8
M03997:68:000000000-G35DK:1:1103:23488:25737	extended_3UTR_DCG_Soc1_w_forward_primer	100.000	89	0	0	1	89	13	101	5.08e-45	161
M03997:68:000000000-G35DK:1:1103:12404:18135	extended_3UTR_DCG_Soc1_w_forward_primer	100.000	117	0	0	1	117	31	147	4.27e-60	212
M03997:68:000000000-G35DK:1:1102:14754:14119	extended_3UTR_DCG_Soc1_w_forward_primer	98.734	79	1	0	1	79	13	91	5.07e-38	138
M03997:68:000000000-G35DK:1:2104:16413:10869	extended_3UTR_DCG_Soc1_w_forward_primer	100.000	20	0	0	1	20	5	24	1.40e-07	37.4
M03997:68:000000000-G35DK:1:2104:17154:9050	extended_3UTR_DCG_Soc1_w_forward_primer	100.000	17	0	0	1	17	10	26	5.35e-06	31.9
M03997:68:000000000-G35DK:1:1103:8272:25834	extended_3UTR_DCG_Soc1_w_forward_primer	98.958	96	1	0	1	96	20	115	3.72e-47	168
M03997:68:000000000-G35DK:1:1104:21411:4583	extended_3UTR_DCG_Soc1_w_forward_primer	100.000	20	0	0	1	20	7	26	7.65e-08	37.4
M03997:68:000000000-G35DK:1:2102:9030:6749	extended_3UTR_DCG_Soc1_w_forward_primer	100.000	94	0	0	1	94	12	105	1.04e-47	170
M03997:68:000000000-G35DK:1:2102:15329:26508	extended_3UTR_DCG_Soc1_w_forward_primer	98.485	66	1	0	1	66	26	91	4.71e-31	114
M03997:68:000000000-G35DK:1:1101:22946:20043	extended_3UTR_DCG_Soc1_w_forward_primer	100.000	17	0	0	1	17	8	24	6.82e-06	31.9
M03997:68:000000000-G35DK:1:2103:13747:25746	extended_3UTR_DCG_Soc1_w_forward_primer	100.000	88	0	0	1	88	56	143	1.75e-44	159
M03997:68:000000000-G35DK:1:2103:24109:14657	extended_3UTR_DCG_Soc1_w_forward_primer	100.000	71	0	0	1	71	58	128	2.33e-35	129
M03997:68:000000000-G35DK:1:1101:24248:11496	extended_3UTR_DCG_Soc1_w_forward_primer	100.000	52	0	0	1	52	13	64	3.56e-25	95.1
M03997:68:000000000-G35DK:1:2101:20990:8789	extended_3UTR_DCG_Soc1_w_forward_primer	100.000	91	0	0	1	91	31	121	4.27e-46	165
M03997:68:000000000-G35DK:1:2102:21876:14166	extended_3UTR_DCG_Soc1_w_forward_primer	76.190	42	5	1	1	42	13	49	5.04e-06	31.9
M03997:68:000000000-G35DK:1:1103:4125:21106	extended_3UTR_DCG_Soc1_w_forward_primer	100.000	20	0	0	1	20	7	26	7.49e-08	37.4
M03997:68:000000000-G35DK:1:1104:14336:25975	extended_3UTR_DCG_Soc1_w_forward_primer	100.000	78	0	0	1	78	23	100	4.10e-39	141
M03997:68:000000000-G35DK:1:2103:13122:27605	extended_3UTR_DCG_Soc1_w_forward_primer	99.083	109	1	0	1	109	13	121	3.70e-54	192
M03997:68:000000000-G35DK:1:2101:15139:10689	extended_3UTR_DCG_Soc1_w_forward_primer	100.000	66	0	0	1	66	26	91	1.11e-32	120
M03997:68:000000000-G35DK:1:2103:21737:14919	extended_3UTR_DCG_Soc1_w_forward_primer	100.000	20	0	0	1	20	5	24	6.21e-08	37.4
M03997:68:000000000-G35DK:1:2104:12990:25294	extended_3UTR_DCG_Soc1_w_forward_primer	100.000	54	0	0	1	54	13	66	2.86e-26	98.7
M03997:68:000000000-G35DK:1:2102:12666:18061	extended_3UTR_DCG_Soc1_w_forward_primer	100.000	103	0	0	1	103	13	115	1.48e-52	187
M03997:68:000000000-G35DK:1:1104:24461:13861	extended_3UTR_DCG_Soc1_w_forward_primer	100.000	121	0	0	1	121	31	151	2.98e-62	219
M03997:68:000000000-G35DK:1:1104:14537:10234	extended_3UTR_DCG_Soc1_w_forward_primer	98.611	72	1	0	1	72	29	100	2.88e-34	125
M03997:68:000000000-G35DK:1:1102:9476:17730	extended_3UTR_DCG_Soc1_w_forward_primer	98.551	69	1	0	1	69	45	113	1.17e-32	120
M03997:68:000000000-G35DK:1:1104:19213:13809	extended_3UTR_DCG_Soc1_w_forward_primer	100.000	56	0	0	1	56	83	138	2.45e-27	102
M03997:68:000000000-G35DK:1:2104:23161:24228	extended_3UTR_DCG_Soc1_w_forward_primer	100.000	69	0	0	1	69	75	143	2.74e-34	125
M03997:68:000000000-G35DK:1:1101:21195:21327	extended_3UTR_DCG_Soc1_w_forward_primer	96.203	79	1	1	1	77	37	115	8.91e-35	127
M03997:68:000000000-G35DK:1:2104:11138:9665	extended_3UTR_DCG_Soc1_w_forward_primer	100.000	50	0	0	1	50	58	107	3.97e-24	91.5
M03997:68:000000000-G35DK:1:1104:20318:26376	extended_3UTR_DCG_Soc1_w_forward_primer	100.000	108	0	0	1	108	13	120	3.01e-55	196
M03997:68:000000000-G35DK:1:1103:23170:26816	extended_3UTR_DCG_Soc1_w_forward_primer	100.000	19	0	0	1	19	7	25	1.34e-07	35.6
M03997:68:000000000-G35DK:1:1102:7950:19482	extended_3UTR_DCG_Soc1_w_forward_primer	76.744	43	5	1	1	43	12	49	1.20e-06	33.7
M03997:68:000000000-G35DK:1:1101:18874:17628	extended_3UTR_DCG_Soc1_w_forward_primer	100.000	65	0	0	1	65	41	105	3.80e-32	118
M03997:68:000000000-G35DK:1:1104:9156:20983	extended_3UTR_DCG_Soc1_w_forward_primer	100.000	89	0	0	1	89	48	136	5.08e-45	161
M03997:68:000000000-G35DK:1:1104:22162:11899	extended_3UTR_DCG_Soc1_w_forward_primer	100.000	95	0	0	1	95	7	101	3.02e-48	172
M03997:68:000000000-G35DK:1:1104:14222:24584	extended_3UTR_DCG_Soc1_w_forward_primer	100.000	20	0	0	1	20	7	26	7.65e-08	37.4
M03997:68:000000000-G35DK:1:1101:19006:19458	extended_3UTR_DCG_Soc1_w_forward_primer	100.000	35	0	0	1	35	48	82	3.55e-16	64.4
M03997:68:000000000-G35DK:1:1104:12185:15492	extended_3UTR_DCG_Soc1_w_forward_primer	100.000	18	0	0	1	18	7	24	4.68e-07	33.7
M03997:68:000000000-G35DK:1:2102:28411:18159	extended_3UTR_DCG_Soc1_w_forward_primer	76.190	42	5	1	1	42	13	49	5.35e-06	31.9
M03997:68:000000000-G35DK:1:2101:23359:20491	extended_3UTR_DCG_Soc1_w_forward_primer	100.000	18	0	0	1	18	7	24	4.90e-07	33.7
M03997:68:000000000-G35DK:1:1104:26311:19042	extended_3UTR_DCG_Soc1_w_forward_primer	100.000	41	0	0	1	41	72	112	2.40e-19	75.2
M03997:68:000000000-G35DK:1:2101:17115:4500	extended_3UTR_DCG_Soc1_w_forward_primer	100.000	55	0	0	1	55	56	110	8.37e-27	100
M03997:68:000000000-G35DK:1:1103:7453:14255	extended_3UTR_DCG_Soc1_w_forward_primer	100.000	44	0	0	1	44	93	136	6.16e-21	80.6
M03997:68:000000000-G35DK:1:2103:7025:16350	extended_3UTR_DCG_Soc1_w_forward_primer	98.000	50	1	0	1	50	58	107	1.69e-22	86.0
M03997:68:000000000-G35DK:1:1101:13557:11582	extended_3UTR_DCG_Soc1_w_forward_primer	100.000	41	0	0	1	41	8	48	2.40e-19	75.2
M03997:68:000000000-G35DK:1:1102:7538:16332	extended_3UTR_DCG_Soc1_w_forward_primer	100.000	82	0	0	1	82	37	118	2.92e-41	149
M03997:68:000000000-G35DK:1:1102:19748:26970	extended_3UTR_DCG_Soc1_w_forward_primer	100.000	31	0	0	1	31	7	37	4.49e-14	57.2
M03997:68:000000000-G35DK:1:2104:15816:21937	extended_3UTR_DCG_Soc1_w_forward_primer	100.000	39	0	0	1	39	72	110	2.75e-18	71.6
M03997:68:000000000-G35DK:1:1102:17508:23441	extended_3UTR_DCG_Soc1_w_forward_primer	100.000	74	0	0	1	74	39	112	5.74e-37	134
M03997:68:000000000-G35DK:1:1101:12812:23342	extended_3UTR_DCG_Soc1_w_forward_primer	100.000	18	0	0	1	18	7	24	7.13e-07	33.7
M03997:68:000000000-G35DK:1:1101:4125:17571	extended_3UTR_DCG_Soc1_w_forward_primer	100.000	63	0	0	1	63	8	70	4.46e-31	114
M03997:68:000000000-G35DK:1:2104:10946:13798	extended_3UTR_DCG_Soc1_w_forward_primer	100.000	77	0	0	1	77	102	178	1.41e-38	140
M03997:68:000000000-G35DK:1:1103:27486:15471	extended_3UTR_DCG_Soc1_w_forward_primer	100.000	44	0	0	1	44	13	56	6.16e-21	80.6
M03997:68:000000000-G35DK:1:1102:4432:9113	extended_3UTR_DCG_Soc1_w_forward_primer	100.000	21	0	0	92	112	1	21	5.31e-08	39.2
M03997:68:000000000-G35DK:1:1102:13070:24002	extended_3UTR_DCG_Soc1_w_forward_primer	100.000	21	0	0	29	49	1	21	2.15e-08	39.2
M03997:68:000000000-G35DK:1:2102:29318:14107	extended_3UTR_DCG_Soc1_w_forward_primer	100.000	80	0	0	1	80	31	110	3.47e-40	145
M03997:68:000000000-G35DK:1:2101:15708:28573	extended_3UTR_DCG_Soc1_w_forward_primer	100.000	22	0	0	1	22	21	42	4.31e-08	41.0
M03997:68:000000000-G35DK:1:1102:11167:14630	extended_3UTR_DCG_Soc1_w_forward_primer	100.000	18	0	0	1	18	7	24	1.38e-06	33.7
M03997:68:000000000-G35DK:1:1102:25925:8244	extended_3UTR_DCG_Soc1_w_forward_primer	100.000	27	0	0	1	27	13	39	5.50e-12	50.0
M03997:68:000000000-G35DK:1:1103:6949:13007	extended_3UTR_DCG_Soc1_w_forward_primer	98.165	109	0	1	1	107	13	121	5.38e-52	185
M03997:68:000000000-G35DK:1:1102:15677:16213	extended_3UTR_DCG_Soc1_w_forward_primer	100.000	99	0	0	1	99	23	121	2.13e-50	179
M03997:68:000000000-G35DK:1:2104:15179:28723	extended_3UTR_DCG_Soc1_w_forward_primer	100.000	116	0	0	1	116	21	136	1.48e-59	210
M03997:68:000000000-G35DK:1:1101:19341:14158	extended_3UTR_DCG_Soc1_w_forward_primer	100.000	113	0	0	1	113	31	143	6.10e-58	205
M03997:68:000000000-G35DK:1:1104:15701:8910	extended_3UTR_DCG_Soc1_w_forward_primer	100.000	90	0	0	1	90	23	112	1.47e-45	163
M03997:68:000000000-G35DK:1:2102:24512:7934	extended_3UTR_DCG_Soc1_w_forward_primer	100.000	20	0	0	1	20	7	26	1.22e-07	37.4
M03997:68:000000000-G35DK:1:1103:14340:2956	extended_3UTR_DCG_Soc1_w_forward_primer	100.000	18	0	0	1	18	8	25	3.52e-06	33.7
M03997:68:000000000-G35DK:1:1103:10211:16921	extended_3UTR_DCG_Soc1_w_forward_primer	100.000	121	0	0	1	121	13	133	2.98e-62	219
M03997:68:000000000-G35DK:1:1102:11857:11851	extended_3UTR_DCG_Soc1_w_forward_primer	100.000	21	0	0	34	54	1	21	2.35e-08	39.2
M03997:68:000000000-G35DK:1:1103:14644:21064	extended_3UTR_DCG_Soc1_w_forward_primer	100.000	42	0	0	1	42	50	91	7.08e-20	77.0
M03997:68:000000000-G35DK:1:2102:24442:22376	extended_3UTR_DCG_Soc1_w_forward_primer	76.190	42	5	1	1	42	13	49	5.81e-06	31.9
M03997:68:000000000-G35DK:1:1102:23474:20488	extended_3UTR_DCG_Soc1_w_forward_primer	100.000	83	0	0	1	83	58	140	8.49e-42	150
M03997:68:000000000-G35DK:1:1101:22137:8702	extended_3UTR_DCG_Soc1_w_forward_primer	100.000	72	0	0	1	72	50	121	6.77e-36	131
M03997:68:000000000-G35DK:1:2101:15982:15491	extended_3UTR_DCG_Soc1_w_forward_primer	98.592	71	1	0	1	71	21	91	9.89e-34	123
M03997:68:000000000-G35DK:1:1103:18693:8863	extended_3UTR_DCG_Soc1_w_forward_primer	100.000	66	0	0	1	66	26	91	1.11e-32	120
M03997:68:000000000-G35DK:1:1102:11990:22437	extended_3UTR_DCG_Soc1_w_forward_primer	100.000	131	0	0	1	131	13	143	1.21e-67	237
M03997:68:000000000-G35DK:1:2104:20166:2991	extended_3UTR_DCG_Soc1_w_forward_primer	100.000	129	0	0	1	129	27	155	3.53e-66	233
M03997:68:000000000-G35DK:1:2103:23818:6460	extended_3UTR_DCG_Soc1_w_forward_primer	96.330	109	0	1	1	105	13	121	7.82e-50	178
M03997:68:000000000-G35DK:1:1104:12077:22862	extended_3UTR_DCG_Soc1_w_forward_primer	100.000	68	0	0	1	68	13	80	9.41e-34	123
M03997:68:000000000-G35DK:1:1101:22025:14048	extended_3UTR_DCG_Soc1_w_forward_primer	100.000	18	0	0	1	18	7	24	1.35e-06	33.7
M03997:68:000000000-G35DK:1:1101:4630:9992	extended_3UTR_DCG_Soc1_w_forward_primer	97.727	44	1	0	1	44	13	56	2.62e-19	75.2
M03997:68:000000000-G35DK:1:2102:16229:28367	extended_3UTR_DCG_Soc1_w_forward_primer	100.000	70	0	0	1	70	48	117	8.64e-35	127
M03997:68:000000000-G35DK:1:1103:11020:22378	extended_3UTR_DCG_Soc1_w_forward_primer	100.000	35	0	0	1	35	125	159	3.55e-16	64.4
M03997:68:000000000-G35DK:1:2103:12904:14699	extended_3UTR_DCG_Soc1_w_forward_primer	100.000	109	0	0	1	109	13	121	8.70e-56	197
M03997:68:000000000-G35DK:1:1102:20732:18496	extended_3UTR_DCG_Soc1_w_forward_primer	100.000	106	0	0	1	106	7	112	3.59e-54	192
M03997:68:000000000-G35DK:1:1101:24679:20557	extended_3UTR_DCG_Soc1_w_forward_primer	100.000	38	0	0	1	38	29	66	9.28e-18	69.8
M03997:68:000000000-G35DK:1:1104:16279:5136	extended_3UTR_DCG_Soc1_w_forward_primer	100.000	18	0	0	1	18	7	24	1.24e-06	33.7
M03997:68:000000000-G35DK:1:2103:13633:21510	extended_3UTR_DCG_Soc1_w_forward_primer	100.000	22	0	0	1	22	5	26	5.10e-09	41.0
M03997:68:000000000-G35DK:1:2104:16141:3913	extended_3UTR_DCG_Soc1_w_forward_primer	100.000	84	0	0	1	84	72	155	2.60e-42	152
M03997:68:000000000-G35DK:1:2103:7545:13844	extended_3UTR_DCG_Soc1_w_forward_primer	100.000	101	0	0	1	101	21	121	1.76e-51	183
M03997:68:000000000-G35DK:1:1101:6649:5043	extended_3UTR_DCG_Soc1_w_forward_primer	98.684	76	1	0	1	76	37	112	2.06e-36	132
M03997:68:000000000-G35DK:1:2101:15685:16670	extended_3UTR_DCG_Soc1_w_forward_primer	100.000	77	0	0	1	77	15	91	1.41e-38	140
M03997:68:000000000-G35DK:1:2102:21830:11968	extended_3UTR_DCG_Soc1_w_forward_primer	100.000	60	0	0	1	60	5	64	1.86e-29	109
M03997:68:000000000-G35DK:1:1103:16305:21439	extended_3UTR_DCG_Soc1_w_forward_primer	100.000	74	0	0	1	74	60	133	5.74e-37	134
M03997:68:000000000-G35DK:1:2101:28993:13482	extended_3UTR_DCG_Soc1_w_forward_primer	99.074	108	1	0	1	108	26	133	1.28e-53	190
M03997:68:000000000-G35DK:1:1103:13361:13041	extended_3UTR_DCG_Soc1_w_forward_primer	100.000	20	0	0	1	20	5	24	9.47e-08	37.4
M03997:68:000000000-G35DK:1:2101:18396:12645	extended_3UTR_DCG_Soc1_w_forward_primer	100.000	119	0	0	1	119	13	131	3.57e-61	215
M03997:68:000000000-G35DK:1:2102:24949:12763	extended_3UTR_DCG_Soc1_w_forward_primer	100.000	18	0	0	1	18	7	24	2.68e-06	33.7
M03997:68:000000000-G35DK:1:2104:22691:15628	extended_3UTR_DCG_Soc1_w_forward_primer	100.000	17	0	0	1	17	8	24	6.66e-06	31.9
M03997:68:000000000-G35DK:1:2101:4141:13760	extended_3UTR_DCG_Soc1_w_forward_primer	100.000	18	0	0	1	18	23	40	6.40e-06	33.7
M03997:68:000000000-G35DK:1:1101:5157:11175	extended_3UTR_DCG_Soc1_w_forward_primer	100.000	64	0	0	1	64	58	121	1.30e-31	116
M03997:68:000000000-G35DK:1:1104:6886:21959	extended_3UTR_DCG_Soc1_w_forward_primer	100.000	21	0	0	1	21	5	25	2.77e-08	39.2
M03997:68:000000000-G35DK:1:2103:24878:7783	extended_3UTR_DCG_Soc1_w_forward_primer	100.000	56	0	0	1	56	15	70	2.45e-27	102
M03997:68:000000000-G35DK:1:2103:17239:11042	extended_3UTR_DCG_Soc1_w_forward_primer	98.438	64	1	0	1	64	20	83	5.54e-30	111
M03997:68:000000000-G35DK:1:1101:3617:13994	extended_3UTR_DCG_Soc1_w_forward_primer	100.000	17	0	0	1	17	10	26	2.64e-06	31.9
M03997:68:000000000-G35DK:1:1103:13230:25675	extended_3UTR_DCG_Soc1_w_forward_primer	100.000	40	0	0	1	40	52	91	8.12e-19	73.4
M03997:68:000000000-G35DK:1:2104:9346:26669	extended_3UTR_DCG_Soc1_w_forward_primer	100.000	88	0	0	1	88	13	100	1.75e-44	159
M03997:68:000000000-G35DK:1:1101:22373:22414	extended_3UTR_DCG_Soc1_w_forward_primer	100.000	55	0	0	1	55	37	91	8.37e-27	100
M03997:68:000000000-G35DK:1:1102:6834:19990	extended_3UTR_DCG_Soc1_w_forward_primer	100.000	131	0	0	1	131	13	143	1.21e-67	237
M03997:68:000000000-G35DK:1:1101:20430:8526	extended_3UTR_DCG_Soc1_w_forward_primer	100.000	19	0	0	1	19	8	26	2.99e-07	35.6
M03997:68:000000000-G35DK:1:1101:15364:10323	extended_3UTR_DCG_Soc1_w_forward_primer	100.000	20	0	0	1	20	5	24	4.39e-08	37.4
M03997:68:000000000-G35DK:1:2102:25783:13859	extended_3UTR_DCG_Soc1_w_forward_primer	100.000	18	0	0	1	18	7	24	7.57e-07	33.7
M03997:68:000000000-G35DK:1:2103:20249:19010	extended_3UTR_DCG_Soc1_w_forward_primer	100.000	83	0	0	1	83	39	121	8.49e-42	150
M03997:68:000000000-G35DK:1:2101:14270:4837	extended_3UTR_DCG_Soc1_w_forward_primer	100.000	33	0	0	1	33	13	45	4.00e-15	60.8
M03997:68:000000000-G35DK:1:1101:14892:11996	extended_3UTR_DCG_Soc1_w_forward_primer	100.000	20	0	0	1	20	8	27	4.94e-08	37.4
M03997:68:000000000-G35DK:1:2102:15649:5499	extended_3UTR_DCG_Soc1_w_forward_primer	100.000	18	0	0	1	18	7	24	2.15e-06	33.7
M03997:68:000000000-G35DK:1:1104:19472:8096	extended_3UTR_DCG_Soc1_w_forward_primer	100.000	20	0	0	1	20	5	24	2.16e-07	37.4
M03997:68:000000000-G35DK:1:1102:20091:24387	extended_3UTR_DCG_Soc1_w_forward_primer	100.000	18	0	0	1	18	7	24	1.09e-06	33.7
M03997:68:000000000-G35DK:1:1102:14976:15746	extended_3UTR_DCG_Soc1_w_forward_primer	100.000	48	0	0	1	48	13	60	4.61e-23	87.8
M03997:68:000000000-G35DK:1:1102:18877:8289	extended_3UTR_DCG_Soc1_w_forward_primer	81.410	156	23	3	1	152	7	160	4.91e-39	143
M03997:68:000000000-G35DK:1:1102:12572:26243	extended_3UTR_DCG_Soc1_w_forward_primer	98.958	96	1	0	1	96	62	157	3.72e-47	168
M03997:68:000000000-G35DK:1:1103:14691:11634	extended_3UTR_DCG_Soc1_w_forward_primer	100.000	54	0	0	1	54	13	66	2.86e-26	98.7
M03997:68:000000000-G35DK:1:1102:24987:19241	extended_3UTR_DCG_Soc1_w_forward_primer	100.000	38	0	0	1	38	8	45	9.28e-18	69.8
M03997:68:000000000-G35DK:1:1103:12456:16688	extended_3UTR_DCG_Soc1_w_forward_primer	100.000	51	0	0	1	51	76	126	1.13e-24	93.3
M03997:68:000000000-G35DK:1:1101:25129:22931	extended_3UTR_DCG_Soc1_w_forward_primer	100.000	18	0	0	1	18	7	24	1.64e-06	33.7
M03997:68:000000000-G35DK:1:1101:26912:16271	extended_3UTR_DCG_Soc1_w_forward_primer	94.872	39	2	0	1	39	23	61	1.42e-15	62.6
M03997:68:000000000-G35DK:1:1101:13813:9382	extended_3UTR_DCG_Soc1_w_forward_primer	98.969	97	1	0	1	97	39	135	1.12e-47	170
M03997:68:000000000-G35DK:1:1103:24167:10820	extended_3UTR_DCG_Soc1_w_forward_primer	100.000	22	0	0	1	22	5	26	7.33e-09	41.0
M03997:68:000000000-G35DK:1:1102:19833:19487	extended_3UTR_DCG_Soc1_w_forward_primer	100.000	62	0	0	1	62	58	119	1.53e-30	113
M03997:68:000000000-G35DK:1:2101:20430:4957	extended_3UTR_DCG_Soc1_w_forward_primer	97.826	92	2	0	1	92	29	120	6.42e-44	158
M03997:68:000000000-G35DK:1:1104:17393:23516	extended_3UTR_DCG_Soc1_w_forward_primer	98.876	89	1	0	1	89	48	136	2.16e-43	156
M03997:68:000000000-G35DK:1:1103:12057:19694	extended_3UTR_DCG_Soc1_w_forward_primer	100.000	46	0	0	1	46	62	107	5.34e-22	84.2
M03997:68:000000000-G35DK:1:1101:23458:13156	extended_3UTR_DCG_Soc1_w_forward_primer	99.000	100	1	0	1	100	13	112	2.62e-49	176
M03997:68:000000000-G35DK:1:1103:16482:11572	extended_3UTR_DCG_Soc1_w_forward_primer	98.925	93	1	0	1	93	29	121	1.53e-45	163
M03997:68:000000000-G35DK:1:2103:24485:4444	extended_3UTR_DCG_Soc1_w_forward_primer	76.190	42	5	1	1	42	13	49	8.03e-06	31.9
M03997:68:000000000-G35DK:1:2101:21851:15209	extended_3UTR_DCG_Soc1_w_forward_primer	100.000	26	0	0	41	66	1	26	5.74e-11	48.2
M03997:68:000000000-G35DK:1:2104:19755:17227	extended_3UTR_DCG_Soc1_w_forward_primer	76.190	42	5	1	1	42	13	49	8.96e-06	31.9
M03997:68:000000000-G35DK:1:2101:14301:24513	extended_3UTR_DCG_Soc1_w_forward_primer	100.000	26	0	0	33	58	1	26	4.94e-11	48.2
M03997:68:000000000-G35DK:1:1102:9354:5102	extended_3UTR_DCG_Soc1_w_forward_primer	100.000	17	0	0	1	17	8	24	3.25e-06	31.9
M03997:68:000000000-G35DK:1:2102:23522:20421	extended_3UTR_DCG_Soc1_w_forward_primer	100.000	18	0	0	1	18	7	24	1.09e-06	33.7
M03997:68:000000000-G35DK:1:1103:6821:15231	extended_3UTR_DCG_Soc1_w_forward_primer	100.000	46	0	0	1	46	37	82	5.34e-22	84.2
M03997:68:000000000-G35DK:1:2103:15072:9580	extended_3UTR_DCG_Soc1_w_forward_primer	100.000	77	0	0	1	77	60	136	1.41e-38	140
M03997:68:000000000-G35DK:1:1104:15165:9850	extended_3UTR_DCG_Soc1_w_forward_primer	100.000	28	0	0	1	28	83	110	1.66e-12	51.8
M03997:68:000000000-G35DK:1:1104:8205:26175	extended_3UTR_DCG_Soc1_w_forward_primer	100.000	109	0	0	1	109	13	121	8.70e-56	197
M03997:68:000000000-G35DK:1:2104:7031:16238	extended_3UTR_DCG_Soc1_w_forward_primer	100.000	87	0	0	1	87	19	105	6.03e-44	158
M03997:68:000000000-G35DK:1:2101:20201:4958	extended_3UTR_DCG_Soc1_w_forward_primer	100.000	19	0	0	1	19	6	24	2.68e-07	35.6
M03997:68:000000000-G35DK:1:2101:17361:25618	extended_3UTR_DCG_Soc1_w_forward_primer	100.000	83	0	0	1	83	56	138	8.49e-42	150
M03997:68:000000000-G35DK:1:2103:14875:15656	extended_3UTR_DCG_Soc1_w_forward_primer	100.000	18	0	0	1	18	7	24	2.46e-06	33.7
M03997:68:000000000-G35DK:1:1101:11905:15493	extended_3UTR_DCG_Soc1_w_forward_primer	99.145	117	1	0	1	117	37	153	1.92e-58	206
M03997:68:000000000-G35DK:1:2103:12513:4680	extended_3UTR_DCG_Soc1_w_forward_primer	99.174	121	1	0	1	121	23	143	1.27e-60	214
M03997:68:000000000-G35DK:1:1101:24349:17086	extended_3UTR_DCG_Soc1_w_forward_primer	97.778	45	1	0	1	45	62	106	7.71e-20	77.0
M03997:68:000000000-G35DK:1:2104:18322:21830	extended_3UTR_DCG_Soc1_w_forward_primer	100.000	96	0	0	1	96	15	110	8.75e-49	174
M03997:68:000000000-G35DK:1:2104:5401:11061	extended_3UTR_DCG_Soc1_w_forward_primer	100.000	56	0	0	1	56	5	60	2.45e-27	102
M03997:68:000000000-G35DK:1:1102:17256:18172	extended_3UTR_DCG_Soc1_w_forward_primer	100.000	79	0	0	1	79	13	91	1.19e-39	143
M03997:68:000000000-G35DK:1:1104:14158:27448	extended_3UTR_DCG_Soc1_w_forward_primer	100.000	129	0	0	1	129	31	159	1.45e-66	233
M03997:68:000000000-G35DK:1:1104:6083:15261	extended_3UTR_DCG_Soc1_w_forward_primer	100.000	36	0	0	1	36	31	66	1.05e-16	66.2
M03997:68:000000000-G35DK:1:1102:15675:16099	extended_3UTR_DCG_Soc1_w_forward_primer	100.000	24	0	0	51	74	1	24	1.04e-09	44.6
M03997:68:000000000-G35DK:1:2104:8077:20553	extended_3UTR_DCG_Soc1_w_forward_primer	100.000	109	0	0	1	109	13	121	8.70e-56	197
M03997:68:000000000-G35DK:1:2104:26104:7420	extended_3UTR_DCG_Soc1_w_forward_primer	100.000	18	0	0	1	18	7	24	1.09e-06	33.7
M03997:68:000000000-G35DK:1:2103:11039:19651	extended_3UTR_DCG_Soc1_w_forward_primer	100.000	17	0	0	4	20	10	26	2.49e-06	31.9
M03997:68:000000000-G35DK:1:2104:10214:9556	extended_3UTR_DCG_Soc1_w_forward_primer	100.000	19	0	0	107	125	2	20	7.29e-07	35.6
M03997:68:000000000-G35DK:1:1103:24244:5728	extended_3UTR_DCG_Soc1_w_forward_primer	100.000	58	0	0	1	58	56	113	2.10e-28	105
M03997:68:000000000-G35DK:1:2104:7292:13740	extended_3UTR_DCG_Soc1_w_forward_primer	100.000	52	0	0	1	52	13	64	3.33e-25	95.1
M03997:68:000000000-G35DK:1:1102:17786:13052	extended_3UTR_DCG_Soc1_w_forward_primer	95.652	46	2	0	1	46	76	121	2.76e-19	75.2
M03997:68:000000000-G35DK:1:1102:15699:4452	extended_3UTR_DCG_Soc1_w_forward_primer	98.837	86	1	0	1	86	56	141	8.84e-42	150
M03997:68:000000000-G35DK:1:1101:9988:16298	extended_3UTR_DCG_Soc1_w_forward_primer	100.000	50	0	0	1	50	72	121	3.97e-24	91.5
M03997:68:000000000-G35DK:1:1103:18014:23194	extended_3UTR_DCG_Soc1_w_forward_primer	100.000	31	0	0	1	31	113	143	4.49e-14	57.2
M03997:68:000000000-G35DK:1:1101:19303:18436	extended_3UTR_DCG_Soc1_w_forward_primer	100.000	61	0	0	1	61	50	110	5.24e-30	111
M03997:68:000000000-G35DK:1:2103:18105:22938	extended_3UTR_DCG_Soc1_w_forward_primer	100.000	83	0	0	1	83	54	136	8.49e-42	150
M03997:68:000000000-G35DK:1:1102:5969:14136	extended_3UTR_DCG_Soc1_w_forward_primer	76.190	42	5	1	1	42	13	49	9.35e-06	31.9
M03997:68:000000000-G35DK:1:2101:15816:18441	extended_3UTR_DCG_Soc1_w_forward_primer	100.000	17	0	0	1	17	10	26	2.49e-06	31.9
M03997:68:000000000-G35DK:1:1101:20411:26426	extended_3UTR_DCG_Soc1_w_forward_primer	100.000	59	0	0	1	59	99	157	6.13e-29	107
M03997:68:000000000-G35DK:1:1102:19666:28294	extended_3UTR_DCG_Soc1_w_forward_primer	100.000	18	0	0	1	18	7	24	1.64e-06	33.7
M03997:68:000000000-G35DK:1:1101:19239:20922	extended_3UTR_DCG_Soc1_w_forward_primer	100.000	95	0	0	1	95	58	152	3.02e-48	172
M03997:68:000000000-G35DK:1:2104:20420:8321	extended_3UTR_DCG_Soc1_w_forward_primer	100.000	49	0	0	1	49	72	120	1.81e-23	89.7
M03997:68:000000000-G35DK:1:1104:16219:7405	extended_3UTR_DCG_Soc1_w_forward_primer	100.000	100	0	0	1	100	13	112	6.17e-51	181
M03997:68:000000000-G35DK:1:2102:15382:23387	extended_3UTR_DCG_Soc1_w_forward_primer	100.000	76	0	0	1	76	58	133	4.85e-38	138
M03997:68:000000000-G35DK:1:1104:7273:13768	extended_3UTR_DCG_Soc1_w_forward_primer	100.000	63	0	0	1	63	50	112	4.55e-31	114
M03997:68:000000000-G35DK:1:2104:19814:24809	extended_3UTR_DCG_Soc1_w_forward_primer	100.000	18	0	0	1	18	7	24	1.09e-06	33.7
M03997:68:000000000-G35DK:1:2103:13024:27362	extended_3UTR_DCG_Soc1_w_forward_primer	100.000	18	0	0	1	18	7	24	1.09e-06	33.7
M03997:68:000000000-G35DK:1:2101:14113:5349	extended_3UTR_DCG_Soc1_w_forward_primer	100.000	40	0	0	1	40	52	91	8.12e-19	73.4
M03997:68:000000000-G35DK:1:1102:25408:15363	extended_3UTR_DCG_Soc1_w_forward_primer	98.113	53	1	0	1	53	62	114	4.15e-24	91.5
