M03997:68:000000000-G35DK:1:1101:26887:15134	extended_3UTR_DCG_Soc1_w_forward_primer	95.455	22	1	0	1	22	7	28	3.37e-07	35.6
M03997:68:000000000-G35DK:1:1102:12799:17358	extended_3UTR_DCG_Soc1_w_forward_primer	100.000	74	0	0	1	74	29	102	5.74e-37	134
M03997:68:000000000-G35DK:1:2102:6761:22332	extended_3UTR_DCG_Soc1_w_forward_primer	100.000	44	0	0	1	44	102	145	6.16e-21	80.6
M03997:68:000000000-G35DK:1:2102:26896:17592	extended_3UTR_DCG_Soc1_w_forward_primer	100.000	57	0	0	1	57	93	149	7.17e-28	104
M03997:68:000000000-G35DK:1:2104:25721:14268	extended_3UTR_DCG_Soc1_w_forward_primer	98.000	50	1	0	1	50	13	62	1.69e-22	86.0
M03997:68:000000000-G35DK:1:2103:9841:14998	extended_3UTR_DCG_Soc1_w_forward_primer	100.000	55	0	0	14	68	12	66	1.07e-26	100
M03997:68:000000000-G35DK:1:2104:17528:4795	extended_3UTR_DCG_Soc1_w_forward_primer	100.000	44	0	0	1	44	62	105	6.16e-21	80.6
M03997:68:000000000-G35DK:1:2104:28722:14188	extended_3UTR_DCG_Soc1_w_forward_primer	100.000	17	0	0	1	17	8	24	8.50e-06	31.9
M03997:68:000000000-G35DK:1:1103:17355:19572	extended_3UTR_DCG_Soc1_w_forward_primer	98.864	88	1	0	1	88	23	110	7.44e-43	154
M03997:68:000000000-G35DK:1:2101:10331:11048	extended_3UTR_DCG_Soc1_w_forward_primer	100.000	112	0	0	1	112	37	148	2.11e-57	203
M03997:68:000000000-G35DK:1:1103:23772:19866	extended_3UTR_DCG_Soc1_w_forward_primer	100.000	54	0	0	1	54	13	66	2.86e-26	98.7
M03997:68:000000000-G35DK:1:2103:3032:17169	extended_3UTR_DCG_Soc1_w_forward_primer	100.000	54	0	0	1	54	13	66	2.86e-26	98.7
M03997:68:000000000-G35DK:1:1104:16693:22166	extended_3UTR_DCG_Soc1_w_forward_primer	100.000	88	0	0	1	88	26	113	1.79e-44	159
M03997:68:000000000-G35DK:1:2104:14622:16164	extended_3UTR_DCG_Soc1_w_forward_primer	100.000	60	0	0	1	60	23	82	1.79e-29	109
M03997:68:000000000-G35DK:1:1102:20172:23491	extended_3UTR_DCG_Soc1_w_forward_primer	100.000	132	0	0	1	132	7	138	3.50e-68	239
M03997:68:000000000-G35DK:1:1102:7845:26114	extended_3UTR_DCG_Soc1_w_forward_primer	98.810	84	1	0	1	84	27	110	1.05e-40	147
M03997:68:000000000-G35DK:1:1104:23239:15319	extended_3UTR_DCG_Soc1_w_forward_primer	100.000	48	0	0	1	48	13	60	4.61e-23	87.8
M03997:68:000000000-G35DK:1:1101:21539:16316	extended_3UTR_DCG_Soc1_w_forward_primer	97.619	84	0	1	1	82	29	112	1.52e-38	140
M03997:68:000000000-G35DK:1:2103:18608:2581	extended_3UTR_DCG_Soc1_w_forward_primer	100.000	29	0	0	1	29	92	120	5.94e-13	53.6
M03997:68:000000000-G35DK:1:2104:5507:5902	extended_3UTR_DCG_Soc1_w_forward_primer	100.000	109	0	0	1	109	13	121	8.70e-56	197
M03997:68:000000000-G35DK:1:1103:26432:9490	extended_3UTR_DCG_Soc1_w_forward_primer	100.000	79	0	0	1	79	13	91	1.19e-39	143
M03997:68:000000000-G35DK:1:2103:20047:22562	extended_3UTR_DCG_Soc1_w_forward_primer	100.000	17	0	0	1	17	10	26	3.11e-06	31.9
M03997:68:000000000-G35DK:1:1102:15050:11382	extended_3UTR_DCG_Soc1_w_forward_primer	100.000	16	0	0	1	16	11	26	7.32e-06	30.1
M03997:68:000000000-G35DK:1:1102:25519:13779	extended_3UTR_DCG_Soc1_w_forward_primer	100.000	74	0	0	1	74	37	110	5.74e-37	134
M03997:68:000000000-G35DK:1:2103:25643:23611	extended_3UTR_DCG_Soc1_w_forward_primer	100.000	43	0	0	1	43	113	155	1.72e-19	78.8
M03997:68:000000000-G35DK:1:2101:19547:12729	extended_3UTR_DCG_Soc1_w_forward_primer	100.000	114	0	0	1	114	5	118	1.76e-58	206
M03997:68:000000000-G35DK:1:1103:8838:10405	extended_3UTR_DCG_Soc1_w_forward_primer	100.000	30	0	0	1	30	31	60	1.50e-13	55.4
M03997:68:000000000-G35DK:1:1103:14571:10340	extended_3UTR_DCG_Soc1_w_forward_primer	100.000	63	0	0	1	63	13	75	4.46e-31	114
M03997:68:000000000-G35DK:1:1104:18024:27847	extended_3UTR_DCG_Soc1_w_forward_primer	100.000	58	0	0	1	58	113	170	3.13e-28	105
M03997:68:000000000-G35DK:1:2101:20236:22660	extended_3UTR_DCG_Soc1_w_forward_primer	100.000	18	0	0	1	18	7	24	2.61e-06	33.7
M03997:68:000000000-G35DK:1:2101:12980:14306	extended_3UTR_DCG_Soc1_w_forward_primer	100.000	18	0	0	1	18	7	24	8.02e-07	33.7
M03997:68:000000000-G35DK:1:2103:20133:13273	extended_3UTR_DCG_Soc1_w_forward_primer	100.000	20	0	0	1	20	5	24	8.02e-08	37.4
M03997:68:000000000-G35DK:1:1103:14028:10699	extended_3UTR_DCG_Soc1_w_forward_primer	100.000	53	0	0	1	53	58	110	9.76e-26	96.9
M03997:68:000000000-G35DK:1:2102:14654:26086	extended_3UTR_DCG_Soc1_w_forward_primer	97.619	42	1	0	1	42	123	164	3.01e-18	71.6
M03997:68:000000000-G35DK:1:2101:23410:16838	extended_3UTR_DCG_Soc1_w_forward_primer	100.000	68	0	0	1	68	29	96	9.41e-34	123
M03997:68:000000000-G35DK:1:1102:20419:13690	extended_3UTR_DCG_Soc1_w_forward_primer	97.468	79	0	1	1	77	13	91	7.31e-36	131
M03997:68:000000000-G35DK:1:2102:23322:20665	extended_3UTR_DCG_Soc1_w_forward_primer	100.000	79	0	0	1	79	23	101	1.19e-39	143
M03997:68:000000000-G35DK:1:1102:8473:21842	extended_3UTR_DCG_Soc1_w_forward_primer	100.000	61	0	0	1	61	102	162	7.45e-30	111
M03997:68:000000000-G35DK:1:1102:6158:7512	extended_3UTR_DCG_Soc1_w_forward_primer	100.000	68	0	0	1	68	66	133	9.41e-34	123
M03997:68:000000000-G35DK:1:1101:26678:13753	extended_3UTR_DCG_Soc1_w_forward_primer	98.462	65	1	0	1	65	74	138	1.62e-30	113
M03997:68:000000000-G35DK:1:2103:11809:4505	extended_3UTR_DCG_Soc1_w_forward_primer	100.000	19	0	0	168	186	1	19	1.13e-06	35.6
M03997:68:000000000-G35DK:1:1103:19906:7328	extended_3UTR_DCG_Soc1_w_forward_primer	97.590	83	2	0	1	83	72	154	5.69e-39	141
M03997:68:000000000-G35DK:1:1102:21847:21776	extended_3UTR_DCG_Soc1_w_forward_primer	100.000	111	0	0	1	111	60	170	8.44e-57	201
M03997:68:000000000-G35DK:1:2103:20117:22609	extended_3UTR_DCG_Soc1_w_forward_primer	100.000	18	0	0	1	18	8	25	1.73e-06	33.7
M03997:68:000000000-G35DK:1:2101:6171:7136	extended_3UTR_DCG_Soc1_w_forward_primer	95.238	21	1	0	148	168	27	47	4.76e-06	33.7
M03997:68:000000000-G35DK:1:1101:3153:20223	extended_3UTR_DCG_Soc1_w_forward_primer	100.000	135	0	0	1	135	83	217	1.95e-69	244
M03997:68:000000000-G35DK:1:1103:24231:6381	extended_3UTR_DCG_Soc1_w_forward_primer	100.000	91	0	0	1	91	48	138	4.27e-46	165
M03997:68:000000000-G35DK:1:1101:21927:10795	extended_3UTR_DCG_Soc1_w_forward_primer	95.349	43	2	0	1	43	91	133	1.08e-17	69.8
M03997:68:000000000-G35DK:1:2102:14569:5859	extended_3UTR_DCG_Soc1_w_forward_primer	100.000	18	0	0	1	18	7	24	1.66e-06	33.7
M03997:68:000000000-G35DK:1:2102:28827:20247	extended_3UTR_DCG_Soc1_w_forward_primer	100.000	36	0	0	1	36	11	46	1.05e-16	66.2
M03997:68:000000000-G35DK:1:2104:8725:7777	extended_3UTR_DCG_Soc1_w_forward_primer	100.000	18	0	0	1	18	7	24	1.15e-06	33.7
M03997:68:000000000-G35DK:1:2101:16232:16573	extended_3UTR_DCG_Soc1_w_forward_primer	100.000	81	0	0	1	81	11	91	1.01e-40	147
M03997:68:000000000-G35DK:1:1101:18783:21893	extended_3UTR_DCG_Soc1_w_forward_primer	100.000	70	0	0	1	70	13	82	7.99e-35	127
M03997:68:000000000-G35DK:1:1104:26355:14916	extended_3UTR_DCG_Soc1_w_forward_primer	100.000	50	0	0	1	50	13	62	3.97e-24	91.5
M03997:68:000000000-G35DK:1:2104:26877:21362	extended_3UTR_DCG_Soc1_w_forward_primer	100.000	18	0	0	1	18	7	24	2.15e-06	33.7
M03997:68:000000000-G35DK:1:1103:19705:8560	extended_3UTR_DCG_Soc1_w_forward_primer	100.000	24	0	0	56	79	1	24	8.84e-10	44.6
M03997:68:000000000-G35DK:1:1103:6563:16465	extended_3UTR_DCG_Soc1_w_forward_primer	100.000	81	0	0	1	81	56	136	1.01e-40	147
M03997:68:000000000-G35DK:1:1101:21956:25336	extended_3UTR_DCG_Soc1_w_forward_primer	100.000	81	0	0	1	81	56	136	1.01e-40	147
M03997:68:000000000-G35DK:1:1103:26258:15801	extended_3UTR_DCG_Soc1_w_forward_primer	100.000	53	0	0	1	53	56	108	9.76e-26	96.9
M03997:68:000000000-G35DK:1:2103:23691:11708	extended_3UTR_DCG_Soc1_w_forward_primer	100.000	64	0	0	1	64	58	121	1.30e-31	116
M03997:68:000000000-G35DK:1:2102:21577:17032	extended_3UTR_DCG_Soc1_w_forward_primer	100.000	85	0	0	1	85	54	138	7.16e-43	154
M03997:68:000000000-G35DK:1:2103:24822:14366	extended_3UTR_DCG_Soc1_w_forward_primer	100.000	90	0	0	1	90	23	112	1.47e-45	163
M03997:68:000000000-G35DK:1:2103:20975:11332	extended_3UTR_DCG_Soc1_w_forward_primer	98.925	93	1	0	1	93	13	105	1.53e-45	163
M03997:68:000000000-G35DK:1:2101:12783:4510	extended_3UTR_DCG_Soc1_w_forward_primer	100.000	46	0	0	1	46	62	107	5.34e-22	84.2
M03997:68:000000000-G35DK:1:1104:27656:14584	extended_3UTR_DCG_Soc1_w_forward_primer	100.000	18	0	0	1	18	7	24	6.01e-07	33.7
M03997:68:000000000-G35DK:1:1104:26348:10467	extended_3UTR_DCG_Soc1_w_forward_primer	98.889	90	1	0	1	90	23	112	6.26e-44	158
M03997:68:000000000-G35DK:1:2101:13649:7954	extended_3UTR_DCG_Soc1_w_forward_primer	100.000	61	0	0	1	61	31	91	5.24e-30	111
M03997:68:000000000-G35DK:1:2101:20136:28311	extended_3UTR_DCG_Soc1_w_forward_primer	100.000	96	0	0	1	96	48	143	8.75e-49	174
M03997:68:000000000-G35DK:1:2103:10607:20846	extended_3UTR_DCG_Soc1_w_forward_primer	95.775	71	3	0	1	71	12	82	5.12e-31	114
M03997:68:000000000-G35DK:1:1102:8635:26151	extended_3UTR_DCG_Soc1_w_forward_primer	100.000	48	0	0	1	48	13	60	4.61e-23	87.8
M03997:68:000000000-G35DK:1:2101:22497:12207	extended_3UTR_DCG_Soc1_w_forward_primer	100.000	52	0	0	1	52	29	80	3.33e-25	95.1
M03997:68:000000000-G35DK:1:1104:13770:26980	extended_3UTR_DCG_Soc1_w_forward_primer	100.000	94	0	0	1	94	13	106	1.04e-47	170
M03997:68:000000000-G35DK:1:1104:8247:21671	extended_3UTR_DCG_Soc1_w_forward_primer	100.000	20	0	0	1	20	7	26	6.40e-08	37.4
M03997:68:000000000-G35DK:1:1101:12174:18161	extended_3UTR_DCG_Soc1_w_forward_primer	100.000	22	0	0	1	22	5	26	2.85e-09	41.0
M03997:68:000000000-G35DK:1:2103:24554:15921	extended_3UTR_DCG_Soc1_w_forward_primer	96.875	64	2	0	1	64	7	70	6.75e-29	107
M03997:68:000000000-G35DK:1:1101:2723:18472	extended_3UTR_DCG_Soc1_w_forward_primer	98.077	52	1	0	1	52	13	64	1.42e-23	89.7
M03997:68:000000000-G35DK:1:1104:14042:22744	extended_3UTR_DCG_Soc1_w_forward_primer	100.000	107	0	0	1	107	54	160	1.38e-54	194
M03997:68:000000000-G35DK:1:1102:16614:20002	extended_3UTR_DCG_Soc1_w_forward_primer	100.000	42	0	0	1	42	13	54	7.08e-20	77.0
M03997:68:000000000-G35DK:1:2104:11908:3528	extended_3UTR_DCG_Soc1_w_forward_primer	100.000	18	0	0	1	18	7	24	5.34e-07	33.7
M03997:68:000000000-G35DK:1:2104:12244:7394	extended_3UTR_DCG_Soc1_w_forward_primer	100.000	19	0	0	1	19	13	31	7.68e-08	35.6
M03997:68:000000000-G35DK:1:2101:10203:17491	extended_3UTR_DCG_Soc1_w_forward_primer	100.000	50	0	0	1	50	13	62	3.97e-24	91.5
M03997:68:000000000-G35DK:1:1101:11855:4835	extended_3UTR_DCG_Soc1_w_forward_primer	100.000	22	0	0	1	22	5	26	3.00e-09	41.0
M03997:68:000000000-G35DK:1:2101:21384:16317	extended_3UTR_DCG_Soc1_w_forward_primer	100.000	93	0	0	1	93	23	115	3.59e-47	168
M03997:68:000000000-G35DK:1:1103:18901:12029	extended_3UTR_DCG_Soc1_w_forward_primer	79.167	48	5	1	1	48	7	49	2.19e-09	42.8
M03997:68:000000000-G35DK:1:1101:6950:22923	extended_3UTR_DCG_Soc1_w_forward_primer	100.000	127	0	0	1	127	5	131	1.74e-65	230
M03997:68:000000000-G35DK:1:1104:18779:23058	extended_3UTR_DCG_Soc1_w_forward_primer	100.000	131	0	0	1	131	13	143	1.21e-67	237
M03997:68:000000000-G35DK:1:2101:10588:22919	extended_3UTR_DCG_Soc1_w_forward_primer	98.361	61	1	0	1	61	50	110	2.23e-28	105
M03997:68:000000000-G35DK:1:2102:18668:27245	extended_3UTR_DCG_Soc1_w_forward_primer	98.347	121	0	1	1	119	13	133	1.85e-58	206
M03997:68:000000000-G35DK:1:2104:5517:15441	extended_3UTR_DCG_Soc1_w_forward_primer	100.000	103	0	0	1	103	31	133	1.48e-52	187
M03997:68:000000000-G35DK:1:2102:27703:8350	extended_3UTR_DCG_Soc1_w_forward_primer	100.000	93	0	0	1	93	23	115	3.59e-47	168
M03997:68:000000000-G35DK:1:2104:25505:11161	extended_3UTR_DCG_Soc1_w_forward_primer	100.000	21	0	0	41	61	1	21	2.71e-08	39.2
M03997:68:000000000-G35DK:1:2102:8062:13353	extended_3UTR_DCG_Soc1_w_forward_primer	100.000	65	0	0	1	65	83	147	3.80e-32	118
M03997:68:000000000-G35DK:1:2101:9332:10005	extended_3UTR_DCG_Soc1_w_forward_primer	100.000	42	0	0	1	42	74	115	7.08e-20	77.0
M03997:68:000000000-G35DK:1:2102:7637:12618	extended_3UTR_DCG_Soc1_w_forward_primer	100.000	20	0	0	1	20	5	24	4.20e-08	37.4
M03997:68:000000000-G35DK:1:1104:6753:17731	extended_3UTR_DCG_Soc1_w_forward_primer	98.361	61	1	0	1	61	83	143	2.23e-28	105
M03997:68:000000000-G35DK:1:2101:16060:23887	extended_3UTR_DCG_Soc1_w_forward_primer	100.000	90	0	0	1	90	26	115	1.47e-45	163
M03997:68:000000000-G35DK:1:1104:11902:24629	extended_3UTR_DCG_Soc1_w_forward_primer	99.242	132	1	0	1	132	26	157	1.49e-66	233
M03997:68:000000000-G35DK:1:1102:13483:11975	extended_3UTR_DCG_Soc1_w_forward_primer	98.947	95	1	0	1	95	18	112	1.28e-46	167
M03997:68:000000000-G35DK:1:2103:7667:20521	extended_3UTR_DCG_Soc1_w_forward_primer	100.000	21	0	0	42	62	1	21	2.77e-08	39.2
M03997:68:000000000-G35DK:1:1104:15440:19526	extended_3UTR_DCG_Soc1_w_forward_primer	100.000	137	0	0	1	137	13	149	1.60e-70	248
M03997:68:000000000-G35DK:1:1101:10161:12158	extended_3UTR_DCG_Soc1_w_forward_primer	100.000	46	0	0	1	46	113	158	4.03e-21	84.2
M03997:68:000000000-G35DK:1:1102:20588:23941	extended_3UTR_DCG_Soc1_w_forward_primer	100.000	42	0	0	1	42	29	70	7.08e-20	77.0
M03997:68:000000000-G35DK:1:2104:22491:17259	extended_3UTR_DCG_Soc1_w_forward_primer	100.000	17	0	0	1	17	104	120	2.25e-06	31.9
M03997:68:000000000-G35DK:1:2101:8930:25226	extended_3UTR_DCG_Soc1_w_forward_primer	100.000	55	0	0	1	55	56	110	8.37e-27	100
M03997:68:000000000-G35DK:1:1104:10290:17892	extended_3UTR_DCG_Soc1_w_forward_primer	100.000	18	0	0	1	18	7	24	7.79e-07	33.7
M03997:68:000000000-G35DK:1:1104:9151:11750	extended_3UTR_DCG_Soc1_w_forward_primer	100.000	44	0	0	1	44	56	99	6.16e-21	80.6
M03997:68:000000000-G35DK:1:2104:14490:26028	extended_3UTR_DCG_Soc1_w_forward_primer	100.000	21	0	0	39	59	1	21	2.61e-08	39.2
M03997:68:000000000-G35DK:1:2103:15260:26716	extended_3UTR_DCG_Soc1_w_forward_primer	99.048	105	1	0	1	105	29	133	5.27e-52	185
M03997:68:000000000-G35DK:1:1102:23704:22496	extended_3UTR_DCG_Soc1_w_forward_primer	94.937	79	2	1	1	77	13	91	3.79e-33	122
M03997:68:000000000-G35DK:1:2104:25936:13595	extended_3UTR_DCG_Soc1_w_forward_primer	100.000	115	0	0	1	115	19	133	5.10e-59	208
M03997:68:000000000-G35DK:1:2102:10830:13754	extended_3UTR_DCG_Soc1_w_forward_primer	100.000	24	0	0	42	65	1	24	7.12e-10	44.6
M03997:68:000000000-G35DK:1:1103:18745:4835	extended_3UTR_DCG_Soc1_w_forward_primer	98.734	79	1	0	1	79	13	91	5.07e-38	138
M03997:68:000000000-G35DK:1:1103:18549:5382	extended_3UTR_DCG_Soc1_w_forward_primer	100.000	18	0	0	1	18	7	24	6.40e-06	33.7
M03997:68:000000000-G35DK:1:1102:25272:17258	extended_3UTR_DCG_Soc1_w_forward_primer	100.000	21	0	0	111	131	1	21	6.30e-08	39.2
M03997:68:000000000-G35DK:1:1102:5516:12609	extended_3UTR_DCG_Soc1_w_forward_primer	100.000	57	0	0	1	57	26	82	7.17e-28	104
M03997:68:000000000-G35DK:1:2103:28965:19861	extended_3UTR_DCG_Soc1_w_forward_primer	100.000	79	0	0	1	79	13	91	1.19e-39	143
M03997:68:000000000-G35DK:1:1104:8958:20340	extended_3UTR_DCG_Soc1_w_forward_primer	100.000	18	0	0	1	18	7	24	1.66e-06	33.7
M03997:68:000000000-G35DK:1:1101:12257:10945	extended_3UTR_DCG_Soc1_w_forward_primer	100.000	18	0	0	1	18	7	24	7.13e-07	33.7
M03997:68:000000000-G35DK:1:1101:20789:27543	extended_3UTR_DCG_Soc1_w_forward_primer	100.000	36	0	0	1	36	56	91	1.05e-16	66.2
M03997:68:000000000-G35DK:1:1101:20714:19984	extended_3UTR_DCG_Soc1_w_forward_primer	98.990	99	1	0	1	99	56	154	2.90e-48	174
M03997:68:000000000-G35DK:1:2101:20395:9628	extended_3UTR_DCG_Soc1_w_forward_primer	100.000	79	0	0	1	79	13	91	1.19e-39	143
M03997:68:000000000-G35DK:1:1103:8282:5321	extended_3UTR_DCG_Soc1_w_forward_primer	100.000	47	0	0	1	47	13	59	1.57e-22	86.0
M03997:68:000000000-G35DK:1:1101:21657:21462	extended_3UTR_DCG_Soc1_w_forward_primer	100.000	18	0	0	1	18	7	24	4.23e-07	33.7
M03997:68:000000000-G35DK:1:1101:12742:16301	extended_3UTR_DCG_Soc1_w_forward_primer	100.000	54	0	0	1	54	13	66	2.86e-26	98.7
M03997:68:000000000-G35DK:1:1103:25644:17133	extended_3UTR_DCG_Soc1_w_forward_primer	100.000	44	0	0	1	44	72	115	6.16e-21	80.6
M03997:68:000000000-G35DK:1:2102:28921:19107	extended_3UTR_DCG_Soc1_w_forward_primer	100.000	59	0	0	1	59	54	112	6.13e-29	107
M03997:68:000000000-G35DK:1:2101:27103:16155	extended_3UTR_DCG_Soc1_w_forward_primer	96.552	58	2	0	1	58	7	64	1.09e-25	96.9
M03997:68:000000000-G35DK:1:2103:8522:13167	extended_3UTR_DCG_Soc1_w_forward_primer	100.000	19	0	0	1	19	6	24	5.79e-07	35.6
M03997:68:000000000-G35DK:1:1103:13610:28311	extended_3UTR_DCG_Soc1_w_forward_primer	98.214	56	1	0	1	56	13	68	1.04e-25	96.9
M03997:68:000000000-G35DK:1:1102:19611:25128	extended_3UTR_DCG_Soc1_w_forward_primer	95.455	22	1	0	1	22	7	28	6.59e-07	35.6
M03997:68:000000000-G35DK:1:2101:8400:7079	extended_3UTR_DCG_Soc1_w_forward_primer	98.925	93	1	0	1	93	29	121	1.53e-45	163
M03997:68:000000000-G35DK:1:2103:24048:7798	extended_3UTR_DCG_Soc1_w_forward_primer	100.000	72	0	0	1	72	31	102	6.77e-36	131
M03997:68:000000000-G35DK:1:2101:28168:10164	extended_3UTR_DCG_Soc1_w_forward_primer	98.276	58	1	0	1	58	48	105	8.92e-27	100
M03997:68:000000000-G35DK:1:2104:20885:20159	extended_3UTR_DCG_Soc1_w_forward_primer	100.000	74	0	0	1	74	37	110	5.74e-37	134
M03997:68:000000000-G35DK:1:1103:18537:11816	extended_3UTR_DCG_Soc1_w_forward_primer	100.000	95	0	0	1	95	21	115	3.02e-48	172
M03997:68:000000000-G35DK:1:1104:15682:3496	extended_3UTR_DCG_Soc1_w_forward_primer	100.000	74	0	0	1	74	58	131	5.74e-37	134
M03997:68:000000000-G35DK:1:2101:27438:19074	extended_3UTR_DCG_Soc1_w_forward_primer	100.000	18	0	0	1	18	8	25	1.91e-06	33.7
M03997:68:000000000-G35DK:1:1103:8376:7526	extended_3UTR_DCG_Soc1_w_forward_primer	100.000	65	0	0	1	65	106	170	5.09e-32	118
M03997:68:000000000-G35DK:1:2103:14812:15338	extended_3UTR_DCG_Soc1_w_forward_primer	100.000	112	0	0	1	112	10	121	2.11e-57	203
M03997:68:000000000-G35DK:1:1103:6905:24116	extended_3UTR_DCG_Soc1_w_forward_primer	100.000	71	0	0	1	71	13	83	2.33e-35	129
M03997:68:000000000-G35DK:1:2104:15474:5178	extended_3UTR_DCG_Soc1_w_forward_primer	100.000	74	0	0	1	74	38	111	5.74e-37	134
M03997:68:000000000-G35DK:1:2104:25145:7285	extended_3UTR_DCG_Soc1_w_forward_primer	100.000	20	0	0	1	20	7	26	8.02e-08	37.4
M03997:68:000000000-G35DK:1:2101:18400:24057	extended_3UTR_DCG_Soc1_w_forward_primer	100.000	48	0	0	1	48	58	105	4.61e-23	87.8
M03997:68:000000000-G35DK:1:2103:23882:16709	extended_3UTR_DCG_Soc1_w_forward_primer	100.000	22	0	0	1	22	7	28	6.43e-09	41.0
M03997:68:000000000-G35DK:1:2103:22446:7591	extended_3UTR_DCG_Soc1_w_forward_primer	100.000	20	0	0	1	20	5	24	4.39e-08	37.4
M03997:68:000000000-G35DK:1:2104:22362:25515	extended_3UTR_DCG_Soc1_w_forward_primer	100.000	18	0	0	1	18	7	24	1.64e-06	33.7
M03997:68:000000000-G35DK:1:2101:15808:10731	extended_3UTR_DCG_Soc1_w_forward_primer	100.000	18	0	0	1	18	7	24	2.32e-06	33.7
M03997:68:000000000-G35DK:1:1103:10327:6210	extended_3UTR_DCG_Soc1_w_forward_primer	100.000	87	0	0	1	87	29	115	6.03e-44	158
M03997:68:000000000-G35DK:1:1101:10517:17956	extended_3UTR_DCG_Soc1_w_forward_primer	98.148	54	1	0	1	54	13	66	1.22e-24	93.3
M03997:68:000000000-G35DK:1:2103:3919:10666	extended_3UTR_DCG_Soc1_w_forward_primer	100.000	65	0	0	1	65	27	91	3.80e-32	118
M03997:68:000000000-G35DK:1:1103:18750:21298	extended_3UTR_DCG_Soc1_w_forward_primer	100.000	28	0	0	1	28	23	50	1.66e-12	51.8
M03997:68:000000000-G35DK:1:2101:22253:22800	extended_3UTR_DCG_Soc1_w_forward_primer	100.000	18	0	0	1	18	7	24	4.90e-07	33.7
M03997:68:000000000-G35DK:1:1102:15795:9367	extended_3UTR_DCG_Soc1_w_forward_primer	100.000	109	0	0	1	109	7	115	8.70e-56	197
M03997:68:000000000-G35DK:1:2102:21291:11564	extended_3UTR_DCG_Soc1_w_forward_primer	100.000	67	0	0	1	67	72	138	3.23e-33	122
M03997:68:000000000-G35DK:1:1104:16207:19235	extended_3UTR_DCG_Soc1_w_forward_primer	100.000	49	0	0	1	49	62	110	1.35e-23	89.7
M03997:68:000000000-G35DK:1:2101:11854:16182	extended_3UTR_DCG_Soc1_w_forward_primer	100.000	57	0	0	1	57	26	82	7.17e-28	104
M03997:68:000000000-G35DK:1:2104:15127:14690	extended_3UTR_DCG_Soc1_w_forward_primer	97.778	45	1	0	1	45	99	143	7.71e-20	77.0
M03997:68:000000000-G35DK:1:2102:22138:14822	extended_3UTR_DCG_Soc1_w_forward_primer	100.000	18	0	0	1	18	7	24	5.34e-07	33.7
M03997:68:000000000-G35DK:1:2104:9960:5093	extended_3UTR_DCG_Soc1_w_forward_primer	98.734	79	1	0	1	79	13	91	5.07e-38	138
M03997:68:000000000-G35DK:1:2104:6320:19995	extended_3UTR_DCG_Soc1_w_forward_primer	98.165	109	2	0	1	109	7	115	4.51e-53	188
M03997:68:000000000-G35DK:1:2101:8714:19913	extended_3UTR_DCG_Soc1_w_forward_primer	100.000	24	0	0	56	79	1	24	8.84e-10	44.6
M03997:68:000000000-G35DK:1:1104:7505:21914	extended_3UTR_DCG_Soc1_w_forward_primer	76.190	42	5	1	1	42	13	49	6.59e-06	31.9
M03997:68:000000000-G35DK:1:1104:22894:13384	extended_3UTR_DCG_Soc1_w_forward_primer	100.000	90	0	0	1	90	23	112	1.47e-45	163
M03997:68:000000000-G35DK:1:2102:4997:16660	extended_3UTR_DCG_Soc1_w_forward_primer	98.039	51	1	0	1	51	62	112	4.83e-23	87.8
M03997:68:000000000-G35DK:1:1104:12554:18005	extended_3UTR_DCG_Soc1_w_forward_primer	100.000	18	0	0	1	18	7	24	2.01e-06	33.7
M03997:68:000000000-G35DK:1:1104:13219:2881	extended_3UTR_DCG_Soc1_w_forward_primer	100.000	17	0	0	1	17	8	24	6.28e-06	31.9
M03997:68:000000000-G35DK:1:2103:24028:25865	extended_3UTR_DCG_Soc1_w_forward_primer	98.936	94	1	0	1	94	62	155	6.03e-46	165
M03997:68:000000000-G35DK:1:2104:6382:6012	extended_3UTR_DCG_Soc1_w_forward_primer	100.000	115	0	0	1	115	7	121	5.10e-59	208
M03997:68:000000000-G35DK:1:1104:23832:10614	extended_3UTR_DCG_Soc1_w_forward_primer	98.750	80	1	0	1	80	29	108	1.47e-38	140
M03997:68:000000000-G35DK:1:2102:23949:7289	extended_3UTR_DCG_Soc1_w_forward_primer	98.039	51	1	0	1	51	58	108	4.83e-23	87.8
M03997:68:000000000-G35DK:1:2101:24220:8620	extended_3UTR_DCG_Soc1_w_forward_primer	100.000	103	0	0	1	103	31	133	1.48e-52	187
M03997:68:000000000-G35DK:1:1101:16644:15670	extended_3UTR_DCG_Soc1_w_forward_primer	100.000	26	0	0	1	26	6	31	1.93e-11	48.2
M03997:68:000000000-G35DK:1:2101:21939:26972	extended_3UTR_DCG_Soc1_w_forward_primer	100.000	83	0	0	1	83	23	105	8.49e-42	150
M03997:68:000000000-G35DK:1:2102:24728:5158	extended_3UTR_DCG_Soc1_w_forward_primer	98.214	56	1	0	1	56	107	162	6.39e-25	96.9
M03997:68:000000000-G35DK:1:2104:17516:13532	extended_3UTR_DCG_Soc1_w_forward_primer	96.970	33	1	0	1	33	106	138	1.70e-13	55.4
M03997:68:000000000-G35DK:1:1103:15262:16515	extended_3UTR_DCG_Soc1_w_forward_primer	100.000	48	0	0	1	48	72	119	4.61e-23	87.8
M03997:68:000000000-G35DK:1:2102:26534:11984	extended_3UTR_DCG_Soc1_w_forward_primer	100.000	76	0	0	1	76	58	133	4.85e-38	138
M03997:68:000000000-G35DK:1:1101:12792:26422	extended_3UTR_DCG_Soc1_w_forward_primer	100.000	18	0	0	1	18	7	24	5.34e-07	33.7
M03997:68:000000000-G35DK:1:1103:19659:27495	extended_3UTR_DCG_Soc1_w_forward_primer	100.000	39	0	0	1	39	83	121	2.75e-18	71.6
M03997:68:000000000-G35DK:1:2101:8799:14243	extended_3UTR_DCG_Soc1_w_forward_primer	100.000	41	0	0	1	41	13	53	2.09e-18	75.2
M03997:68:000000000-G35DK:1:1101:17390:12986	extended_3UTR_DCG_Soc1_w_forward_primer	100.000	56	0	0	1	56	7	62	2.45e-27	102
M03997:68:000000000-G35DK:1:2102:20738:26661	extended_3UTR_DCG_Soc1_w_forward_primer	100.000	105	0	0	1	105	8	112	1.24e-53	190
M03997:68:000000000-G35DK:1:1101:28073:9391	extended_3UTR_DCG_Soc1_w_forward_primer	100.000	103	0	0	1	103	19	121	1.48e-52	187
M03997:68:000000000-G35DK:1:1102:28995:10919	extended_3UTR_DCG_Soc1_w_forward_primer	98.182	55	1	0	1	55	56	110	3.56e-25	95.1
M03997:68:000000000-G35DK:1:2104:12558:15595	extended_3UTR_DCG_Soc1_w_forward_primer	98.969	97	1	0	1	97	13	109	1.08e-47	170
M03997:68:000000000-G35DK:1:1104:16397:5471	extended_3UTR_DCG_Soc1_w_forward_primer	100.000	18	0	0	1	18	7	24	1.78e-06	33.7
M03997:68:000000000-G35DK:1:2102:25081:14165	extended_3UTR_DCG_Soc1_w_forward_primer	100.000	54	0	0	1	54	113	166	1.83e-25	98.7
M03997:68:000000000-G35DK:1:2103:13696:8570	extended_3UTR_DCG_Soc1_w_forward_primer	100.000	55	0	0	1	55	37	91	8.37e-27	100
M03997:68:000000000-G35DK:1:2104:19265:22503	extended_3UTR_DCG_Soc1_w_forward_primer	100.000	87	0	0	1	87	13	99	6.03e-44	158
M03997:68:000000000-G35DK:1:2104:13966:4984	extended_3UTR_DCG_Soc1_w_forward_primer	100.000	44	0	0	1	44	72	115	6.16e-21	80.6
M03997:68:000000000-G35DK:1:2101:14093:20620	extended_3UTR_DCG_Soc1_w_forward_primer	98.824	85	1	0	1	85	7	91	3.04e-41	149
M03997:68:000000000-G35DK:1:2103:9795:21451	extended_3UTR_DCG_Soc1_w_forward_primer	100.000	56	0	0	1	56	62	117	2.45e-27	102
M03997:68:000000000-G35DK:1:2103:26068:11497	extended_3UTR_DCG_Soc1_w_forward_primer	98.795	83	1	0	1	83	23	105	3.61e-40	145
M03997:68:000000000-G35DK:1:1104:17323:26601	extended_3UTR_DCG_Soc1_w_forward_primer	100.000	64	0	0	1	64	56	119	1.30e-31	116
M03997:68:000000000-G35DK:1:2104:22141:13006	extended_3UTR_DCG_Soc1_w_forward_primer	100.000	42	0	0	1	42	123	164	7.08e-20	77.0
M03997:68:000000000-G35DK:1:2103:9625:6098	extended_3UTR_DCG_Soc1_w_forward_primer	100.000	106	0	0	1	106	15	120	3.81e-54	192
M03997:68:000000000-G35DK:1:1104:21553:18123	extended_3UTR_DCG_Soc1_w_forward_primer	100.000	30	0	0	1	30	130	159	1.50e-13	55.4
M03997:68:000000000-G35DK:1:2104:20764:21169	extended_3UTR_DCG_Soc1_w_forward_primer	100.000	18	0	0	1	18	7	24	9.99e-07	33.7
M03997:68:000000000-G35DK:1:2103:5315:16300	extended_3UTR_DCG_Soc1_w_forward_primer	100.000	40	0	0	1	40	99	138	8.12e-19	73.4
M03997:68:000000000-G35DK:1:2103:21112:27083	extended_3UTR_DCG_Soc1_w_forward_primer	100.000	98	0	0	1	98	13	110	7.35e-50	178
M03997:68:000000000-G35DK:1:2102:12836:8349	extended_3UTR_DCG_Soc1_w_forward_primer	99.145	117	1	0	1	117	62	178	1.82e-58	206
M03997:68:000000000-G35DK:1:2104:10101:7136	extended_3UTR_DCG_Soc1_w_forward_primer	100.000	60	0	0	1	60	62	121	1.79e-29	109
M03997:68:000000000-G35DK:1:2101:10655:26748	extended_3UTR_DCG_Soc1_w_forward_primer	100.000	76	0	0	1	76	37	112	4.85e-38	138
M03997:68:000000000-G35DK:1:2101:7103:16660	extended_3UTR_DCG_Soc1_w_forward_primer	100.000	96	0	0	1	96	26	121	8.75e-49	174
M03997:68:000000000-G35DK:1:1103:11696:25210	extended_3UTR_DCG_Soc1_w_forward_primer	98.214	56	1	0	1	56	107	162	6.39e-25	96.9
M03997:68:000000000-G35DK:1:2104:10447:24493	extended_3UTR_DCG_Soc1_w_forward_primer	100.000	55	0	0	1	55	72	126	8.37e-27	100
M03997:68:000000000-G35DK:1:1104:11493:9956	extended_3UTR_DCG_Soc1_w_forward_primer	100.000	20	0	0	1	20	7	26	6.03e-08	37.4
M03997:68:000000000-G35DK:1:2101:25274:7703	extended_3UTR_DCG_Soc1_w_forward_primer	100.000	56	0	0	1	56	83	138	2.45e-27	102
M03997:68:000000000-G35DK:1:2104:5271:12596	extended_3UTR_DCG_Soc1_w_forward_primer	100.000	42	0	0	1	42	15	56	7.08e-20	77.0
M03997:68:000000000-G35DK:1:2101:12505:13182	extended_3UTR_DCG_Soc1_w_forward_primer	100.000	66	0	0	1	66	31	96	1.11e-32	120
M03997:68:000000000-G35DK:1:2104:27566:22286	extended_3UTR_DCG_Soc1_w_forward_primer	100.000	19	0	0	1	19	6	24	6.72e-07	35.6
M03997:68:000000000-G35DK:1:1104:22535:3569	extended_3UTR_DCG_Soc1_w_forward_primer	100.000	18	0	0	1	18	7	24	2.85e-06	33.7
M03997:68:000000000-G35DK:1:2101:19910:13910	extended_3UTR_DCG_Soc1_w_forward_primer	100.000	21	0	0	1	21	4	24	1.26e-07	39.2
M03997:68:000000000-G35DK:1:1104:8146:22172	extended_3UTR_DCG_Soc1_w_forward_primer	100.000	93	0	0	1	93	13	105	3.59e-47	168
M03997:68:000000000-G35DK:1:1102:13206:19091	extended_3UTR_DCG_Soc1_w_forward_primer	100.000	18	0	0	1	18	7	24	8.24e-07	33.7
M03997:68:000000000-G35DK:1:1101:21884:26366	extended_3UTR_DCG_Soc1_w_forward_primer	100.000	58	0	0	1	58	7	64	2.10e-28	105
M03997:68:000000000-G35DK:1:2101:8779:20623	extended_3UTR_DCG_Soc1_w_forward_primer	100.000	22	0	0	1	22	5	26	4.31e-08	41.0
M03997:68:000000000-G35DK:1:1103:10424:14675	extended_3UTR_DCG_Soc1_w_forward_primer	100.000	93	0	0	1	93	13	105	3.59e-47	168
M03997:68:000000000-G35DK:1:1102:6180:5781	extended_3UTR_DCG_Soc1_w_forward_primer	100.000	42	0	0	1	42	29	70	7.08e-20	77.0
M03997:68:000000000-G35DK:1:1104:18976:27194	extended_3UTR_DCG_Soc1_w_forward_primer	98.261	115	0	1	1	113	7	121	3.16e-55	196
M03997:68:000000000-G35DK:1:1101:27166:14513	extended_3UTR_DCG_Soc1_w_forward_primer	100.000	18	0	0	1	18	7	24	6.40e-06	33.7
M03997:68:000000000-G35DK:1:2103:8173:10163	extended_3UTR_DCG_Soc1_w_forward_primer	98.020	101	2	0	1	101	13	113	9.13e-49	174
M03997:68:000000000-G35DK:1:1102:15211:16088	extended_3UTR_DCG_Soc1_w_forward_primer	100.000	79	0	0	1	79	48	126	1.19e-39	143
M03997:68:000000000-G35DK:1:2101:23397:21708	extended_3UTR_DCG_Soc1_w_forward_primer	100.000	65	0	0	1	65	48	112	3.80e-32	118
M03997:68:000000000-G35DK:1:2103:17699:15562	extended_3UTR_DCG_Soc1_w_forward_primer	100.000	24	0	0	67	90	1	24	1.02e-09	44.6
M03997:68:000000000-G35DK:1:1104:24026:17844	extended_3UTR_DCG_Soc1_w_forward_primer	100.000	46	0	0	1	46	7	52	4.03e-21	84.2
M03997:68:000000000-G35DK:1:1103:24662:13023	extended_3UTR_DCG_Soc1_w_forward_primer	100.000	33	0	0	1	33	88	120	4.60e-14	60.8
M03997:68:000000000-G35DK:1:1104:11699:15866	extended_3UTR_DCG_Soc1_w_forward_primer	98.438	64	1	0	1	64	42	105	5.54e-30	111
M03997:68:000000000-G35DK:1:2104:20045:21199	extended_3UTR_DCG_Soc1_w_forward_primer	100.000	52	0	0	1	52	29	80	3.33e-25	95.1
M03997:68:000000000-G35DK:1:1102:14250:23014	extended_3UTR_DCG_Soc1_w_forward_primer	100.000	65	0	0	1	65	88	152	3.80e-32	118
M03997:68:000000000-G35DK:1:2104:16432:24966	extended_3UTR_DCG_Soc1_w_forward_primer	100.000	17	0	0	1	17	8	24	3.95e-06	31.9
M03997:68:000000000-G35DK:1:1104:9295:4235	extended_3UTR_DCG_Soc1_w_forward_primer	100.000	68	0	0	1	68	52	119	9.41e-34	123
M03997:68:000000000-G35DK:1:1101:19673:27475	extended_3UTR_DCG_Soc1_w_forward_primer	100.000	18	0	0	1	18	7	24	7.13e-07	33.7
M03997:68:000000000-G35DK:1:2102:8916:21113	extended_3UTR_DCG_Soc1_w_forward_primer	100.000	43	0	0	1	43	112	154	1.72e-19	78.8
M03997:68:000000000-G35DK:1:1104:2789:13524	extended_3UTR_DCG_Soc1_w_forward_primer	100.000	93	0	0	1	93	23	115	3.59e-47	168
M03997:68:000000000-G35DK:1:1104:22902:17459	extended_3UTR_DCG_Soc1_w_forward_primer	100.000	20	0	0	1	20	7	26	1.71e-07	37.4
M03997:68:000000000-G35DK:1:1104:26585:15032	extended_3UTR_DCG_Soc1_w_forward_primer	100.000	42	0	0	1	42	15	56	7.08e-20	77.0
M03997:68:000000000-G35DK:1:1102:11458:13772	extended_3UTR_DCG_Soc1_w_forward_primer	100.000	20	0	0	1	20	7	26	5.25e-07	37.4
M03997:68:000000000-G35DK:1:2101:12282:12103	extended_3UTR_DCG_Soc1_w_forward_primer	100.000	84	0	0	1	84	29	112	2.47e-42	152
M03997:68:000000000-G35DK:1:2101:14246:10887	extended_3UTR_DCG_Soc1_w_forward_primer	100.000	58	0	0	1	58	13	70	2.10e-28	105
M03997:68:000000000-G35DK:1:2102:13968:15425	extended_3UTR_DCG_Soc1_w_forward_primer	100.000	42	0	0	1	42	74	115	7.08e-20	77.0
M03997:68:000000000-G35DK:1:1104:12172:24690	extended_3UTR_DCG_Soc1_w_forward_primer	100.000	27	0	0	1	27	79	105	5.50e-12	50.0
M03997:68:000000000-G35DK:1:1101:18614:16460	extended_3UTR_DCG_Soc1_w_forward_primer	100.000	33	0	0	1	33	104	136	4.00e-15	60.8
M03997:68:000000000-G35DK:1:1104:12191:16771	extended_3UTR_DCG_Soc1_w_forward_primer	100.000	109	0	0	1	109	13	121	8.70e-56	197
M03997:68:000000000-G35DK:1:1101:21233:3823	extended_3UTR_DCG_Soc1_w_forward_primer	100.000	86	0	0	1	86	23	108	2.08e-43	156
M03997:68:000000000-G35DK:1:1102:12904:7858	extended_3UTR_DCG_Soc1_w_forward_primer	100.000	19	0	0	1	19	8	26	2.11e-07	35.6
M03997:68:000000000-G35DK:1:1103:15170:22574	extended_3UTR_DCG_Soc1_w_forward_primer	100.000	53	0	0	1	53	102	154	9.76e-26	96.9
M03997:68:000000000-G35DK:1:2104:17492:20429	extended_3UTR_DCG_Soc1_w_forward_primer	96.774	31	1	0	1	31	7	37	1.91e-12	51.8
M03997:68:000000000-G35DK:1:2101:13538:18251	extended_3UTR_DCG_Soc1_w_forward_primer	98.438	64	1	0	1	64	58	121	5.54e-30	111
M03997:68:000000000-G35DK:1:1103:11100:10863	extended_3UTR_DCG_Soc1_w_forward_primer	100.000	123	0	0	1	123	13	135	2.49e-63	223
M03997:68:000000000-G35DK:1:2104:6768:8038	extended_3UTR_DCG_Soc1_w_forward_primer	100.000	51	0	0	1	51	62	112	1.13e-24	93.3
M03997:68:000000000-G35DK:1:2102:26911:13472	extended_3UTR_DCG_Soc1_w_forward_primer	98.750	80	1	0	3	82	54	133	1.52e-38	140
M03997:68:000000000-G35DK:1:2104:24147:8859	extended_3UTR_DCG_Soc1_w_forward_primer	100.000	27	0	0	1	27	19	45	5.50e-12	50.0
M03997:68:000000000-G35DK:1:2101:19810:12725	extended_3UTR_DCG_Soc1_w_forward_primer	100.000	103	0	0	1	103	56	158	1.48e-52	187
M03997:68:000000000-G35DK:1:2102:21146:10747	extended_3UTR_DCG_Soc1_w_forward_primer	87.500	32	4	0	47	78	1	32	4.31e-08	41.0
M03997:68:000000000-G35DK:1:1102:13317:21323	extended_3UTR_DCG_Soc1_w_forward_primer	100.000	17	0	0	1	17	8	24	3.41e-06	31.9
M03997:68:000000000-G35DK:1:1102:10100:14877	extended_3UTR_DCG_Soc1_w_forward_primer	97.778	45	1	0	1	45	62	106	5.99e-19	77.0
M03997:68:000000000-G35DK:1:1103:8003:18153	extended_3UTR_DCG_Soc1_w_forward_primer	100.000	33	0	0	1	33	13	45	4.00e-15	60.8
M03997:68:000000000-G35DK:1:1102:10428:16538	extended_3UTR_DCG_Soc1_w_forward_primer	100.000	30	0	0	1	30	62	91	1.50e-13	55.4
M03997:68:000000000-G35DK:1:2103:21252:3276	extended_3UTR_DCG_Soc1_w_forward_primer	99.029	103	1	0	1	103	13	115	6.28e-51	181
M03997:68:000000000-G35DK:1:2104:20027:17943	extended_3UTR_DCG_Soc1_w_forward_primer	100.000	27	0	0	1	27	123	149	8.32e-11	50.0
M03997:68:000000000-G35DK:1:1103:5823:15221	extended_3UTR_DCG_Soc1_w_forward_primer	100.000	31	0	0	1	31	15	45	4.49e-14	57.2
M03997:68:000000000-G35DK:1:2102:23186:21590	extended_3UTR_DCG_Soc1_w_forward_primer	100.000	25	0	0	1	25	18	42	7.06e-11	46.4
M03997:68:000000000-G35DK:1:2103:24265:17101	extended_3UTR_DCG_Soc1_w_forward_primer	97.619	42	1	0	1	42	7	48	3.01e-18	71.6
M03997:68:000000000-G35DK:1:2102:17727:25305	extended_3UTR_DCG_Soc1_w_forward_primer	100.000	58	0	0	1	58	48	105	2.10e-28	105
M03997:68:000000000-G35DK:1:2101:15766:7467	extended_3UTR_DCG_Soc1_w_forward_primer	100.000	93	0	0	1	93	13	105	3.59e-47	168
M03997:68:000000000-G35DK:1:2103:17696:22946	extended_3UTR_DCG_Soc1_w_forward_primer	97.500	80	0	1	1	78	12	91	2.13e-36	132
M03997:68:000000000-G35DK:1:1103:9014:22359	extended_3UTR_DCG_Soc1_w_forward_primer	100.000	74	0	0	1	74	37	110	5.74e-37	134
M03997:68:000000000-G35DK:1:2104:15474:22328	extended_3UTR_DCG_Soc1_w_forward_primer	100.000	79	0	0	1	79	34	112	1.19e-39	143
M03997:68:000000000-G35DK:1:1104:10947:19976	extended_3UTR_DCG_Soc1_w_forward_primer	100.000	46	0	0	1	46	13	58	5.34e-22	84.2
M03997:68:000000000-G35DK:1:2104:16878:28249	extended_3UTR_DCG_Soc1_w_forward_primer	95.588	68	1	1	1	66	48	115	6.99e-29	107
M03997:68:000000000-G35DK:1:2104:7511:8873	extended_3UTR_DCG_Soc1_w_forward_primer	100.000	63	0	0	1	63	58	120	4.46e-31	114
M03997:68:000000000-G35DK:1:1102:20695:7215	extended_3UTR_DCG_Soc1_w_forward_primer	100.000	27	0	0	1	27	128	154	8.32e-11	50.0
M03997:68:000000000-G35DK:1:2103:17090:22128	extended_3UTR_DCG_Soc1_w_forward_primer	100.000	56	0	0	1	56	60	115	2.45e-27	102
M03997:68:000000000-G35DK:1:1102:9274:6678	extended_3UTR_DCG_Soc1_w_forward_primer	85.859	99	12	1	1	99	42	138	8.31e-30	113
M03997:68:000000000-G35DK:1:1102:13054:3941	extended_3UTR_DCG_Soc1_w_forward_primer	100.000	18	0	0	1	18	7	24	2.39e-06	33.7
M03997:68:000000000-G35DK:1:2102:18718:17339	extended_3UTR_DCG_Soc1_w_forward_primer	100.000	115	0	0	1	115	56	170	5.30e-59	208
M03997:68:000000000-G35DK:1:2104:10667:17391	extended_3UTR_DCG_Soc1_w_forward_primer	97.959	98	0	1	1	96	13	110	4.53e-46	165
M03997:68:000000000-G35DK:1:1104:12446:16056	extended_3UTR_DCG_Soc1_w_forward_primer	100.000	52	0	0	1	52	13	64	3.33e-25	95.1
M03997:68:000000000-G35DK:1:2103:9922:18608	extended_3UTR_DCG_Soc1_w_forward_primer	98.182	55	1	0	1	55	37	91	3.56e-25	95.1
M03997:68:000000000-G35DK:1:1103:14363:23037	extended_3UTR_DCG_Soc1_w_forward_primer	99.083	109	1	0	1	109	13	121	3.70e-54	192
M03997:68:000000000-G35DK:1:2102:12243:23604	extended_3UTR_DCG_Soc1_w_forward_primer	100.000	26	0	0	49	74	1	26	6.95e-11	48.2
M03997:68:000000000-G35DK:1:2101:9932:15630	extended_3UTR_DCG_Soc1_w_forward_primer	100.000	20	0	0	1	20	5	24	1.26e-07	37.4
M03997:68:000000000-G35DK:1:2103:6190:12695	extended_3UTR_DCG_Soc1_w_forward_primer	100.000	41	0	0	1	41	50	90	2.47e-19	75.2
M03997:68:000000000-G35DK:1:2103:11422:3110	extended_3UTR_DCG_Soc1_w_forward_primer	100.000	68	0	0	1	68	88	155	4.60e-33	123
M03997:68:000000000-G35DK:1:1101:10043:26365	extended_3UTR_DCG_Soc1_w_forward_primer	100.000	66	0	0	1	66	56	121	1.11e-32	120
M03997:68:000000000-G35DK:1:2102:3406:11749	extended_3UTR_DCG_Soc1_w_forward_primer	96.667	60	0	1	1	58	13	72	1.09e-25	96.9
M03997:68:000000000-G35DK:1:1103:21861:9037	extended_3UTR_DCG_Soc1_w_forward_primer	100.000	59	0	0	1	59	62	120	3.54e-28	107
M03997:68:000000000-G35DK:1:1102:8816:19219	extended_3UTR_DCG_Soc1_w_forward_primer	100.000	42	0	0	1	42	97	138	7.08e-20	77.0
M03997:68:000000000-G35DK:1:2102:6461:15577	extended_3UTR_DCG_Soc1_w_forward_primer	100.000	69	0	0	1	69	7	75	2.74e-34	125
M03997:68:000000000-G35DK:1:1104:18103:25092	extended_3UTR_DCG_Soc1_w_forward_primer	100.000	35	0	0	1	35	128	162	3.78e-15	64.4
M03997:68:000000000-G35DK:1:1103:17193:12479	extended_3UTR_DCG_Soc1_w_forward_primer	100.000	20	0	0	1	20	5	24	8.02e-08	37.4
M03997:68:000000000-G35DK:1:1104:13241:28549	extended_3UTR_DCG_Soc1_w_forward_primer	100.000	52	0	0	1	52	58	109	3.33e-25	95.1
M03997:68:000000000-G35DK:1:1103:17039:27650	extended_3UTR_DCG_Soc1_w_forward_primer	100.000	31	0	0	3	33	7	37	4.88e-14	57.2
M03997:68:000000000-G35DK:1:1101:14080:15215	extended_3UTR_DCG_Soc1_w_forward_primer	100.000	46	0	0	1	46	37	82	5.34e-22	84.2
M03997:68:000000000-G35DK:1:1104:11372:16204	extended_3UTR_DCG_Soc1_w_forward_primer	100.000	17	0	0	1	17	8	24	2.64e-06	31.9
M03997:68:000000000-G35DK:1:1102:21751:15238	extended_3UTR_DCG_Soc1_w_forward_primer	100.000	60	0	0	1	60	74	133	1.79e-29	109
M03997:68:000000000-G35DK:1:2101:15407:22948	extended_3UTR_DCG_Soc1_w_forward_primer	100.000	24	0	0	49	72	1	24	9.21e-10	44.6
M03997:68:000000000-G35DK:1:2103:13848:28430	extended_3UTR_DCG_Soc1_w_forward_primer	99.187	123	1	0	1	123	13	135	2.71e-61	217
M03997:68:000000000-G35DK:1:1102:9749:9953	extended_3UTR_DCG_Soc1_w_forward_primer	100.000	48	0	0	1	48	13	60	4.61e-23	87.8
M03997:68:000000000-G35DK:1:1104:14622:4106	extended_3UTR_DCG_Soc1_w_forward_primer	100.000	20	0	0	1	20	5	24	5.25e-07	37.4
M03997:68:000000000-G35DK:1:1104:19108:16245	extended_3UTR_DCG_Soc1_w_forward_primer	97.619	84	0	1	1	82	8	91	1.52e-38	140
M03997:68:000000000-G35DK:1:2102:7652:10658	extended_3UTR_DCG_Soc1_w_forward_primer	100.000	116	0	0	1	116	23	138	1.48e-59	210
M03997:68:000000000-G35DK:1:1104:21211:20869	extended_3UTR_DCG_Soc1_w_forward_primer	100.000	38	0	0	1	38	21	58	9.28e-18	69.8
M03997:68:000000000-G35DK:1:2103:19358:5336	extended_3UTR_DCG_Soc1_w_forward_primer	100.000	78	0	0	1	78	56	133	4.10e-39	141
M03997:68:000000000-G35DK:1:2102:18130:11141	extended_3UTR_DCG_Soc1_w_forward_primer	100.000	33	0	0	1	33	104	136	4.00e-15	60.8
M03997:68:000000000-G35DK:1:1101:20713:4795	extended_3UTR_DCG_Soc1_w_forward_primer	100.000	118	0	0	1	118	13	130	3.31e-60	214
M03997:68:000000000-G35DK:1:1101:15848:6018	extended_3UTR_DCG_Soc1_w_forward_primer	100.000	19	0	0	1	19	8	26	3.63e-07	35.6
M03997:68:000000000-G35DK:1:1101:21031:27794	extended_3UTR_DCG_Soc1_w_forward_primer	100.000	54	0	0	1	54	13	66	2.86e-26	98.7
M03997:68:000000000-G35DK:1:2103:23405:20231	extended_3UTR_DCG_Soc1_w_forward_primer	100.000	54	0	0	1	54	83	136	2.86e-26	98.7
M03997:68:000000000-G35DK:1:1104:22884:9012	extended_3UTR_DCG_Soc1_w_forward_primer	100.000	85	0	0	1	85	37	121	7.16e-43	154
M03997:68:000000000-G35DK:1:2103:19087:23388	extended_3UTR_DCG_Soc1_w_forward_primer	100.000	60	0	0	1	60	56	115	1.79e-29	109
M03997:68:000000000-G35DK:1:1102:14704:18245	extended_3UTR_DCG_Soc1_w_forward_primer	100.000	34	0	0	1	34	72	105	1.19e-15	62.6
M03997:68:000000000-G35DK:1:1103:18950:8059	extended_3UTR_DCG_Soc1_w_forward_primer	100.000	106	0	0	1	106	12	117	3.59e-54	192
M03997:68:000000000-G35DK:1:1102:26598:18119	extended_3UTR_DCG_Soc1_w_forward_primer	100.000	126	0	0	1	126	58	183	6.02e-65	228
M03997:68:000000000-G35DK:1:1104:28507:18512	extended_3UTR_DCG_Soc1_w_forward_primer	100.000	20	0	0	1	20	7	26	3.48e-08	37.4
M03997:68:000000000-G35DK:1:1103:11722:16208	extended_3UTR_DCG_Soc1_w_forward_primer	100.000	46	0	0	1	46	97	142	5.34e-22	84.2
M03997:68:000000000-G35DK:1:2101:17188:8892	extended_3UTR_DCG_Soc1_w_forward_primer	100.000	34	0	0	1	34	13	46	1.19e-15	62.6
M03997:68:000000000-G35DK:1:1102:23867:7394	extended_3UTR_DCG_Soc1_w_forward_primer	100.000	62	0	0	1	62	5	66	1.53e-30	113
M03997:68:000000000-G35DK:1:1101:27461:20570	extended_3UTR_DCG_Soc1_w_forward_primer	100.000	48	0	0	1	48	58	105	4.61e-23	87.8
M03997:68:000000000-G35DK:1:1102:28294:17957	extended_3UTR_DCG_Soc1_w_forward_primer	100.000	79	0	0	1	79	13	91	1.19e-39	143
M03997:68:000000000-G35DK:1:1103:12612:16437	extended_3UTR_DCG_Soc1_w_forward_primer	100.000	74	0	0	1	74	37	110	5.74e-37	134
M03997:68:000000000-G35DK:1:2102:9976:22080	extended_3UTR_DCG_Soc1_w_forward_primer	100.000	100	0	0	1	100	54	153	6.17e-51	181
M03997:68:000000000-G35DK:1:1104:24581:14414	extended_3UTR_DCG_Soc1_w_forward_primer	98.592	71	1	0	1	71	13	83	9.89e-34	123
M03997:68:000000000-G35DK:1:2104:25802:21592	extended_3UTR_DCG_Soc1_w_forward_primer	97.619	84	0	1	1	84	20	101	1.56e-38	140
M03997:68:000000000-G35DK:1:2104:24696:24539	extended_3UTR_DCG_Soc1_w_forward_primer	100.000	54	0	0	1	54	52	105	2.86e-26	98.7
M03997:68:000000000-G35DK:1:2102:12490:24522	extended_3UTR_DCG_Soc1_w_forward_primer	95.200	125	4	1	1	123	12	136	3.47e-55	196
M03997:68:000000000-G35DK:1:1103:3114:16673	extended_3UTR_DCG_Soc1_w_forward_primer	100.000	58	0	0	1	58	13	70	2.10e-28	105
M03997:68:000000000-G35DK:1:2103:13001:18241	extended_3UTR_DCG_Soc1_w_forward_primer	100.000	50	0	0	1	50	31	80	3.97e-24	91.5
M03997:68:000000000-G35DK:1:1101:18688:5873	extended_3UTR_DCG_Soc1_w_forward_primer	100.000	18	0	0	1	18	7	24	7.13e-07	33.7
M03997:68:000000000-G35DK:1:2103:16212:19529	extended_3UTR_DCG_Soc1_w_forward_primer	100.000	89	0	0	1	89	19	107	5.08e-45	161
M03997:68:000000000-G35DK:1:2104:27229:11681	extended_3UTR_DCG_Soc1_w_forward_primer	100.000	18	0	0	1	18	7	24	8.24e-07	33.7
M03997:68:000000000-G35DK:1:2101:19612:14746	extended_3UTR_DCG_Soc1_w_forward_primer	100.000	41	0	0	1	41	19	59	2.40e-19	75.2
M03997:68:000000000-G35DK:1:1104:27767:11546	extended_3UTR_DCG_Soc1_w_forward_primer	95.455	44	2	0	1	44	56	99	3.19e-18	71.6
M03997:68:000000000-G35DK:1:2104:14295:25542	extended_3UTR_DCG_Soc1_w_forward_primer	100.000	121	0	0	1	121	13	133	2.98e-62	219
M03997:68:000000000-G35DK:1:1101:27066:15837	extended_3UTR_DCG_Soc1_w_forward_primer	100.000	18	0	0	1	18	7	24	4.41e-06	33.7
M03997:68:000000000-G35DK:1:2102:9045:6210	extended_3UTR_DCG_Soc1_w_forward_primer	100.000	20	0	0	1	20	5	24	2.23e-07	37.4
M03997:68:000000000-G35DK:1:1102:24352:10082	extended_3UTR_DCG_Soc1_w_forward_primer	100.000	18	0	0	1	18	7	24	1.38e-06	33.7
M03997:68:000000000-G35DK:1:2104:11862:16326	extended_3UTR_DCG_Soc1_w_forward_primer	100.000	41	0	0	1	41	5	45	2.40e-19	75.2
M03997:68:000000000-G35DK:1:1102:17715:4855	extended_3UTR_DCG_Soc1_w_forward_primer	100.000	18	0	0	1	18	7	24	7.13e-07	33.7
M03997:68:000000000-G35DK:1:2103:23608:22418	extended_3UTR_DCG_Soc1_w_forward_primer	96.296	54	2	0	1	54	29	82	1.48e-23	89.7
M03997:68:000000000-G35DK:1:2103:4037:16119	extended_3UTR_DCG_Soc1_w_forward_primer	100.000	57	0	0	1	57	8	64	7.17e-28	104
M03997:68:000000000-G35DK:1:1103:8678:17470	extended_3UTR_DCG_Soc1_w_forward_primer	100.000	56	0	0	1	56	50	105	2.45e-27	102
M03997:68:000000000-G35DK:1:2104:22621:20668	extended_3UTR_DCG_Soc1_w_forward_primer	100.000	55	0	0	1	55	10	64	8.37e-27	100
M03997:68:000000000-G35DK:1:2103:21161:22454	extended_3UTR_DCG_Soc1_w_forward_primer	100.000	48	0	0	1	48	123	170	4.84e-23	87.8
M03997:68:000000000-G35DK:1:1101:23476:18800	extended_3UTR_DCG_Soc1_w_forward_primer	100.000	109	0	0	1	109	13	121	8.70e-56	197
M03997:68:000000000-G35DK:1:2101:15620:20027	extended_3UTR_DCG_Soc1_w_forward_primer	100.000	18	0	0	1	18	7	24	1.66e-06	33.7
M03997:68:000000000-G35DK:1:1102:25478:16700	extended_3UTR_DCG_Soc1_w_forward_primer	98.276	58	1	0	1	58	7	64	8.92e-27	100
M03997:68:000000000-G35DK:1:1101:25913:12419	extended_3UTR_DCG_Soc1_w_forward_primer	100.000	128	0	0	1	128	56	183	5.03e-66	232
M03997:68:000000000-G35DK:1:2101:10762:26625	extended_3UTR_DCG_Soc1_w_forward_primer	100.000	69	0	0	1	69	68	136	2.74e-34	125
M03997:68:000000000-G35DK:1:2102:13755:22370	extended_3UTR_DCG_Soc1_w_forward_primer	100.000	48	0	0	1	48	13	60	4.61e-23	87.8
M03997:68:000000000-G35DK:1:2101:14730:21180	extended_3UTR_DCG_Soc1_w_forward_primer	100.000	165	0	0	1	165	13	177	6.36e-86	298
M03997:68:000000000-G35DK:1:1101:15951:7123	extended_3UTR_DCG_Soc1_w_forward_primer	100.000	22	0	0	1	22	5	26	2.85e-09	41.0
M03997:68:000000000-G35DK:1:1103:13730:18067	extended_3UTR_DCG_Soc1_w_forward_primer	98.667	75	1	0	1	75	88	162	3.10e-35	131
M03997:68:000000000-G35DK:1:1104:15561:2236	extended_3UTR_DCG_Soc1_w_forward_primer	76.190	42	5	1	1	42	13	49	2.80e-06	31.9
M03997:68:000000000-G35DK:1:1104:15019:13429	extended_3UTR_DCG_Soc1_w_forward_primer	100.000	66	0	0	1	66	68	133	1.11e-32	120
M03997:68:000000000-G35DK:1:2104:12399:4040	extended_3UTR_DCG_Soc1_w_forward_primer	100.000	21	0	0	101	121	1	21	5.78e-08	39.2
M03997:68:000000000-G35DK:1:1104:15236:15737	extended_3UTR_DCG_Soc1_w_forward_primer	97.674	43	1	0	1	43	54	96	8.88e-19	73.4
M03997:68:000000000-G35DK:1:2101:25093:10145	extended_3UTR_DCG_Soc1_w_forward_primer	93.694	111	6	1	1	110	50	160	1.50e-45	165
M03997:68:000000000-G35DK:1:2101:12669:18334	extended_3UTR_DCG_Soc1_w_forward_primer	98.837	86	1	0	1	86	20	105	3.31e-41	150
M03997:68:000000000-G35DK:1:1104:3294:21146	extended_3UTR_DCG_Soc1_w_forward_primer	100.000	84	0	0	1	84	60	143	2.47e-42	152
M03997:68:000000000-G35DK:1:1104:7218:21427	extended_3UTR_DCG_Soc1_w_forward_primer	100.000	133	0	0	1	133	13	145	1.01e-68	241
M03997:68:000000000-G35DK:1:2103:13949:9416	extended_3UTR_DCG_Soc1_w_forward_primer	100.000	91	0	0	1	91	15	105	4.27e-46	165
M03997:68:000000000-G35DK:1:2101:18549:28962	extended_3UTR_DCG_Soc1_w_forward_primer	100.000	19	0	0	1	19	144	162	1.83e-06	35.6
M03997:68:000000000-G35DK:1:1102:20352:7479	extended_3UTR_DCG_Soc1_w_forward_primer	100.000	81	0	0	1	81	39	119	1.01e-40	147
M03997:68:000000000-G35DK:1:2103:10401:24813	extended_3UTR_DCG_Soc1_w_forward_primer	100.000	112	0	0	1	112	10	121	2.11e-57	203
M03997:68:000000000-G35DK:1:2102:20127:7599	extended_3UTR_DCG_Soc1_w_forward_primer	100.000	31	0	0	53	83	1	31	1.44e-13	57.2
M03997:68:000000000-G35DK:1:2104:23662:16758	extended_3UTR_DCG_Soc1_w_forward_primer	98.413	63	1	0	1	63	18	80	1.90e-29	109
M03997:68:000000000-G35DK:1:2101:9804:16151	extended_3UTR_DCG_Soc1_w_forward_primer	100.000	20	0	0	1	20	130	149	5.25e-07	37.4
M03997:68:000000000-G35DK:1:2101:26839:12122	extended_3UTR_DCG_Soc1_w_forward_primer	100.000	73	0	0	1	73	19	91	1.97e-36	132
M03997:68:000000000-G35DK:1:2102:12650:22360	extended_3UTR_DCG_Soc1_w_forward_primer	100.000	117	0	0	1	117	13	129	4.35e-60	212
M03997:68:000000000-G35DK:1:1104:13647:5253	extended_3UTR_DCG_Soc1_w_forward_primer	100.000	135	0	0	1	135	15	149	1.95e-69	244
M03997:68:000000000-G35DK:1:1104:14780:23712	extended_3UTR_DCG_Soc1_w_forward_primer	100.000	69	0	0	1	69	37	105	2.74e-34	125
M03997:68:000000000-G35DK:1:1103:28305:15603	extended_3UTR_DCG_Soc1_w_forward_primer	100.000	64	0	0	1	64	58	121	1.30e-31	116
M03997:68:000000000-G35DK:1:1103:12579:21272	extended_3UTR_DCG_Soc1_w_forward_primer	100.000	79	0	0	1	79	13	91	1.19e-39	143
M03997:68:000000000-G35DK:1:1102:15230:14227	extended_3UTR_DCG_Soc1_w_forward_primer	98.413	63	1	0	1	63	52	114	1.90e-29	109
M03997:68:000000000-G35DK:1:1102:22270:23247	extended_3UTR_DCG_Soc1_w_forward_primer	98.333	60	1	0	1	60	56	115	7.62e-28	104
M03997:68:000000000-G35DK:1:2104:10934:8956	extended_3UTR_DCG_Soc1_w_forward_primer	100.000	84	0	0	1	84	37	120	3.02e-42	152
M03997:68:000000000-G35DK:1:2104:13607:9728	extended_3UTR_DCG_Soc1_w_forward_primer	100.000	40	0	0	1	40	97	136	8.12e-19	73.4
M03997:68:000000000-G35DK:1:1103:13172:13567	extended_3UTR_DCG_Soc1_w_forward_primer	98.750	80	1	0	1	80	26	105	1.47e-38	140
M03997:68:000000000-G35DK:1:2101:2280:12313	extended_3UTR_DCG_Soc1_w_forward_primer	100.000	28	0	0	1	28	125	152	1.66e-12	51.8
M03997:68:000000000-G35DK:1:1102:26839:8893	extended_3UTR_DCG_Soc1_w_forward_primer	100.000	93	0	0	1	93	20	112	3.59e-47	168
M03997:68:000000000-G35DK:1:1101:17975:27012	extended_3UTR_DCG_Soc1_w_forward_primer	100.000	21	0	0	40	60	1	21	2.66e-08	39.2
M03997:68:000000000-G35DK:1:1101:20895:6589	extended_3UTR_DCG_Soc1_w_forward_primer	100.000	73	0	0	1	73	19	91	1.97e-36	132
M03997:68:000000000-G35DK:1:2103:19900:19407	extended_3UTR_DCG_Soc1_w_forward_primer	97.561	82	0	1	1	80	31	112	1.80e-37	136
M03997:68:000000000-G35DK:1:1103:9109:12335	extended_3UTR_DCG_Soc1_w_forward_primer	100.000	115	0	0	1	115	62	176	5.10e-59	208
M03997:68:000000000-G35DK:1:2104:6060:12985	extended_3UTR_DCG_Soc1_w_forward_primer	100.000	75	0	0	1	75	31	105	1.67e-37	136
M03997:68:000000000-G35DK:1:2101:22473:19902	extended_3UTR_DCG_Soc1_w_forward_primer	98.000	50	1	0	1	50	13	62	1.69e-22	86.0
M03997:68:000000000-G35DK:1:1102:21317:5604	extended_3UTR_DCG_Soc1_w_forward_primer	100.000	60	0	0	1	60	7	66	1.79e-29	109
M03997:68:000000000-G35DK:1:2103:6898:16258	extended_3UTR_DCG_Soc1_w_forward_primer	96.667	30	1	0	4	33	16	45	7.24e-12	50.0
M03997:68:000000000-G35DK:1:1101:26412:18650	extended_3UTR_DCG_Soc1_w_forward_primer	100.000	30	0	0	1	30	119	148	1.50e-13	55.4
M03997:68:000000000-G35DK:1:2102:13630:12060	extended_3UTR_DCG_Soc1_w_forward_primer	100.000	38	0	0	1	38	19	56	9.28e-18	69.8
M03997:68:000000000-G35DK:1:1101:22309:18353	extended_3UTR_DCG_Soc1_w_forward_primer	100.000	34	0	0	1	34	13	46	1.19e-15	62.6
M03997:68:000000000-G35DK:1:1104:18463:24050	extended_3UTR_DCG_Soc1_w_forward_primer	100.000	80	0	0	1	80	74	153	4.25e-40	145
M03997:68:000000000-G35DK:1:2103:27902:20015	extended_3UTR_DCG_Soc1_w_forward_primer	100.000	86	0	0	1	86	58	143	2.08e-43	156
M03997:68:000000000-G35DK:1:2101:13294:18380	extended_3UTR_DCG_Soc1_w_forward_primer	100.000	72	0	0	1	72	83	154	3.10e-35	131
M03997:68:000000000-G35DK:1:2102:17018:6720	extended_3UTR_DCG_Soc1_w_forward_primer	96.203	79	1	1	1	77	13	91	8.91e-35	127
M03997:68:000000000-G35DK:1:2102:9356:7544	extended_3UTR_DCG_Soc1_w_forward_primer	100.000	18	0	0	1	18	7	24	9.13e-07	33.7
M03997:68:000000000-G35DK:1:1101:6335:18326	extended_3UTR_DCG_Soc1_w_forward_primer	100.000	104	0	0	1	104	12	115	4.28e-53	188
M03997:68:000000000-G35DK:1:1103:20002:10747	extended_3UTR_DCG_Soc1_w_forward_primer	98.261	115	0	1	1	113	29	143	3.16e-55	196
M03997:68:000000000-G35DK:1:2101:18108:26567	extended_3UTR_DCG_Soc1_w_forward_primer	100.000	58	0	0	1	58	13	70	2.10e-28	105
M03997:68:000000000-G35DK:1:2102:22780:19409	extended_3UTR_DCG_Soc1_w_forward_primer	100.000	72	0	0	1	72	31	102	6.77e-36	131
M03997:68:000000000-G35DK:1:2103:21688:19633	extended_3UTR_DCG_Soc1_w_forward_primer	100.000	81	0	0	1	81	13	93	1.01e-40	147
M03997:68:000000000-G35DK:1:1101:13343:10380	extended_3UTR_DCG_Soc1_w_forward_primer	96.970	66	0	1	1	64	37	102	6.75e-29	107
M03997:68:000000000-G35DK:1:2101:21931:10836	extended_3UTR_DCG_Soc1_w_forward_primer	100.000	101	0	0	1	101	54	154	2.07e-51	183
M03997:68:000000000-G35DK:1:1104:25073:7878	extended_3UTR_DCG_Soc1_w_forward_primer	100.000	85	0	0	1	85	37	121	7.16e-43	154
M03997:68:000000000-G35DK:1:1103:25348:15613	extended_3UTR_DCG_Soc1_w_forward_primer	76.190	42	5	1	1	42	13	49	5.89e-06	31.9
M03997:68:000000000-G35DK:1:2103:6722:10004	extended_3UTR_DCG_Soc1_w_forward_primer	99.225	129	1	0	1	129	48	176	6.18e-65	228
M03997:68:000000000-G35DK:1:1104:23310:15204	extended_3UTR_DCG_Soc1_w_forward_primer	100.000	48	0	0	1	48	74	121	4.61e-23	87.8
M03997:68:000000000-G35DK:1:2102:17241:6439	extended_3UTR_DCG_Soc1_w_forward_primer	100.000	77	0	0	1	77	107	183	1.41e-38	140
M03997:68:000000000-G35DK:1:1103:18474:11310	extended_3UTR_DCG_Soc1_w_forward_primer	100.000	30	0	0	1	30	5	34	1.50e-13	55.4
M03997:68:000000000-G35DK:1:2101:19827:12844	extended_3UTR_DCG_Soc1_w_forward_primer	100.000	68	0	0	1	68	54	121	9.41e-34	123
M03997:68:000000000-G35DK:1:1101:20131:24790	extended_3UTR_DCG_Soc1_w_forward_primer	100.000	68	0	0	1	68	13	80	9.41e-34	123
M03997:68:000000000-G35DK:1:2104:21368:14597	extended_3UTR_DCG_Soc1_w_forward_primer	100.000	39	0	0	1	39	7	45	2.75e-18	71.6
M03997:68:000000000-G35DK:1:2101:26057:12683	extended_3UTR_DCG_Soc1_w_forward_primer	100.000	20	0	0	1	20	7	26	4.02e-08	37.4
M03997:68:000000000-G35DK:1:2101:21498:19611	extended_3UTR_DCG_Soc1_w_forward_primer	100.000	74	0	0	1	74	37	110	5.74e-37	134
M03997:68:000000000-G35DK:1:1104:4897:12740	extended_3UTR_DCG_Soc1_w_forward_primer	100.000	130	0	0	1	130	31	160	5.21e-67	235
M03997:68:000000000-G35DK:1:2103:11647:23657	extended_3UTR_DCG_Soc1_w_forward_primer	100.000	34	0	0	1	34	74	107	1.19e-15	62.6
M03997:68:000000000-G35DK:1:2103:20559:10250	extended_3UTR_DCG_Soc1_w_forward_primer	100.000	103	0	0	1	103	5	107	1.48e-52	187
M03997:68:000000000-G35DK:1:2104:14541:24573	extended_3UTR_DCG_Soc1_w_forward_primer	100.000	33	0	0	1	33	83	115	4.00e-15	60.8
M03997:68:000000000-G35DK:1:1104:4608:17568	extended_3UTR_DCG_Soc1_w_forward_primer	100.000	54	0	0	1	54	62	115	2.86e-26	98.7
M03997:68:000000000-G35DK:1:1103:16878:7189	extended_3UTR_DCG_Soc1_w_forward_primer	79.167	48	5	1	1	48	7	49	3.21e-09	42.8
M03997:68:000000000-G35DK:1:1104:12124:14419	extended_3UTR_DCG_Soc1_w_forward_primer	100.000	31	0	0	1	31	125	155	5.61e-13	57.2
M03997:68:000000000-G35DK:1:1104:13639:16126	extended_3UTR_DCG_Soc1_w_forward_primer	100.000	61	0	0	1	61	50	110	5.24e-30	111
M03997:68:000000000-G35DK:1:1104:10357:7779	extended_3UTR_DCG_Soc1_w_forward_primer	100.000	69	0	0	1	69	13	81	2.74e-34	125
M03997:68:000000000-G35DK:1:1104:10661:9562	extended_3UTR_DCG_Soc1_w_forward_primer	97.468	79	2	0	1	79	13	91	6.18e-37	134
M03997:68:000000000-G35DK:1:2102:18803:8260	extended_3UTR_DCG_Soc1_w_forward_primer	98.913	92	1	0	1	92	19	110	5.27e-45	161
M03997:68:000000000-G35DK:1:1101:4120:15102	extended_3UTR_DCG_Soc1_w_forward_primer	100.000	78	0	0	1	78	66	143	4.10e-39	141
M03997:68:000000000-G35DK:1:1101:11356:5574	extended_3UTR_DCG_Soc1_w_forward_primer	100.000	21	0	0	80	100	1	21	4.75e-08	39.2
M03997:68:000000000-G35DK:1:1103:20890:13027	extended_3UTR_DCG_Soc1_w_forward_primer	100.000	52	0	0	1	52	13	64	3.33e-25	95.1
M03997:68:000000000-G35DK:1:1102:13670:8619	extended_3UTR_DCG_Soc1_w_forward_primer	100.000	18	0	0	1	18	7	24	1.66e-06	33.7
M03997:68:000000000-G35DK:1:1102:11962:3749	extended_3UTR_DCG_Soc1_w_forward_primer	100.000	93	0	0	1	93	23	115	3.59e-47	168
M03997:68:000000000-G35DK:1:1101:4322:17398	extended_3UTR_DCG_Soc1_w_forward_primer	100.000	18	0	0	1	18	7	24	1.49e-06	33.7
M03997:68:000000000-G35DK:1:2104:12310:7793	extended_3UTR_DCG_Soc1_w_forward_primer	100.000	56	0	0	1	56	23	78	2.45e-27	102
M03997:68:000000000-G35DK:1:1101:12682:12724	extended_3UTR_DCG_Soc1_w_forward_primer	100.000	34	0	0	1	34	75	108	1.19e-15	62.6
M03997:68:000000000-G35DK:1:1104:28065:18273	extended_3UTR_DCG_Soc1_w_forward_primer	100.000	17	0	0	1	17	8	24	1.63e-06	31.9
M03997:68:000000000-G35DK:1:2103:14291:14648	extended_3UTR_DCG_Soc1_w_forward_primer	100.000	20	0	0	1	20	5	24	1.53e-07	37.4
M03997:68:000000000-G35DK:1:2101:11131:22715	extended_3UTR_DCG_Soc1_w_forward_primer	100.000	130	0	0	1	130	7	136	4.20e-67	235
M03997:68:000000000-G35DK:1:1103:10638:2716	extended_3UTR_DCG_Soc1_w_forward_primer	100.000	52	0	0	1	52	5	56	3.33e-25	95.1
M03997:68:000000000-G35DK:1:2103:16304:10383	extended_3UTR_DCG_Soc1_w_forward_primer	100.000	17	0	0	1	17	8	24	9.04e-06	31.9
M03997:68:000000000-G35DK:1:1103:3979:11483	extended_3UTR_DCG_Soc1_w_forward_primer	100.000	54	0	0	1	54	62	115	2.86e-26	98.7
M03997:68:000000000-G35DK:1:2102:13822:17265	extended_3UTR_DCG_Soc1_w_forward_primer	96.154	78	1	1	1	76	5	82	3.06e-34	125
M03997:68:000000000-G35DK:1:1102:21539:12751	extended_3UTR_DCG_Soc1_w_forward_primer	100.000	18	0	0	1	18	7	24	6.46e-07	33.7
M03997:68:000000000-G35DK:1:1101:17996:10505	extended_3UTR_DCG_Soc1_w_forward_primer	100.000	55	0	0	1	55	56	110	8.37e-27	100
M03997:68:000000000-G35DK:1:1103:28079:12307	extended_3UTR_DCG_Soc1_w_forward_primer	100.000	20	0	0	1	20	7	26	6.21e-08	37.4
M03997:68:000000000-G35DK:1:2104:26673:8528	extended_3UTR_DCG_Soc1_w_forward_primer	100.000	21	0	0	1	21	5	25	1.05e-08	39.2
M03997:68:000000000-G35DK:1:2102:14192:10096	extended_3UTR_DCG_Soc1_w_forward_primer	100.000	18	0	0	1	18	7	24	1.29e-06	33.7
M03997:68:000000000-G35DK:1:2101:20230:21338	extended_3UTR_DCG_Soc1_w_forward_primer	100.000	64	0	0	1	64	37	100	1.30e-31	116
M03997:68:000000000-G35DK:1:1104:7399:16329	extended_3UTR_DCG_Soc1_w_forward_primer	100.000	66	0	0	1	66	26	91	1.11e-32	120
M03997:68:000000000-G35DK:1:2102:27729:18145	extended_3UTR_DCG_Soc1_w_forward_primer	100.000	77	0	0	1	77	23	99	1.41e-38	140
M03997:68:000000000-G35DK:1:1101:15127:13722	extended_3UTR_DCG_Soc1_w_forward_primer	100.000	22	0	0	1	22	5	26	6.30e-09	41.0
M03997:68:000000000-G35DK:1:2104:18901:12668	extended_3UTR_DCG_Soc1_w_forward_primer	94.898	98	1	1	1	94	13	110	8.01e-43	154
M03997:68:000000000-G35DK:1:2101:10363:19477	extended_3UTR_DCG_Soc1_w_forward_primer	100.000	18	0	0	1	18	7	24	1.66e-06	33.7
M03997:68:000000000-G35DK:1:2102:18551:19144	extended_3UTR_DCG_Soc1_w_forward_primer	100.000	18	0	0	1	18	7	24	1.82e-06	33.7
M03997:68:000000000-G35DK:1:2102:16509:3409	extended_3UTR_DCG_Soc1_w_forward_primer	100.000	50	0	0	1	50	58	107	3.97e-24	91.5
M03997:68:000000000-G35DK:1:1104:27957:21591	extended_3UTR_DCG_Soc1_w_forward_primer	98.889	90	1	0	1	90	26	115	6.26e-44	158
M03997:68:000000000-G35DK:1:2103:21113:5833	extended_3UTR_DCG_Soc1_w_forward_primer	100.000	35	0	0	1	35	99	133	3.55e-16	64.4
M03997:68:000000000-G35DK:1:1103:27736:11913	extended_3UTR_DCG_Soc1_w_forward_primer	100.000	103	0	0	1	103	13	115	1.48e-52	187
M03997:68:000000000-G35DK:1:1101:15611:9605	extended_3UTR_DCG_Soc1_w_forward_primer	100.000	21	0	0	38	58	1	21	2.56e-08	39.2
M03997:68:000000000-G35DK:1:2104:19191:13205	extended_3UTR_DCG_Soc1_w_forward_primer	98.214	56	1	0	1	56	13	68	1.04e-25	96.9
M03997:68:000000000-G35DK:1:1102:24438:19344	extended_3UTR_DCG_Soc1_w_forward_primer	99.048	105	1	0	1	105	54	158	5.27e-52	185
M03997:68:000000000-G35DK:1:1101:20090:3179	extended_3UTR_DCG_Soc1_w_forward_primer	100.000	54	0	0	1	54	13	66	2.86e-26	98.7
M03997:68:000000000-G35DK:1:2102:11875:20158	extended_3UTR_DCG_Soc1_w_forward_primer	100.000	117	0	0	1	117	13	129	4.27e-60	212
M03997:68:000000000-G35DK:1:2104:8267:24104	extended_3UTR_DCG_Soc1_w_forward_primer	100.000	20	0	0	1	20	7	26	7.31e-08	37.4
M03997:68:000000000-G35DK:1:1101:19506:26233	extended_3UTR_DCG_Soc1_w_forward_primer	100.000	39	0	0	1	39	7	45	2.75e-18	71.6
M03997:68:000000000-G35DK:1:2104:19309:13508	extended_3UTR_DCG_Soc1_w_forward_primer	97.826	46	1	0	1	46	37	82	2.27e-20	78.8
M03997:68:000000000-G35DK:1:2104:15840:8604	extended_3UTR_DCG_Soc1_w_forward_primer	100.000	99	0	0	1	99	29	127	6.82e-50	179
M03997:68:000000000-G35DK:1:2104:28355:14318	extended_3UTR_DCG_Soc1_w_forward_primer	100.000	49	0	0	4	52	12	60	1.42e-23	89.7
M03997:68:000000000-G35DK:1:1104:16889:13836	extended_3UTR_DCG_Soc1_w_forward_primer	100.000	107	0	0	1	107	15	121	1.04e-54	194
M03997:68:000000000-G35DK:1:1101:14285:23510	extended_3UTR_DCG_Soc1_w_forward_primer	98.000	150	3	0	1	150	50	199	3.09e-73	257
M03997:68:000000000-G35DK:1:2101:14487:14919	extended_3UTR_DCG_Soc1_w_forward_primer	100.000	52	0	0	1	52	64	115	3.33e-25	95.1
M03997:68:000000000-G35DK:1:1102:24571:20354	extended_3UTR_DCG_Soc1_w_forward_primer	97.619	42	1	0	1	42	13	54	3.01e-18	71.6
M03997:68:000000000-G35DK:1:2104:24184:13856	extended_3UTR_DCG_Soc1_w_forward_primer	100.000	98	0	0	1	98	13	110	7.35e-50	178
M03997:68:000000000-G35DK:1:1104:17918:16980	extended_3UTR_DCG_Soc1_w_forward_primer	96.154	52	2	0	1	52	31	82	1.72e-22	86.0
M03997:68:000000000-G35DK:1:1101:26148:19555	extended_3UTR_DCG_Soc1_w_forward_primer	98.592	71	1	0	1	71	37	107	9.89e-34	123
M03997:68:000000000-G35DK:1:1101:24331:23489	extended_3UTR_DCG_Soc1_w_forward_primer	100.000	20	0	0	1	20	7	26	1.67e-07	37.4
M03997:68:000000000-G35DK:1:2102:8910:25543	extended_3UTR_DCG_Soc1_w_forward_primer	100.000	84	0	0	1	84	24	107	2.47e-42	152
M03997:68:000000000-G35DK:1:1103:11616:13971	extended_3UTR_DCG_Soc1_w_forward_primer	100.000	21	0	0	1	21	5	25	5.88e-08	39.2
M03997:68:000000000-G35DK:1:2104:6883:14761	extended_3UTR_DCG_Soc1_w_forward_primer	93.651	63	0	1	1	59	29	91	3.87e-25	95.1
M03997:68:000000000-G35DK:1:1102:23622:8764	extended_3UTR_DCG_Soc1_w_forward_primer	100.000	28	0	0	1	28	31	58	1.66e-12	51.8
M03997:68:000000000-G35DK:1:1104:16827:20377	extended_3UTR_DCG_Soc1_w_forward_primer	100.000	20	0	0	1	20	7	26	9.84e-08	37.4
M03997:68:000000000-G35DK:1:2102:18778:21284	extended_3UTR_DCG_Soc1_w_forward_primer	100.000	86	0	0	1	86	56	141	2.08e-43	156
M03997:68:000000000-G35DK:1:1103:16219:6425	extended_3UTR_DCG_Soc1_w_forward_primer	100.000	24	0	0	89	112	1	24	1.27e-09	44.6
M03997:68:000000000-G35DK:1:2103:10419:2570	extended_3UTR_DCG_Soc1_w_forward_primer	98.824	85	1	0	1	85	31	115	3.04e-41	149
M03997:68:000000000-G35DK:1:2104:5139:10706	extended_3UTR_DCG_Soc1_w_forward_primer	100.000	38	0	0	1	38	21	58	9.28e-18	69.8
M03997:68:000000000-G35DK:1:2102:10646:6589	extended_3UTR_DCG_Soc1_w_forward_primer	100.000	64	0	0	1	64	19	82	1.30e-31	116
M03997:68:000000000-G35DK:1:1104:10862:16816	extended_3UTR_DCG_Soc1_w_forward_primer	100.000	62	0	0	1	62	21	82	1.53e-30	113
M03997:68:000000000-G35DK:1:2104:13509:6621	extended_3UTR_DCG_Soc1_w_forward_primer	100.000	74	0	0	1	74	48	121	5.74e-37	134
M03997:68:000000000-G35DK:1:2102:14417:18303	extended_3UTR_DCG_Soc1_w_forward_primer	100.000	28	0	0	1	28	8	35	1.66e-12	51.8
M03997:68:000000000-G35DK:1:2101:9424:19264	extended_3UTR_DCG_Soc1_w_forward_primer	100.000	57	0	0	1	57	56	112	7.17e-28	104
M03997:68:000000000-G35DK:1:2104:5392:23500	extended_3UTR_DCG_Soc1_w_forward_primer	100.000	53	0	0	1	53	12	64	9.76e-26	96.9
M03997:68:000000000-G35DK:1:2102:5965:24426	extended_3UTR_DCG_Soc1_w_forward_primer	98.261	115	0	1	1	113	13	127	3.16e-55	196
M03997:68:000000000-G35DK:1:2101:16432:6575	extended_3UTR_DCG_Soc1_w_forward_primer	100.000	18	0	0	1	18	8	25	2.99e-06	33.7
M03997:68:000000000-G35DK:1:1104:21797:12035	extended_3UTR_DCG_Soc1_w_forward_primer	100.000	61	0	0	1	61	50	110	5.24e-30	111
M03997:68:000000000-G35DK:1:2104:23558:10379	extended_3UTR_DCG_Soc1_w_forward_primer	100.000	65	0	0	1	65	50	114	3.80e-32	118
M03997:68:000000000-G35DK:1:1104:4371:17759	extended_3UTR_DCG_Soc1_w_forward_primer	98.837	86	1	0	1	86	56	141	8.84e-42	150
M03997:68:000000000-G35DK:1:1104:23391:6878	extended_3UTR_DCG_Soc1_w_forward_primer	100.000	30	0	0	1	30	31	60	1.50e-13	55.4
M03997:68:000000000-G35DK:1:1103:27580:20179	extended_3UTR_DCG_Soc1_w_forward_primer	100.000	79	0	0	1	79	13	91	1.19e-39	143
M03997:68:000000000-G35DK:1:2103:9729:21037	extended_3UTR_DCG_Soc1_w_forward_primer	100.000	101	0	0	1	101	21	121	1.76e-51	183
M03997:68:000000000-G35DK:1:2102:12482:25850	extended_3UTR_DCG_Soc1_w_forward_primer	96.429	56	0	1	1	54	46	101	1.48e-23	89.7
M03997:68:000000000-G35DK:1:1102:7894:19763	extended_3UTR_DCG_Soc1_w_forward_primer	100.000	16	0	0	16	31	9	24	9.49e-06	30.1
M03997:68:000000000-G35DK:1:1103:6611:14844	extended_3UTR_DCG_Soc1_w_forward_primer	100.000	85	0	0	1	85	37	121	7.16e-43	154
M03997:68:000000000-G35DK:1:2104:22041:26589	extended_3UTR_DCG_Soc1_w_forward_primer	98.113	53	1	0	1	53	56	108	4.15e-24	91.5
M03997:68:000000000-G35DK:1:2102:14725:7956	extended_3UTR_DCG_Soc1_w_forward_primer	100.000	17	0	0	1	17	8	24	1.63e-06	31.9
M03997:68:000000000-G35DK:1:1103:16897:26014	extended_3UTR_DCG_Soc1_w_forward_primer	100.000	109	0	0	1	109	13	121	8.70e-56	197
M03997:68:000000000-G35DK:1:1103:10372:22138	extended_3UTR_DCG_Soc1_w_forward_primer	100.000	42	0	0	1	42	102	143	7.08e-20	77.0
M03997:68:000000000-G35DK:1:1102:13558:12691	extended_3UTR_DCG_Soc1_w_forward_primer	100.000	52	0	0	1	52	5	56	3.33e-25	95.1
M03997:68:000000000-G35DK:1:2101:14600:22663	extended_3UTR_DCG_Soc1_w_forward_primer	100.000	65	0	0	1	65	72	136	3.80e-32	118
M03997:68:000000000-G35DK:1:1102:8056:15247	extended_3UTR_DCG_Soc1_w_forward_primer	100.000	157	0	0	1	157	12	168	1.13e-81	284
M03997:68:000000000-G35DK:1:1101:13988:6698	extended_3UTR_DCG_Soc1_w_forward_primer	100.000	103	0	0	1	103	13	115	1.48e-52	187
M03997:68:000000000-G35DK:1:1104:20223:11453	extended_3UTR_DCG_Soc1_w_forward_primer	100.000	18	0	0	1	18	7	24	2.92e-06	33.7
M03997:68:000000000-G35DK:1:1104:17938:15545	extended_3UTR_DCG_Soc1_w_forward_primer	100.000	24	0	0	31	54	1	24	5.77e-10	44.6
M03997:68:000000000-G35DK:1:1104:21935:9470	extended_3UTR_DCG_Soc1_w_forward_primer	98.193	166	3	0	1	166	34	199	3.66e-82	286
M03997:68:000000000-G35DK:1:2104:21451:13264	extended_3UTR_DCG_Soc1_w_forward_primer	100.000	42	0	0	1	42	13	54	7.08e-20	77.0
M03997:68:000000000-G35DK:1:2101:27900:20825	extended_3UTR_DCG_Soc1_w_forward_primer	100.000	19	0	0	1	19	8	26	1.72e-07	35.6
M03997:68:000000000-G35DK:1:2104:10799:15617	extended_3UTR_DCG_Soc1_w_forward_primer	100.000	18	0	0	1	18	7	24	6.90e-07	33.7
M03997:68:000000000-G35DK:1:2101:27679:19193	extended_3UTR_DCG_Soc1_w_forward_primer	100.000	31	0	0	1	31	7	37	4.49e-14	57.2
M03997:68:000000000-G35DK:1:1101:18008:12230	extended_3UTR_DCG_Soc1_w_forward_primer	100.000	41	0	0	1	41	5	45	2.40e-19	75.2
M03997:68:000000000-G35DK:1:2102:6354:12138	extended_3UTR_DCG_Soc1_w_forward_primer	100.000	51	0	0	1	51	107	157	1.13e-24	93.3
M03997:68:000000000-G35DK:1:2102:25531:11086	extended_3UTR_DCG_Soc1_w_forward_primer	100.000	44	0	0	1	44	62	105	6.16e-21	80.6
M03997:68:000000000-G35DK:1:2102:9223:20096	extended_3UTR_DCG_Soc1_w_forward_primer	100.000	95	0	0	1	95	21	115	3.02e-48	172
M03997:68:000000000-G35DK:1:1103:16365:14532	extended_3UTR_DCG_Soc1_w_forward_primer	100.000	41	0	0	1	41	75	115	2.40e-19	75.2
M03997:68:000000000-G35DK:1:2101:27305:10542	extended_3UTR_DCG_Soc1_w_forward_primer	100.000	18	0	0	1	18	7	24	4.90e-07	33.7
M03997:68:000000000-G35DK:1:1103:8420:8428	extended_3UTR_DCG_Soc1_w_forward_primer	100.000	17	0	0	1	17	8	24	7.88e-06	31.9
M03997:68:000000000-G35DK:1:1104:25497:16693	extended_3UTR_DCG_Soc1_w_forward_primer	100.000	66	0	0	1	66	56	121	1.11e-32	120
M03997:68:000000000-G35DK:1:2101:7987:20599	extended_3UTR_DCG_Soc1_w_forward_primer	100.000	103	0	0	1	103	39	141	1.48e-52	187
M03997:68:000000000-G35DK:1:2103:23140:12511	extended_3UTR_DCG_Soc1_w_forward_primer	100.000	54	0	0	1	54	13	66	2.86e-26	98.7
M03997:68:000000000-G35DK:1:1103:25815:19323	extended_3UTR_DCG_Soc1_w_forward_primer	100.000	17	0	0	1	17	8	24	1.63e-06	31.9
M03997:68:000000000-G35DK:1:1103:3961:9149	extended_3UTR_DCG_Soc1_w_forward_primer	97.727	88	2	0	1	88	13	100	9.07e-42	150
M03997:68:000000000-G35DK:1:1103:20937:12201	extended_3UTR_DCG_Soc1_w_forward_primer	100.000	67	0	0	1	67	56	122	3.23e-33	122
M03997:68:000000000-G35DK:1:1101:22823:16721	extended_3UTR_DCG_Soc1_w_forward_primer	100.000	18	0	0	1	18	7	24	8.24e-07	33.7
M03997:68:000000000-G35DK:1:1102:24985:20363	extended_3UTR_DCG_Soc1_w_forward_primer	100.000	52	0	0	1	52	113	164	3.33e-25	95.1
M03997:68:000000000-G35DK:1:2103:26101:9650	extended_3UTR_DCG_Soc1_w_forward_primer	100.000	68	0	0	1	68	13	80	9.41e-34	123
M03997:68:000000000-G35DK:1:1104:6111:14162	extended_3UTR_DCG_Soc1_w_forward_primer	100.000	19	0	0	1	19	56	74	7.68e-08	35.6
M03997:68:000000000-G35DK:1:1103:7370:13579	extended_3UTR_DCG_Soc1_w_forward_primer	100.000	33	0	0	1	33	74	106	4.00e-15	60.8
M03997:68:000000000-G35DK:1:1103:11610:4166	extended_3UTR_DCG_Soc1_w_forward_primer	100.000	86	0	0	1	86	21	106	2.08e-43	156
M03997:68:000000000-G35DK:1:1101:20374:8005	extended_3UTR_DCG_Soc1_w_forward_primer	100.000	20	0	0	1	20	5	24	9.84e-08	37.4
M03997:68:000000000-G35DK:1:2101:18419:9319	extended_3UTR_DCG_Soc1_w_forward_primer	99.038	104	1	0	1	104	54	157	1.82e-51	183
M03997:68:000000000-G35DK:1:1103:23123:22093	extended_3UTR_DCG_Soc1_w_forward_primer	100.000	30	0	0	1	30	113	142	1.50e-13	55.4
M03997:68:000000000-G35DK:1:2104:15550:21632	extended_3UTR_DCG_Soc1_w_forward_primer	100.000	27	0	0	1	27	11	37	5.50e-12	50.0
M03997:68:000000000-G35DK:1:2104:7979:17030	extended_3UTR_DCG_Soc1_w_forward_primer	100.000	63	0	0	1	63	50	112	4.46e-31	114
M03997:68:000000000-G35DK:1:2101:16322:19161	extended_3UTR_DCG_Soc1_w_forward_primer	98.529	68	1	0	1	68	13	80	4.00e-32	118
M03997:68:000000000-G35DK:1:2103:10279:8136	extended_3UTR_DCG_Soc1_w_forward_primer	100.000	20	0	0	1	20	7	26	5.25e-07	37.4
M03997:68:000000000-G35DK:1:1103:20425:12411	extended_3UTR_DCG_Soc1_w_forward_primer	100.000	93	0	0	1	93	10	102	3.59e-47	168
M03997:68:000000000-G35DK:1:2102:18312:7759	extended_3UTR_DCG_Soc1_w_forward_primer	100.000	53	0	0	1	53	58	110	9.76e-26	96.9
M03997:68:000000000-G35DK:1:1103:22440:27506	extended_3UTR_DCG_Soc1_w_forward_primer	100.000	63	0	0	1	63	29	91	4.46e-31	114
M03997:68:000000000-G35DK:1:1101:24638:12609	extended_3UTR_DCG_Soc1_w_forward_primer	100.000	49	0	0	1	49	54	102	1.35e-23	89.7
M03997:68:000000000-G35DK:1:2103:18005:14725	extended_3UTR_DCG_Soc1_w_forward_primer	100.000	96	0	0	1	96	31	126	8.75e-49	174
M03997:68:000000000-G35DK:1:2103:21073:18989	extended_3UTR_DCG_Soc1_w_forward_primer	100.000	83	0	0	1	83	12	94	8.49e-42	150
M03997:68:000000000-G35DK:1:2104:18877:19760	extended_3UTR_DCG_Soc1_w_forward_primer	100.000	19	0	0	1	19	6	24	2.04e-07	35.6
M03997:68:000000000-G35DK:1:1102:26145:23061	extended_3UTR_DCG_Soc1_w_forward_primer	100.000	17	0	0	1	17	10	26	1.63e-06	31.9
M03997:68:000000000-G35DK:1:1104:12039:22456	extended_3UTR_DCG_Soc1_w_forward_primer	100.000	30	0	0	1	30	13	42	1.50e-13	55.4
M03997:68:000000000-G35DK:1:2102:12690:13026	extended_3UTR_DCG_Soc1_w_forward_primer	98.925	93	1	0	1	93	13	105	1.53e-45	163
M03997:68:000000000-G35DK:1:2101:21213:10952	extended_3UTR_DCG_Soc1_w_forward_primer	100.000	43	0	0	1	43	149	191	2.50e-20	78.8
M03997:68:000000000-G35DK:1:1101:25166:16097	extended_3UTR_DCG_Soc1_w_forward_primer	100.000	95	0	0	1	95	27	121	3.02e-48	172
M03997:68:000000000-G35DK:1:2104:14181:26944	extended_3UTR_DCG_Soc1_w_forward_primer	100.000	21	0	0	45	65	1	21	2.92e-08	39.2
M03997:68:000000000-G35DK:1:1104:10978:9606	extended_3UTR_DCG_Soc1_w_forward_primer	100.000	65	0	0	1	65	48	112	3.80e-32	118
M03997:68:000000000-G35DK:1:1103:16935:2108	extended_3UTR_DCG_Soc1_w_forward_primer	100.000	44	0	0	1	44	64	107	6.16e-21	80.6
M03997:68:000000000-G35DK:1:1104:20095:12798	extended_3UTR_DCG_Soc1_w_forward_primer	98.039	51	1	0	1	51	88	138	4.83e-23	87.8
M03997:68:000000000-G35DK:1:1102:17020:7393	extended_3UTR_DCG_Soc1_w_forward_primer	99.200	125	1	0	1	125	13	137	8.86e-63	221
M03997:68:000000000-G35DK:1:1101:5793:18076	extended_3UTR_DCG_Soc1_w_forward_primer	100.000	121	0	0	1	121	13	133	2.98e-62	219
M03997:68:000000000-G35DK:1:2103:21975:20395	extended_3UTR_DCG_Soc1_w_forward_primer	100.000	40	0	0	1	40	27	66	8.12e-19	73.4
M03997:68:000000000-G35DK:1:2102:22304:19627	extended_3UTR_DCG_Soc1_w_forward_primer	96.667	60	0	1	1	58	48	107	1.09e-25	96.9
M03997:68:000000000-G35DK:1:1102:23299:4843	extended_3UTR_DCG_Soc1_w_forward_primer	100.000	126	0	0	1	126	13	138	6.02e-65	228
M03997:68:000000000-G35DK:1:1103:16647:14372	extended_3UTR_DCG_Soc1_w_forward_primer	100.000	39	0	0	1	39	100	138	2.75e-18	71.6
M03997:68:000000000-G35DK:1:2101:11688:18478	extended_3UTR_DCG_Soc1_w_forward_primer	76.190	42	5	1	1	42	13	49	3.72e-06	31.9
M03997:68:000000000-G35DK:1:1101:6749:13698	extended_3UTR_DCG_Soc1_w_forward_primer	100.000	90	0	0	1	90	26	115	1.47e-45	163
M03997:68:000000000-G35DK:1:2101:16909:4027	extended_3UTR_DCG_Soc1_w_forward_primer	100.000	48	0	0	1	48	58	105	4.61e-23	87.8
M03997:68:000000000-G35DK:1:2102:13596:21171	extended_3UTR_DCG_Soc1_w_forward_primer	98.113	106	2	0	1	106	7	112	1.86e-51	183
M03997:68:000000000-G35DK:1:2101:20423:26899	extended_3UTR_DCG_Soc1_w_forward_primer	97.826	92	2	0	1	92	23	114	6.42e-44	158
