M03997:68:000000000-G35DK:1:1104:28063:21906	extended_3UTR_DCG_Soc1_w_forward_primer	100.000	79	0	0	1	79	43	121	1.19e-39	143
M03997:68:000000000-G35DK:1:1101:8661:7768	extended_3UTR_DCG_Soc1_w_forward_primer	97.959	49	1	0	1	49	62	110	5.76e-22	84.2
M03997:68:000000000-G35DK:1:1101:24735:25055	extended_3UTR_DCG_Soc1_w_forward_primer	99.029	103	1	0	1	103	10	112	6.28e-51	181
M03997:68:000000000-G35DK:1:2104:13962:21913	extended_3UTR_DCG_Soc1_w_forward_primer	100.000	17	0	0	1	17	8	24	5.66e-06	31.9
M03997:68:000000000-G35DK:1:1104:22763:11139	extended_3UTR_DCG_Soc1_w_forward_primer	100.000	133	0	0	1	133	13	145	1.01e-68	241
M03997:68:000000000-G35DK:1:1104:23788:6527	extended_3UTR_DCG_Soc1_w_forward_primer	100.000	74	0	0	1	74	42	115	5.74e-37	134
M03997:68:000000000-G35DK:1:2101:16239:28408	extended_3UTR_DCG_Soc1_w_forward_primer	100.000	18	0	0	1	18	7	24	7.13e-07	33.7
M03997:68:000000000-G35DK:1:2103:9286:16426	extended_3UTR_DCG_Soc1_w_forward_primer	100.000	56	0	0	1	56	56	111	2.45e-27	102
M03997:68:000000000-G35DK:1:1102:8722:21464	extended_3UTR_DCG_Soc1_w_forward_primer	100.000	64	0	0	1	64	58	121	1.30e-31	116
M03997:68:000000000-G35DK:1:2101:27214:13247	extended_3UTR_DCG_Soc1_w_forward_primer	100.000	78	0	0	1	78	93	170	1.71e-38	141
M03997:68:000000000-G35DK:1:2103:24667:9868	extended_3UTR_DCG_Soc1_w_forward_primer	100.000	60	0	0	1	60	7	66	1.79e-29	109
M03997:68:000000000-G35DK:1:1102:18511:16403	extended_3UTR_DCG_Soc1_w_forward_primer	100.000	108	0	0	1	108	31	138	3.01e-55	196
M03997:68:000000000-G35DK:1:2103:21707:13893	extended_3UTR_DCG_Soc1_w_forward_primer	98.795	83	1	0	1	83	56	138	3.61e-40	145
M03997:68:000000000-G35DK:1:2101:10386:26853	extended_3UTR_DCG_Soc1_w_forward_primer	100.000	50	0	0	1	50	13	62	3.97e-24	91.5
M03997:68:000000000-G35DK:1:1101:26374:19212	extended_3UTR_DCG_Soc1_w_forward_primer	100.000	27	0	0	1	27	8	34	5.50e-12	50.0
M03997:68:000000000-G35DK:1:1102:19854:11210	extended_3UTR_DCG_Soc1_w_forward_primer	100.000	109	0	0	1	109	13	121	8.70e-56	197
M03997:68:000000000-G35DK:1:2102:22335:11134	extended_3UTR_DCG_Soc1_w_forward_primer	100.000	63	0	0	1	63	56	118	4.46e-31	114
M03997:68:000000000-G35DK:1:2102:11759:21132	extended_3UTR_DCG_Soc1_w_forward_primer	100.000	62	0	0	1	62	88	149	8.31e-30	113
M03997:68:000000000-G35DK:1:1102:10345:17366	extended_3UTR_DCG_Soc1_w_forward_primer	100.000	76	0	0	1	76	46	121	4.85e-38	138
M03997:68:000000000-G35DK:1:1104:19701:26956	extended_3UTR_DCG_Soc1_w_forward_primer	99.020	102	1	0	1	102	54	155	2.26e-50	179
M03997:68:000000000-G35DK:1:1102:17192:26091	extended_3UTR_DCG_Soc1_w_forward_primer	100.000	37	0	0	1	37	128	164	3.13e-17	68.0
M03997:68:000000000-G35DK:1:2103:28261:12900	extended_3UTR_DCG_Soc1_w_forward_primer	100.000	18	0	0	1	18	7	24	7.13e-07	33.7
M03997:68:000000000-G35DK:1:1101:17338:20558	extended_3UTR_DCG_Soc1_w_forward_primer	100.000	40	0	0	1	40	27	66	8.12e-19	73.4
M03997:68:000000000-G35DK:1:2102:8909:11400	extended_3UTR_DCG_Soc1_w_forward_primer	100.000	63	0	0	1	63	29	91	4.46e-31	114
M03997:68:000000000-G35DK:1:2104:3792:12867	extended_3UTR_DCG_Soc1_w_forward_primer	100.000	52	0	0	1	52	15	66	3.33e-25	95.1
M03997:68:000000000-G35DK:1:2102:21430:10040	extended_3UTR_DCG_Soc1_w_forward_primer	100.000	113	0	0	1	113	31	143	6.10e-58	205
M03997:68:000000000-G35DK:1:1101:15890:29076	extended_3UTR_DCG_Soc1_w_forward_primer	100.000	19	0	0	1	19	8	26	1.15e-07	35.6
M03997:68:000000000-G35DK:1:1101:14090:7941	extended_3UTR_DCG_Soc1_w_forward_primer	96.552	87	1	1	1	85	19	105	4.52e-39	141
M03997:68:000000000-G35DK:1:1104:22624:18177	extended_3UTR_DCG_Soc1_w_forward_primer	100.000	35	0	0	1	35	12	46	3.55e-16	64.4
M03997:68:000000000-G35DK:1:2101:26870:12581	extended_3UTR_DCG_Soc1_w_forward_primer	96.667	90	1	1	1	88	13	102	4.03e-40	147
M03997:68:000000000-G35DK:1:1103:16929:28495	extended_3UTR_DCG_Soc1_w_forward_primer	100.000	18	0	0	1	18	7	24	1.24e-06	33.7
M03997:68:000000000-G35DK:1:2101:12624:20123	extended_3UTR_DCG_Soc1_w_forward_primer	100.000	34	0	0	1	34	13	46	1.19e-15	62.6
M03997:68:000000000-G35DK:1:2103:17918:19094	extended_3UTR_DCG_Soc1_w_forward_primer	100.000	54	0	0	1	54	5	58	2.86e-26	98.7
M03997:68:000000000-G35DK:1:1104:12498:13893	extended_3UTR_DCG_Soc1_w_forward_primer	100.000	46	0	0	1	46	56	101	5.34e-22	84.2
M03997:68:000000000-G35DK:1:1101:11485:18980	extended_3UTR_DCG_Soc1_w_forward_primer	100.000	99	0	0	1	99	23	121	2.13e-50	179
M03997:68:000000000-G35DK:1:2102:6247:6161	extended_3UTR_DCG_Soc1_w_forward_primer	100.000	52	0	0	1	52	72	123	4.80e-25	95.1
M03997:68:000000000-G35DK:1:2101:16012:17396	extended_3UTR_DCG_Soc1_w_forward_primer	100.000	18	0	0	1	18	7	24	1.20e-06	33.7
M03997:68:000000000-G35DK:1:2102:16778:26423	extended_3UTR_DCG_Soc1_w_forward_primer	98.864	88	1	0	1	88	23	110	7.44e-43	154
M03997:68:000000000-G35DK:1:2102:13704:7936	extended_3UTR_DCG_Soc1_w_forward_primer	100.000	103	0	0	1	103	13	115	1.48e-52	187
M03997:68:000000000-G35DK:1:1101:29090:14787	extended_3UTR_DCG_Soc1_w_forward_primer	100.000	30	0	0	1	30	83	112	1.50e-13	55.4
M03997:68:000000000-G35DK:1:1104:24124:7091	extended_3UTR_DCG_Soc1_w_forward_primer	100.000	19	0	0	1	19	8	26	2.36e-07	35.6
M03997:68:000000000-G35DK:1:1102:15675:26969	extended_3UTR_DCG_Soc1_w_forward_primer	100.000	63	0	0	1	63	37	99	4.46e-31	114
M03997:68:000000000-G35DK:1:2104:17732:24414	extended_3UTR_DCG_Soc1_w_forward_primer	97.436	78	2	0	1	78	5	82	2.13e-36	132
M03997:68:000000000-G35DK:1:2103:26624:22416	extended_3UTR_DCG_Soc1_w_forward_primer	100.000	19	0	0	1	19	7	25	2.73e-07	35.6
M03997:68:000000000-G35DK:1:1101:8759:25899	extended_3UTR_DCG_Soc1_w_forward_primer	100.000	102	0	0	1	102	56	157	5.10e-52	185
M03997:68:000000000-G35DK:1:2103:28595:13086	extended_3UTR_DCG_Soc1_w_forward_primer	100.000	22	0	0	1	22	5	26	2.85e-09	41.0
M03997:68:000000000-G35DK:1:1103:9223:7828	extended_3UTR_DCG_Soc1_w_forward_primer	100.000	54	0	0	1	54	60	113	2.86e-26	98.7
M03997:68:000000000-G35DK:1:1101:13823:19529	extended_3UTR_DCG_Soc1_w_forward_primer	100.000	109	0	0	1	109	13	121	8.70e-56	197
M03997:68:000000000-G35DK:1:1102:14650:13999	extended_3UTR_DCG_Soc1_w_forward_primer	100.000	18	0	0	1	18	7	24	1.66e-06	33.7
M03997:68:000000000-G35DK:1:2104:28028:20218	extended_3UTR_DCG_Soc1_w_forward_primer	100.000	18	0	0	1	18	7	24	4.90e-07	33.7
M03997:68:000000000-G35DK:1:1102:24362:15158	extended_3UTR_DCG_Soc1_w_forward_primer	100.000	91	0	0	1	91	83	173	4.27e-46	165
M03997:68:000000000-G35DK:1:1103:25801:17446	extended_3UTR_DCG_Soc1_w_forward_primer	97.647	85	0	1	1	83	26	110	4.40e-39	141
M03997:68:000000000-G35DK:1:1103:13042:27675	extended_3UTR_DCG_Soc1_w_forward_primer	100.000	64	0	0	1	64	58	121	1.30e-31	116
M03997:68:000000000-G35DK:1:2104:18578:15819	extended_3UTR_DCG_Soc1_w_forward_primer	100.000	103	0	0	1	103	19	121	1.48e-52	187
M03997:68:000000000-G35DK:1:1103:15720:7842	extended_3UTR_DCG_Soc1_w_forward_primer	100.000	49	0	0	1	49	56	104	1.35e-23	89.7
M03997:68:000000000-G35DK:1:2102:2304:17080	extended_3UTR_DCG_Soc1_w_forward_primer	100.000	28	0	0	1	28	85	112	1.66e-12	51.8
M03997:68:000000000-G35DK:1:1101:16036:7185	extended_3UTR_DCG_Soc1_w_forward_primer	100.000	18	0	0	1	18	7	24	5.34e-07	33.7
M03997:68:000000000-G35DK:1:1102:8984:25206	extended_3UTR_DCG_Soc1_w_forward_primer	98.077	52	1	0	1	52	56	107	1.42e-23	89.7
M03997:68:000000000-G35DK:1:1103:14611:28901	extended_3UTR_DCG_Soc1_w_forward_primer	100.000	17	0	0	1	17	8	24	3.72e-06	31.9
M03997:68:000000000-G35DK:1:2104:11405:10767	extended_3UTR_DCG_Soc1_w_forward_primer	100.000	98	0	0	1	98	13	110	7.35e-50	178
M03997:68:000000000-G35DK:1:2103:14427:25864	extended_3UTR_DCG_Soc1_w_forward_primer	100.000	48	0	0	1	48	31	78	4.61e-23	87.8
M03997:68:000000000-G35DK:1:1104:21557:25828	extended_3UTR_DCG_Soc1_w_forward_primer	98.485	66	1	0	1	66	13	78	4.71e-31	114
M03997:68:000000000-G35DK:1:2101:29380:16783	extended_3UTR_DCG_Soc1_w_forward_primer	99.242	132	1	0	1	132	7	138	1.49e-66	233
M03997:68:000000000-G35DK:1:2104:7948:20285	extended_3UTR_DCG_Soc1_w_forward_primer	100.000	28	0	0	1	28	29	56	1.66e-12	51.8
M03997:68:000000000-G35DK:1:2104:24001:13352	extended_3UTR_DCG_Soc1_w_forward_primer	100.000	18	0	0	1	18	7	24	6.40e-06	33.7
M03997:68:000000000-G35DK:1:1104:16815:19418	extended_3UTR_DCG_Soc1_w_forward_primer	100.000	19	0	0	1	19	8	26	1.83e-06	35.6
M03997:68:000000000-G35DK:1:2103:26420:10838	extended_3UTR_DCG_Soc1_w_forward_primer	100.000	22	0	0	1	22	5	26	4.65e-09	41.0
M03997:68:000000000-G35DK:1:1101:28430:19151	extended_3UTR_DCG_Soc1_w_forward_primer	100.000	27	0	0	1	27	13	39	5.50e-12	50.0
M03997:68:000000000-G35DK:1:2102:16110:28872	extended_3UTR_DCG_Soc1_w_forward_primer	100.000	90	0	0	1	90	13	102	1.47e-45	163
M03997:68:000000000-G35DK:1:2104:21061:3678	extended_3UTR_DCG_Soc1_w_forward_primer	98.864	88	1	0	1	88	56	143	7.44e-43	154
M03997:68:000000000-G35DK:1:1101:15659:11282	extended_3UTR_DCG_Soc1_w_forward_primer	100.000	18	0	0	1	18	7	24	1.66e-06	33.7
M03997:68:000000000-G35DK:1:1101:17676:10880	extended_3UTR_DCG_Soc1_w_forward_primer	100.000	77	0	0	1	77	34	110	1.41e-38	140
M03997:68:000000000-G35DK:1:1103:14891:3922	extended_3UTR_DCG_Soc1_w_forward_primer	100.000	18	0	0	1	18	7	24	9.35e-07	33.7
M03997:68:000000000-G35DK:1:2104:29015:19480	extended_3UTR_DCG_Soc1_w_forward_primer	100.000	17	0	0	1	17	8	24	8.03e-06	31.9
M03997:68:000000000-G35DK:1:1104:13960:25854	extended_3UTR_DCG_Soc1_w_forward_primer	100.000	20	0	0	1	20	5	24	5.30e-08	37.4
M03997:68:000000000-G35DK:1:1102:12852:6898	extended_3UTR_DCG_Soc1_w_forward_primer	100.000	18	0	0	1	18	7	24	9.13e-07	33.7
M03997:68:000000000-G35DK:1:1104:15630:9583	extended_3UTR_DCG_Soc1_w_forward_primer	100.000	18	0	0	1	18	7	24	3.39e-06	33.7
M03997:68:000000000-G35DK:1:1101:4913:9591	extended_3UTR_DCG_Soc1_w_forward_primer	98.947	95	1	0	1	95	60	154	1.55e-46	167
M03997:68:000000000-G35DK:1:2102:28480:19363	extended_3UTR_DCG_Soc1_w_forward_primer	100.000	111	0	0	1	111	23	133	7.29e-57	201
M03997:68:000000000-G35DK:1:2102:26955:11817	extended_3UTR_DCG_Soc1_w_forward_primer	100.000	41	0	0	1	41	5	45	2.40e-19	75.2
M03997:68:000000000-G35DK:1:2101:5541:8661	extended_3UTR_DCG_Soc1_w_forward_primer	100.000	54	0	0	1	54	13	66	2.86e-26	98.7
M03997:68:000000000-G35DK:1:2102:18447:6262	extended_3UTR_DCG_Soc1_w_forward_primer	100.000	81	0	0	1	81	27	107	1.01e-40	147
M03997:68:000000000-G35DK:1:2104:4452:11712	extended_3UTR_DCG_Soc1_w_forward_primer	100.000	79	0	0	1	79	13	91	1.19e-39	143
M03997:68:000000000-G35DK:1:2103:12659:13228	extended_3UTR_DCG_Soc1_w_forward_primer	100.000	22	0	0	1	22	99	120	4.31e-08	41.0
M03997:68:000000000-G35DK:1:2104:13882:5822	extended_3UTR_DCG_Soc1_w_forward_primer	100.000	134	0	0	1	134	29	162	6.81e-69	242
M03997:68:000000000-G35DK:1:1104:7725:12494	extended_3UTR_DCG_Soc1_w_forward_primer	100.000	36	0	0	1	36	83	118	1.99e-16	66.2
M03997:68:000000000-G35DK:1:1102:20486:7950	extended_3UTR_DCG_Soc1_w_forward_primer	100.000	37	0	0	1	37	83	119	3.13e-17	68.0
M03997:68:000000000-G35DK:1:1103:27557:15342	extended_3UTR_DCG_Soc1_w_forward_primer	100.000	17	0	0	1	17	8	24	1.33e-06	31.9
M03997:68:000000000-G35DK:1:1103:10257:26853	extended_3UTR_DCG_Soc1_w_forward_primer	97.468	79	0	1	1	77	13	91	7.31e-36	131
M03997:68:000000000-G35DK:1:2103:13383:8729	extended_3UTR_DCG_Soc1_w_forward_primer	100.000	22	0	0	1	22	5	26	2.85e-09	41.0
M03997:68:000000000-G35DK:1:1102:11026:27140	extended_3UTR_DCG_Soc1_w_forward_primer	100.000	76	0	0	1	76	37	112	4.85e-38	138
M03997:68:000000000-G35DK:1:2103:15857:2993	extended_3UTR_DCG_Soc1_w_forward_primer	100.000	54	0	0	1	54	62	115	2.86e-26	98.7
M03997:68:000000000-G35DK:1:2104:5905:20230	extended_3UTR_DCG_Soc1_w_forward_primer	94.574	129	7	0	1	129	15	143	8.59e-57	201
M03997:68:000000000-G35DK:1:2102:9526:21241	extended_3UTR_DCG_Soc1_w_forward_primer	100.000	129	0	0	1	129	13	141	1.45e-66	233
M03997:68:000000000-G35DK:1:2104:23871:18112	extended_3UTR_DCG_Soc1_w_forward_primer	100.000	33	0	0	1	33	111	143	4.00e-15	60.8
M03997:68:000000000-G35DK:1:1104:14324:18449	extended_3UTR_DCG_Soc1_w_forward_primer	100.000	20	0	0	1	20	5	24	4.94e-08	37.4
M03997:68:000000000-G35DK:1:2103:16081:20562	extended_3UTR_DCG_Soc1_w_forward_primer	97.468	79	2	0	1	79	13	91	6.18e-37	134
M03997:68:000000000-G35DK:1:2101:13464:16488	extended_3UTR_DCG_Soc1_w_forward_primer	100.000	66	0	0	1	66	26	91	1.11e-32	120
M03997:68:000000000-G35DK:1:1101:1947:17098	extended_3UTR_DCG_Soc1_w_forward_primer	100.000	21	0	0	14	34	12	32	1.36e-08	39.2
M03997:68:000000000-G35DK:1:2104:22291:22039	extended_3UTR_DCG_Soc1_w_forward_primer	100.000	98	0	0	1	98	13	110	7.35e-50	178
M03997:68:000000000-G35DK:1:1101:25482:24269	extended_3UTR_DCG_Soc1_w_forward_primer	100.000	17	0	0	1	17	8	24	2.72e-06	31.9
M03997:68:000000000-G35DK:1:2101:21223:16930	extended_3UTR_DCG_Soc1_w_forward_primer	100.000	20	0	0	1	20	5	24	1.44e-07	37.4
M03997:68:000000000-G35DK:1:1104:7951:23938	extended_3UTR_DCG_Soc1_w_forward_primer	100.000	17	0	0	1	17	10	26	3.11e-06	31.9
M03997:68:000000000-G35DK:1:1101:8889:6695	extended_3UTR_DCG_Soc1_w_forward_primer	100.000	75	0	0	1	75	27	101	1.67e-37	136
M03997:68:000000000-G35DK:1:2103:26585:9429	extended_3UTR_DCG_Soc1_w_forward_primer	100.000	18	0	0	1	18	7	24	6.46e-07	33.7
M03997:68:000000000-G35DK:1:1101:17670:27964	extended_3UTR_DCG_Soc1_w_forward_primer	100.000	104	0	0	1	104	7	110	4.28e-53	188
M03997:68:000000000-G35DK:1:2103:24031:11101	extended_3UTR_DCG_Soc1_w_forward_primer	98.113	53	1	0	1	53	112	164	4.15e-24	91.5
M03997:68:000000000-G35DK:1:2104:12366:19859	extended_3UTR_DCG_Soc1_w_forward_primer	100.000	58	0	0	1	58	74	131	2.10e-28	105
M03997:68:000000000-G35DK:1:2104:21446:14458	extended_3UTR_DCG_Soc1_w_forward_primer	100.000	20	0	0	1	20	7	26	5.85e-08	37.4
M03997:68:000000000-G35DK:1:2102:12979:2953	extended_3UTR_DCG_Soc1_w_forward_primer	100.000	109	0	0	1	109	13	121	8.70e-56	197
M03997:68:000000000-G35DK:1:2104:25831:22997	extended_3UTR_DCG_Soc1_w_forward_primer	100.000	21	0	0	132	152	1	21	7.39e-08	39.2
M03997:68:000000000-G35DK:1:1104:3029:18768	extended_3UTR_DCG_Soc1_w_forward_primer	100.000	150	0	0	1	150	13	162	1.40e-77	271
M03997:68:000000000-G35DK:1:2104:19175:17964	extended_3UTR_DCG_Soc1_w_forward_primer	98.529	68	1	0	1	68	54	121	4.00e-32	118
M03997:68:000000000-G35DK:1:2102:21757:13940	extended_3UTR_DCG_Soc1_w_forward_primer	98.113	53	1	0	1	53	58	110	4.15e-24	91.5
M03997:68:000000000-G35DK:1:1102:13915:19044	extended_3UTR_DCG_Soc1_w_forward_primer	100.000	133	0	0	1	133	83	215	1.01e-68	241
M03997:68:000000000-G35DK:1:1101:10312:5361	extended_3UTR_DCG_Soc1_w_forward_primer	100.000	49	0	0	1	49	62	110	1.35e-23	89.7
M03997:68:000000000-G35DK:1:2104:24477:20232	extended_3UTR_DCG_Soc1_w_forward_primer	76.190	42	5	1	1	42	13	49	4.73e-06	31.9
M03997:68:000000000-G35DK:1:1101:5736:21555	extended_3UTR_DCG_Soc1_w_forward_primer	100.000	19	0	0	1	19	8	26	1.83e-06	35.6
M03997:68:000000000-G35DK:1:2103:26416:20466	extended_3UTR_DCG_Soc1_w_forward_primer	100.000	17	0	0	1	17	10	26	2.25e-06	31.9
M03997:68:000000000-G35DK:1:1104:14525:19414	extended_3UTR_DCG_Soc1_w_forward_primer	98.276	58	1	0	1	58	23	80	8.92e-27	100
M03997:68:000000000-G35DK:1:1104:13548:7505	extended_3UTR_DCG_Soc1_w_forward_primer	100.000	67	0	0	1	67	72	138	3.23e-33	122
M03997:68:000000000-G35DK:1:2103:23814:7326	extended_3UTR_DCG_Soc1_w_forward_primer	100.000	52	0	0	1	52	54	105	3.33e-25	95.1
M03997:68:000000000-G35DK:1:2102:24745:19124	extended_3UTR_DCG_Soc1_w_forward_primer	98.901	91	1	0	1	91	31	121	1.82e-44	159
M03997:68:000000000-G35DK:1:2102:18028:12530	extended_3UTR_DCG_Soc1_w_forward_primer	100.000	31	0	0	1	31	7	37	4.49e-14	57.2
M03997:68:000000000-G35DK:1:1103:15510:8231	extended_3UTR_DCG_Soc1_w_forward_primer	100.000	58	0	0	1	58	64	121	2.10e-28	105
M03997:68:000000000-G35DK:1:2103:9872:11463	extended_3UTR_DCG_Soc1_w_forward_primer	100.000	45	0	0	1	45	99	143	1.81e-21	82.4
M03997:68:000000000-G35DK:1:1101:7240:9119	extended_3UTR_DCG_Soc1_w_forward_primer	100.000	27	0	0	1	27	128	154	1.01e-11	50.0
M03997:68:000000000-G35DK:1:1104:24414:9514	extended_3UTR_DCG_Soc1_w_forward_primer	100.000	20	0	0	1	20	5	24	7.13e-08	37.4
M03997:68:000000000-G35DK:1:1104:26383:8780	extended_3UTR_DCG_Soc1_w_forward_primer	100.000	34	0	0	1	34	58	91	1.19e-15	62.6
M03997:68:000000000-G35DK:1:1102:21812:8210	extended_3UTR_DCG_Soc1_w_forward_primer	98.058	103	0	1	1	101	13	115	9.13e-49	174
M03997:68:000000000-G35DK:1:1104:19702:15760	extended_3UTR_DCG_Soc1_w_forward_primer	100.000	17	0	0	1	17	10	26	1.79e-06	31.9
M03997:68:000000000-G35DK:1:2101:12599:5835	extended_3UTR_DCG_Soc1_w_forward_primer	100.000	89	0	0	1	89	13	101	5.08e-45	161
M03997:68:000000000-G35DK:1:1101:16924:22582	extended_3UTR_DCG_Soc1_w_forward_primer	100.000	62	0	0	1	62	60	121	1.53e-30	113
M03997:68:000000000-G35DK:1:1102:14592:7193	extended_3UTR_DCG_Soc1_w_forward_primer	100.000	18	0	0	1	18	7	24	6.40e-06	33.7
M03997:68:000000000-G35DK:1:1103:16478:24016	extended_3UTR_DCG_Soc1_w_forward_primer	100.000	79	0	0	1	79	13	91	1.19e-39	143
M03997:68:000000000-G35DK:1:1102:20328:24179	extended_3UTR_DCG_Soc1_w_forward_primer	100.000	52	0	0	1	52	13	64	3.33e-25	95.1
M03997:68:000000000-G35DK:1:2102:23143:23974	extended_3UTR_DCG_Soc1_w_forward_primer	100.000	45	0	0	1	45	37	81	1.81e-21	82.4
M03997:68:000000000-G35DK:1:2103:19933:27468	extended_3UTR_DCG_Soc1_w_forward_primer	100.000	18	0	0	1	18	7	24	1.42e-06	33.7
M03997:68:000000000-G35DK:1:2104:5062:12080	extended_3UTR_DCG_Soc1_w_forward_primer	100.000	16	0	0	4	19	9	24	7.32e-06	30.1
M03997:68:000000000-G35DK:1:2101:17480:2497	extended_3UTR_DCG_Soc1_w_forward_primer	100.000	19	0	0	1	19	8	26	3.37e-07	35.6
M03997:68:000000000-G35DK:1:1104:21880:5936	extended_3UTR_DCG_Soc1_w_forward_primer	100.000	18	0	0	1	18	7	24	9.35e-07	33.7
M03997:68:000000000-G35DK:1:2104:10145:7784	extended_3UTR_DCG_Soc1_w_forward_primer	100.000	41	0	0	1	41	62	102	2.40e-19	75.2
M03997:68:000000000-G35DK:1:2104:21624:5821	extended_3UTR_DCG_Soc1_w_forward_primer	100.000	18	0	0	160	177	1	18	3.70e-06	33.7
M03997:68:000000000-G35DK:1:1103:5932:15721	extended_3UTR_DCG_Soc1_w_forward_primer	100.000	20	0	0	1	20	5	24	1.48e-07	37.4
M03997:68:000000000-G35DK:1:2104:23496:9875	extended_3UTR_DCG_Soc1_w_forward_primer	100.000	64	0	0	1	64	58	121	1.30e-31	116
M03997:68:000000000-G35DK:1:1103:16219:28189	extended_3UTR_DCG_Soc1_w_forward_primer	100.000	54	0	0	1	54	13	66	2.86e-26	98.7
M03997:68:000000000-G35DK:1:1102:11619:16648	extended_3UTR_DCG_Soc1_w_forward_primer	100.000	40	0	0	1	40	97	136	8.12e-19	73.4
M03997:68:000000000-G35DK:1:2102:15082:17843	extended_3UTR_DCG_Soc1_w_forward_primer	100.000	44	0	0	1	44	83	126	6.16e-21	80.6
M03997:68:000000000-G35DK:1:2102:4428:17163	extended_3UTR_DCG_Soc1_w_forward_primer	100.000	20	0	0	1	20	7	26	7.49e-08	37.4
M03997:68:000000000-G35DK:1:2104:12544:28714	extended_3UTR_DCG_Soc1_w_forward_primer	100.000	21	0	0	87	107	1	21	5.05e-08	39.2
M03997:68:000000000-G35DK:1:1104:5984:24328	extended_3UTR_DCG_Soc1_w_forward_primer	91.667	24	1	1	1	23	13	36	4.65e-06	31.9
M03997:68:000000000-G35DK:1:2104:10532:18034	extended_3UTR_DCG_Soc1_w_forward_primer	100.000	40	0	0	1	40	6	45	8.12e-19	73.4
M03997:68:000000000-G35DK:1:2104:3264:10939	extended_3UTR_DCG_Soc1_w_forward_primer	100.000	64	0	0	1	64	7	70	1.30e-31	116
M03997:68:000000000-G35DK:1:2103:9592:11722	extended_3UTR_DCG_Soc1_w_forward_primer	100.000	82	0	0	1	82	29	110	2.92e-41	149
M03997:68:000000000-G35DK:1:2102:17258:16523	extended_3UTR_DCG_Soc1_w_forward_primer	100.000	85	0	0	1	85	37	121	7.16e-43	154
M03997:68:000000000-G35DK:1:2101:10772:23931	extended_3UTR_DCG_Soc1_w_forward_primer	96.875	64	2	0	1	64	13	76	6.75e-29	107
M03997:68:000000000-G35DK:1:1102:19642:9740	extended_3UTR_DCG_Soc1_w_forward_primer	100.000	63	0	0	1	63	50	112	4.46e-31	114
M03997:68:000000000-G35DK:1:2101:21253:25290	extended_3UTR_DCG_Soc1_w_forward_primer	100.000	17	0	0	1	17	8	24	3.95e-06	31.9
M03997:68:000000000-G35DK:1:1104:26527:13120	extended_3UTR_DCG_Soc1_w_forward_primer	100.000	100	0	0	1	100	13	112	6.17e-51	181
M03997:68:000000000-G35DK:1:2101:20423:12150	extended_3UTR_DCG_Soc1_w_forward_primer	100.000	74	0	0	1	74	48	121	5.74e-37	134
M03997:68:000000000-G35DK:1:1101:20305:12799	extended_3UTR_DCG_Soc1_w_forward_primer	100.000	47	0	0	1	47	92	138	1.57e-22	86.0
M03997:68:000000000-G35DK:1:1102:22679:26841	extended_3UTR_DCG_Soc1_w_forward_primer	100.000	17	0	0	1	17	8	24	3.41e-06	31.9
M03997:68:000000000-G35DK:1:1103:21702:6052	extended_3UTR_DCG_Soc1_w_forward_primer	100.000	18	0	0	1	18	7	24	5.34e-07	33.7
M03997:68:000000000-G35DK:1:1103:26176:15789	extended_3UTR_DCG_Soc1_w_forward_primer	100.000	105	0	0	1	105	48	152	1.24e-53	190
M03997:68:000000000-G35DK:1:2103:19126:9648	extended_3UTR_DCG_Soc1_w_forward_primer	100.000	76	0	0	1	76	37	112	4.85e-38	138
M03997:68:000000000-G35DK:1:1101:18443:19219	extended_3UTR_DCG_Soc1_w_forward_primer	100.000	55	0	0	2	56	45	99	8.56e-27	100
M03997:68:000000000-G35DK:1:1103:23498:20469	extended_3UTR_DCG_Soc1_w_forward_primer	100.000	76	0	0	1	76	37	112	4.85e-38	138
M03997:68:000000000-G35DK:1:1102:27572:18503	extended_3UTR_DCG_Soc1_w_forward_primer	100.000	21	0	0	42	62	1	21	2.77e-08	39.2
M03997:68:000000000-G35DK:1:1102:24103:9986	extended_3UTR_DCG_Soc1_w_forward_primer	100.000	96	0	0	1	96	13	108	8.75e-49	174
M03997:68:000000000-G35DK:1:2104:23950:25144	extended_3UTR_DCG_Soc1_w_forward_primer	100.000	34	0	0	1	34	7	40	1.42e-15	62.6
M03997:68:000000000-G35DK:1:2102:13617:19891	extended_3UTR_DCG_Soc1_w_forward_primer	100.000	56	0	0	1	56	7	62	2.45e-27	102
M03997:68:000000000-G35DK:1:1103:20297:17996	extended_3UTR_DCG_Soc1_w_forward_primer	100.000	95	0	0	1	95	68	162	1.01e-47	172
M03997:68:000000000-G35DK:1:2103:9027:24424	extended_3UTR_DCG_Soc1_w_forward_primer	100.000	102	0	0	1	102	13	114	5.10e-52	185
M03997:68:000000000-G35DK:1:2104:19704:27304	extended_3UTR_DCG_Soc1_w_forward_primer	100.000	17	0	0	1	17	10	26	1.87e-06	31.9
M03997:68:000000000-G35DK:1:2104:3728:12372	extended_3UTR_DCG_Soc1_w_forward_primer	93.182	44	1	1	1	42	48	91	4.47e-16	64.4
M03997:68:000000000-G35DK:1:2102:12609:26286	extended_3UTR_DCG_Soc1_w_forward_primer	98.925	93	1	0	1	93	62	154	5.24e-45	163
M03997:68:000000000-G35DK:1:1103:9828:18642	extended_3UTR_DCG_Soc1_w_forward_primer	100.000	19	0	0	1	19	7	25	2.42e-07	35.6
M03997:68:000000000-G35DK:1:1102:15521:16558	extended_3UTR_DCG_Soc1_w_forward_primer	100.000	54	0	0	1	54	107	160	1.83e-25	98.7
M03997:68:000000000-G35DK:1:1104:16749:21748	extended_3UTR_DCG_Soc1_w_forward_primer	100.000	18	0	0	1	18	7	24	1.64e-06	33.7
M03997:68:000000000-G35DK:1:2101:8560:20300	extended_3UTR_DCG_Soc1_w_forward_primer	100.000	20	0	0	1	20	5	24	4.18e-07	37.4
M03997:68:000000000-G35DK:1:1101:2978:14730	extended_3UTR_DCG_Soc1_w_forward_primer	100.000	76	0	0	1	76	91	166	1.50e-37	138
M03997:68:000000000-G35DK:1:2102:14747:21998	extended_3UTR_DCG_Soc1_w_forward_primer	100.000	49	0	0	1	49	64	112	1.35e-23	89.7
M03997:68:000000000-G35DK:1:2101:21053:23025	extended_3UTR_DCG_Soc1_w_forward_primer	100.000	54	0	0	1	54	29	82	2.86e-26	98.7
M03997:68:000000000-G35DK:1:1102:21575:5646	extended_3UTR_DCG_Soc1_w_forward_primer	100.000	18	0	0	1	18	7	24	6.40e-06	33.7
M03997:68:000000000-G35DK:1:1102:14917:23367	extended_3UTR_DCG_Soc1_w_forward_primer	100.000	30	0	0	1	30	107	136	1.50e-13	55.4
M03997:68:000000000-G35DK:1:1103:2386:14870	extended_3UTR_DCG_Soc1_w_forward_primer	100.000	18	0	0	1	18	7	24	1.66e-06	33.7
M03997:68:000000000-G35DK:1:2102:22073:10954	extended_3UTR_DCG_Soc1_w_forward_primer	100.000	20	0	0	1	20	7	26	1.06e-07	37.4
M03997:68:000000000-G35DK:1:1103:9141:8620	extended_3UTR_DCG_Soc1_w_forward_primer	100.000	60	0	0	1	60	54	113	1.86e-29	109
M03997:68:000000000-G35DK:1:2102:3797:9858	extended_3UTR_DCG_Soc1_w_forward_primer	100.000	17	0	0	1	17	10	26	3.11e-06	31.9
M03997:68:000000000-G35DK:1:1101:9766:27864	extended_3UTR_DCG_Soc1_w_forward_primer	100.000	21	0	0	49	69	1	21	3.13e-08	39.2
M03997:68:000000000-G35DK:1:2102:11159:12710	extended_3UTR_DCG_Soc1_w_forward_primer	98.387	62	1	0	1	62	91	152	8.71e-29	107
M03997:68:000000000-G35DK:1:1104:6160:24283	extended_3UTR_DCG_Soc1_w_forward_primer	100.000	109	0	0	1	109	13	121	8.70e-56	197
M03997:68:000000000-G35DK:1:2101:22740:24225	extended_3UTR_DCG_Soc1_w_forward_primer	100.000	54	0	0	1	54	13	66	2.86e-26	98.7
M03997:68:000000000-G35DK:1:2101:20952:18643	extended_3UTR_DCG_Soc1_w_forward_primer	100.000	64	0	0	1	64	58	121	1.30e-31	116
M03997:68:000000000-G35DK:1:2104:25825:23241	extended_3UTR_DCG_Soc1_w_forward_primer	100.000	52	0	0	1	52	13	64	3.33e-25	95.1
M03997:68:000000000-G35DK:1:2101:4648:8798	extended_3UTR_DCG_Soc1_w_forward_primer	98.473	131	2	0	1	131	13	143	6.28e-65	228
M03997:68:000000000-G35DK:1:1101:13402:19428	extended_3UTR_DCG_Soc1_w_forward_primer	100.000	20	0	0	5	24	5	24	1.60e-07	37.4
M03997:68:000000000-G35DK:1:2101:3477:12783	extended_3UTR_DCG_Soc1_w_forward_primer	100.000	20	0	0	1	20	7	26	5.25e-07	37.4
M03997:68:000000000-G35DK:1:1104:10008:16811	extended_3UTR_DCG_Soc1_w_forward_primer	100.000	114	0	0	1	114	13	126	1.76e-58	206
M03997:68:000000000-G35DK:1:2103:16724:4979	extended_3UTR_DCG_Soc1_w_forward_primer	100.000	70	0	0	1	70	13	82	7.99e-35	127
M03997:68:000000000-G35DK:1:2103:23111:21987	extended_3UTR_DCG_Soc1_w_forward_primer	97.872	94	0	1	1	92	13	106	6.42e-44	158
M03997:68:000000000-G35DK:1:2101:9304:18765	extended_3UTR_DCG_Soc1_w_forward_primer	100.000	20	0	0	1	20	7	26	7.49e-08	37.4
M03997:68:000000000-G35DK:1:1104:16228:23400	extended_3UTR_DCG_Soc1_w_forward_primer	100.000	50	0	0	1	50	13	62	3.97e-24	91.5
M03997:68:000000000-G35DK:1:1104:19060:25761	extended_3UTR_DCG_Soc1_w_forward_primer	100.000	17	0	0	1	17	8	24	4.26e-06	31.9
M03997:68:000000000-G35DK:1:2103:24042:6235	extended_3UTR_DCG_Soc1_w_forward_primer	100.000	107	0	0	1	107	64	170	1.05e-54	194
M03997:68:000000000-G35DK:1:1102:21256:23369	extended_3UTR_DCG_Soc1_w_forward_primer	100.000	54	0	0	1	54	13	66	2.86e-26	98.7
M03997:68:000000000-G35DK:1:2104:16191:18042	extended_3UTR_DCG_Soc1_w_forward_primer	100.000	67	0	0	1	67	72	138	3.23e-33	122
M03997:68:000000000-G35DK:1:2103:14798:24779	extended_3UTR_DCG_Soc1_w_forward_primer	100.000	56	0	0	1	56	58	113	2.45e-27	102
M03997:68:000000000-G35DK:1:1101:23518:5963	extended_3UTR_DCG_Soc1_w_forward_primer	100.000	80	0	0	1	80	83	162	1.41e-39	145
M03997:68:000000000-G35DK:1:2101:7218:17131	extended_3UTR_DCG_Soc1_w_forward_primer	100.000	64	0	0	1	64	56	119	1.30e-31	116
M03997:68:000000000-G35DK:1:2102:19253:27365	extended_3UTR_DCG_Soc1_w_forward_primer	100.000	21	0	0	72	92	1	21	4.33e-08	39.2
M03997:68:000000000-G35DK:1:2102:10083:14380	extended_3UTR_DCG_Soc1_w_forward_primer	100.000	46	0	0	1	46	62	107	5.34e-22	84.2
M03997:68:000000000-G35DK:1:1102:20882:5042	extended_3UTR_DCG_Soc1_w_forward_primer	95.588	68	1	1	1	66	13	80	6.99e-29	107
M03997:68:000000000-G35DK:1:1101:9045:24219	extended_3UTR_DCG_Soc1_w_forward_primer	98.649	74	1	0	1	74	48	121	2.44e-35	129
M03997:68:000000000-G35DK:1:2104:12642:21708	extended_3UTR_DCG_Soc1_w_forward_primer	100.000	44	0	0	1	44	62	105	6.16e-21	80.6
M03997:68:000000000-G35DK:1:2101:17546:27450	extended_3UTR_DCG_Soc1_w_forward_primer	100.000	17	0	0	1	17	8	24	4.73e-06	31.9
M03997:68:000000000-G35DK:1:2101:28227:18417	extended_3UTR_DCG_Soc1_w_forward_primer	83.784	37	4	1	1	35	7	43	5.30e-08	37.4
M03997:68:000000000-G35DK:1:2101:28454:13046	extended_3UTR_DCG_Soc1_w_forward_primer	100.000	60	0	0	1	60	62	121	1.79e-29	109
M03997:68:000000000-G35DK:1:2103:4717:18275	extended_3UTR_DCG_Soc1_w_forward_primer	100.000	20	0	0	1	20	5	24	4.75e-08	37.4
M03997:68:000000000-G35DK:1:2101:28169:14449	extended_3UTR_DCG_Soc1_w_forward_primer	100.000	90	0	0	1	90	54	143	1.47e-45	163
M03997:68:000000000-G35DK:1:1101:18876:18125	extended_3UTR_DCG_Soc1_w_forward_primer	76.190	42	5	1	1	42	13	49	6.97e-06	31.9
M03997:68:000000000-G35DK:1:2102:13941:10699	extended_3UTR_DCG_Soc1_w_forward_primer	100.000	50	0	0	1	50	56	105	3.97e-24	91.5
M03997:68:000000000-G35DK:1:2101:13715:26330	extended_3UTR_DCG_Soc1_w_forward_primer	99.029	103	1	0	1	103	10	112	6.28e-51	181
M03997:68:000000000-G35DK:1:2104:13265:15826	extended_3UTR_DCG_Soc1_w_forward_primer	100.000	40	0	0	1	40	113	152	8.12e-19	73.4
M03997:68:000000000-G35DK:1:1101:10708:4979	extended_3UTR_DCG_Soc1_w_forward_primer	96.721	61	2	0	1	61	39	99	2.71e-27	102
M03997:68:000000000-G35DK:1:1103:20631:15873	extended_3UTR_DCG_Soc1_w_forward_primer	100.000	103	0	0	1	103	13	115	1.48e-52	187
M03997:68:000000000-G35DK:1:2103:22521:24711	extended_3UTR_DCG_Soc1_w_forward_primer	100.000	40	0	0	1	40	97	136	8.12e-19	73.4
M03997:68:000000000-G35DK:1:2103:19926:12938	extended_3UTR_DCG_Soc1_w_forward_primer	100.000	33	0	0	1	33	13	45	4.00e-15	60.8
M03997:68:000000000-G35DK:1:2104:19555:10321	extended_3UTR_DCG_Soc1_w_forward_primer	100.000	18	0	0	1	18	7	24	6.46e-07	33.7
M03997:68:000000000-G35DK:1:2101:18609:20755	extended_3UTR_DCG_Soc1_w_forward_primer	100.000	18	0	0	1	18	7	24	9.35e-07	33.7
M03997:68:000000000-G35DK:1:1103:14191:27824	extended_3UTR_DCG_Soc1_w_forward_primer	100.000	20	0	0	1	20	5	24	1.73e-07	37.4
M03997:68:000000000-G35DK:1:2102:25087:7348	extended_3UTR_DCG_Soc1_w_forward_primer	100.000	20	0	0	1	20	7	26	6.76e-08	37.4
M03997:68:000000000-G35DK:1:1103:24389:5993	extended_3UTR_DCG_Soc1_w_forward_primer	98.333	60	1	0	1	60	13	72	7.62e-28	104
M03997:68:000000000-G35DK:1:2102:24501:17908	extended_3UTR_DCG_Soc1_w_forward_primer	100.000	42	0	0	1	42	13	54	7.08e-20	77.0
M03997:68:000000000-G35DK:1:1101:16724:5871	extended_3UTR_DCG_Soc1_w_forward_primer	100.000	18	0	0	1	18	7	24	1.38e-06	33.7
M03997:68:000000000-G35DK:1:2103:18383:19432	extended_3UTR_DCG_Soc1_w_forward_primer	100.000	75	0	0	1	75	62	136	1.67e-37	136
M03997:68:000000000-G35DK:1:2101:16626:13291	extended_3UTR_DCG_Soc1_w_forward_primer	100.000	18	0	0	1	18	7	24	7.13e-07	33.7
M03997:68:000000000-G35DK:1:1104:13069:18383	extended_3UTR_DCG_Soc1_w_forward_primer	98.936	94	1	0	1	94	60	153	4.43e-46	165
M03997:68:000000000-G35DK:1:1103:10528:6292	extended_3UTR_DCG_Soc1_w_forward_primer	100.000	20	0	0	1	20	7	26	5.25e-07	37.4
M03997:68:000000000-G35DK:1:1101:5553:14621	extended_3UTR_DCG_Soc1_w_forward_primer	100.000	70	0	0	1	70	13	82	7.99e-35	127
M03997:68:000000000-G35DK:1:1101:19008:3922	extended_3UTR_DCG_Soc1_w_forward_primer	100.000	115	0	0	1	115	29	143	5.10e-59	208
M03997:68:000000000-G35DK:1:2101:20671:17749	extended_3UTR_DCG_Soc1_w_forward_primer	100.000	20	0	0	1	20	5	24	8.38e-08	37.4
M03997:68:000000000-G35DK:1:1101:18757:10034	extended_3UTR_DCG_Soc1_w_forward_primer	100.000	73	0	0	1	73	46	118	1.97e-36	132
M03997:68:000000000-G35DK:1:2101:8212:20347	extended_3UTR_DCG_Soc1_w_forward_primer	95.000	60	3	0	1	60	13	72	3.95e-25	95.1
M03997:68:000000000-G35DK:1:1101:23840:10718	extended_3UTR_DCG_Soc1_w_forward_primer	100.000	93	0	0	1	93	23	115	3.59e-47	168
M03997:68:000000000-G35DK:1:1101:16938:15427	extended_3UTR_DCG_Soc1_w_forward_primer	100.000	20	0	0	1	20	5	24	9.84e-08	37.4
M03997:68:000000000-G35DK:1:2102:6317:19829	extended_3UTR_DCG_Soc1_w_forward_primer	99.010	101	1	0	1	101	13	113	7.49e-50	178
M03997:68:000000000-G35DK:1:1103:23108:15962	extended_3UTR_DCG_Soc1_w_forward_primer	100.000	37	0	0	1	37	107	143	3.13e-17	68.0
M03997:68:000000000-G35DK:1:2104:9686:2795	extended_3UTR_DCG_Soc1_w_forward_primer	100.000	93	0	0	1	93	13	105	3.59e-47	168
M03997:68:000000000-G35DK:1:2101:28277:13716	extended_3UTR_DCG_Soc1_w_forward_primer	100.000	19	0	0	1	19	8	26	1.72e-07	35.6
M03997:68:000000000-G35DK:1:2102:17397:5881	extended_3UTR_DCG_Soc1_w_forward_primer	100.000	20	0	0	1	20	7	26	6.40e-08	37.4
M03997:68:000000000-G35DK:1:2104:15804:20548	extended_3UTR_DCG_Soc1_w_forward_primer	100.000	79	0	0	1	79	13	91	1.19e-39	143
M03997:68:000000000-G35DK:1:1102:15158:15469	extended_3UTR_DCG_Soc1_w_forward_primer	100.000	33	0	0	1	33	13	45	4.00e-15	60.8
M03997:68:000000000-G35DK:1:2101:24031:21445	extended_3UTR_DCG_Soc1_w_forward_primer	99.160	119	1	0	1	119	58	176	1.52e-59	210
M03997:68:000000000-G35DK:1:1101:19794:14534	extended_3UTR_DCG_Soc1_w_forward_primer	100.000	87	0	0	1	87	52	138	6.03e-44	158
M03997:68:000000000-G35DK:1:1102:12633:27302	extended_3UTR_DCG_Soc1_w_forward_primer	100.000	19	0	0	1	19	7	25	1.01e-06	35.6
M03997:68:000000000-G35DK:1:1104:23704:20968	extended_3UTR_DCG_Soc1_w_forward_primer	100.000	17	0	0	1	17	8	24	5.73e-06	31.9
M03997:68:000000000-G35DK:1:1104:8659:18156	extended_3UTR_DCG_Soc1_w_forward_primer	100.000	21	0	0	54	74	1	21	3.39e-08	39.2
M03997:68:000000000-G35DK:1:1101:8669:5396	extended_3UTR_DCG_Soc1_w_forward_primer	100.000	55	0	0	1	55	58	112	8.37e-27	100
M03997:68:000000000-G35DK:1:1104:26423:12689	extended_3UTR_DCG_Soc1_w_forward_primer	100.000	18	0	0	1	18	7	24	2.10e-06	33.7
M03997:68:000000000-G35DK:1:1102:25185:21432	extended_3UTR_DCG_Soc1_w_forward_primer	100.000	68	0	0	1	68	97	164	9.41e-34	123
M03997:68:000000000-G35DK:1:2103:3831:11598	extended_3UTR_DCG_Soc1_w_forward_primer	100.000	20	0	0	1	20	7	26	6.21e-08	37.4
M03997:68:000000000-G35DK:1:1104:17850:3901	extended_3UTR_DCG_Soc1_w_forward_primer	100.000	44	0	0	1	44	37	80	6.16e-21	80.6
M03997:68:000000000-G35DK:1:1103:21820:12677	extended_3UTR_DCG_Soc1_w_forward_primer	100.000	50	0	0	1	50	56	105	3.97e-24	91.5
M03997:68:000000000-G35DK:1:1104:26328:21313	extended_3UTR_DCG_Soc1_w_forward_primer	100.000	48	0	0	1	48	58	105	4.61e-23	87.8
M03997:68:000000000-G35DK:1:2101:7143:10488	extended_3UTR_DCG_Soc1_w_forward_primer	100.000	92	0	0	1	92	52	143	1.24e-46	167
M03997:68:000000000-G35DK:1:1104:12886:20114	extended_3UTR_DCG_Soc1_w_forward_primer	100.000	30	0	0	1	30	83	112	1.50e-13	55.4
M03997:68:000000000-G35DK:1:2103:26554:14029	extended_3UTR_DCG_Soc1_w_forward_primer	100.000	52	0	0	1	52	56	107	3.33e-25	95.1
M03997:68:000000000-G35DK:1:1103:14779:21208	extended_3UTR_DCG_Soc1_w_forward_primer	100.000	90	0	0	1	90	31	120	1.55e-45	163
M03997:68:000000000-G35DK:1:2101:20295:18227	extended_3UTR_DCG_Soc1_w_forward_primer	100.000	20	0	0	1	20	5	24	5.25e-07	37.4
M03997:68:000000000-G35DK:1:2103:4385:20949	extended_3UTR_DCG_Soc1_w_forward_primer	100.000	18	0	0	1	18	7	24	7.13e-07	33.7
M03997:68:000000000-G35DK:1:1104:24244:8523	extended_3UTR_DCG_Soc1_w_forward_primer	100.000	19	0	0	1	19	7	25	2.67e-07	35.6
M03997:68:000000000-G35DK:1:2101:26671:17060	extended_3UTR_DCG_Soc1_w_forward_primer	100.000	79	0	0	1	79	13	91	1.19e-39	143
M03997:68:000000000-G35DK:1:2101:16438:24723	extended_3UTR_DCG_Soc1_w_forward_primer	100.000	21	0	0	39	59	1	21	2.61e-08	39.2
M03997:68:000000000-G35DK:1:1103:14061:17270	extended_3UTR_DCG_Soc1_w_forward_primer	100.000	18	0	0	1	18	7	24	1.98e-06	33.7
M03997:68:000000000-G35DK:1:2102:10730:10887	extended_3UTR_DCG_Soc1_w_forward_primer	100.000	16	0	0	1	16	11	26	9.77e-06	30.1
M03997:68:000000000-G35DK:1:2101:10860:19083	extended_3UTR_DCG_Soc1_w_forward_primer	100.000	32	0	0	1	32	74	105	1.34e-14	59.0
M03997:68:000000000-G35DK:1:1104:6674:19394	extended_3UTR_DCG_Soc1_w_forward_primer	100.000	65	0	0	1	65	27	91	3.80e-32	118
M03997:68:000000000-G35DK:1:2102:7303:6936	extended_3UTR_DCG_Soc1_w_forward_primer	100.000	63	0	0	1	63	97	159	4.46e-31	114
M03997:68:000000000-G35DK:1:2103:19776:26782	extended_3UTR_DCG_Soc1_w_forward_primer	100.000	28	0	0	1	28	13	40	2.38e-11	51.8
M03997:68:000000000-G35DK:1:2103:22600:13866	extended_3UTR_DCG_Soc1_w_forward_primer	95.652	23	1	0	41	63	2	24	2.54e-07	37.4
M03997:68:000000000-G35DK:1:1103:16291:24654	extended_3UTR_DCG_Soc1_w_forward_primer	98.936	94	1	0	1	94	29	122	4.43e-46	165
M03997:68:000000000-G35DK:1:1101:3021:13408	extended_3UTR_DCG_Soc1_w_forward_primer	100.000	18	0	0	1	18	7	24	1.40e-06	33.7
M03997:68:000000000-G35DK:1:1104:6621:13195	extended_3UTR_DCG_Soc1_w_forward_primer	100.000	52	0	0	1	52	13	64	3.33e-25	95.1
M03997:68:000000000-G35DK:1:2103:14691:13282	extended_3UTR_DCG_Soc1_w_forward_primer	100.000	100	0	0	1	100	13	112	6.17e-51	181
M03997:68:000000000-G35DK:1:1103:26228:8889	extended_3UTR_DCG_Soc1_w_forward_primer	100.000	28	0	0	1	28	12	39	1.66e-12	51.8
M03997:68:000000000-G35DK:1:2101:6217:19274	extended_3UTR_DCG_Soc1_w_forward_primer	100.000	44	0	0	1	44	13	56	6.16e-21	80.6
M03997:68:000000000-G35DK:1:2103:15701:7621	extended_3UTR_DCG_Soc1_w_forward_primer	96.552	87	3	0	1	87	113	199	3.36e-39	143
M03997:68:000000000-G35DK:1:1101:6875:16489	extended_3UTR_DCG_Soc1_w_forward_primer	100.000	44	0	0	1	44	100	143	6.16e-21	80.6
M03997:68:000000000-G35DK:1:1104:8503:18123	extended_3UTR_DCG_Soc1_w_forward_primer	97.826	92	2	0	1	92	29	120	2.23e-43	158
M03997:68:000000000-G35DK:1:2103:13376:16136	extended_3UTR_DCG_Soc1_w_forward_primer	100.000	68	0	0	1	68	13	80	9.41e-34	123
M03997:68:000000000-G35DK:1:1102:14625:12358	extended_3UTR_DCG_Soc1_w_forward_primer	76.190	42	5	1	1	42	13	49	9.81e-06	31.9
M03997:68:000000000-G35DK:1:2103:27114:21239	extended_3UTR_DCG_Soc1_w_forward_primer	100.000	18	0	0	1	18	7	24	2.32e-06	33.7
M03997:68:000000000-G35DK:1:1103:14275:18703	extended_3UTR_DCG_Soc1_w_forward_primer	100.000	32	0	0	1	32	133	164	1.34e-14	59.0
M03997:68:000000000-G35DK:1:1101:26288:8130	extended_3UTR_DCG_Soc1_w_forward_primer	100.000	22	0	0	1	22	5	26	8.97e-09	41.0
M03997:68:000000000-G35DK:1:1101:5482:13774	extended_3UTR_DCG_Soc1_w_forward_primer	100.000	46	0	0	1	46	37	82	5.34e-22	84.2
M03997:68:000000000-G35DK:1:2102:5501:11918	extended_3UTR_DCG_Soc1_w_forward_primer	100.000	42	0	0	1	42	29	70	7.08e-20	77.0
M03997:68:000000000-G35DK:1:2102:24730:10866	extended_3UTR_DCG_Soc1_w_forward_primer	100.000	18	0	0	1	18	7	24	4.29e-06	33.7
M03997:68:000000000-G35DK:1:1101:10799:5671	extended_3UTR_DCG_Soc1_w_forward_primer	100.000	84	0	0	1	84	8	91	2.47e-42	152
M03997:68:000000000-G35DK:1:1101:15129:12889	extended_3UTR_DCG_Soc1_w_forward_primer	100.000	93	0	0	1	93	13	105	3.59e-47	168
M03997:68:000000000-G35DK:1:2101:13369:10308	extended_3UTR_DCG_Soc1_w_forward_primer	100.000	18	0	0	1	18	7	24	4.23e-07	33.7
M03997:68:000000000-G35DK:1:1102:27060:12726	extended_3UTR_DCG_Soc1_w_forward_primer	100.000	27	0	0	1	27	13	39	5.50e-12	50.0
M03997:68:000000000-G35DK:1:2101:21858:6389	extended_3UTR_DCG_Soc1_w_forward_primer	100.000	20	0	0	1	20	7	26	6.76e-08	37.4
M03997:68:000000000-G35DK:1:1104:18249:16790	extended_3UTR_DCG_Soc1_w_forward_primer	100.000	18	0	0	1	18	7	24	8.46e-07	33.7
M03997:68:000000000-G35DK:1:1103:24720:24832	extended_3UTR_DCG_Soc1_w_forward_primer	100.000	44	0	0	1	44	62	105	6.16e-21	80.6
M03997:68:000000000-G35DK:1:1101:23879:19865	extended_3UTR_DCG_Soc1_w_forward_primer	98.571	70	1	0	1	70	13	82	3.40e-33	122
M03997:68:000000000-G35DK:1:2103:24683:8161	extended_3UTR_DCG_Soc1_w_forward_primer	97.872	188	4	0	1	188	12	199	5.63e-93	322
M03997:68:000000000-G35DK:1:1102:19891:13997	extended_3UTR_DCG_Soc1_w_forward_primer	97.143	35	1	0	1	35	74	108	1.51e-14	59.0
M03997:68:000000000-G35DK:1:1103:17400:12104	extended_3UTR_DCG_Soc1_w_forward_primer	100.000	93	0	0	1	93	13	105	3.59e-47	168
M03997:68:000000000-G35DK:1:2101:11293:27755	extended_3UTR_DCG_Soc1_w_forward_primer	100.000	42	0	0	1	42	29	70	7.08e-20	77.0
M03997:68:000000000-G35DK:1:1104:10854:21243	extended_3UTR_DCG_Soc1_w_forward_primer	100.000	20	0	0	1	20	5	24	6.21e-08	37.4
M03997:68:000000000-G35DK:1:2104:16291:19282	extended_3UTR_DCG_Soc1_w_forward_primer	100.000	34	0	0	1	34	13	46	1.19e-15	62.6
M03997:68:000000000-G35DK:1:1101:25643:16455	extended_3UTR_DCG_Soc1_w_forward_primer	100.000	18	0	0	4	21	9	26	7.35e-07	33.7
M03997:68:000000000-G35DK:1:1102:27902:11046	extended_3UTR_DCG_Soc1_w_forward_primer	100.000	115	0	0	1	115	7	121	5.10e-59	208
M03997:68:000000000-G35DK:1:1104:17268:27662	extended_3UTR_DCG_Soc1_w_forward_primer	96.154	26	0	1	1	25	5	30	2.71e-08	39.2
M03997:68:000000000-G35DK:1:1104:16307:9370	extended_3UTR_DCG_Soc1_w_forward_primer	100.000	42	0	0	1	42	29	70	7.08e-20	77.0
M03997:68:000000000-G35DK:1:2102:21790:17130	extended_3UTR_DCG_Soc1_w_forward_primer	100.000	18	0	0	1	18	7	24	9.55e-07	33.7
M03997:68:000000000-G35DK:1:1104:24733:20196	extended_3UTR_DCG_Soc1_w_forward_primer	100.000	34	0	0	1	34	13	46	1.19e-15	62.6
M03997:68:000000000-G35DK:1:1102:18573:21457	extended_3UTR_DCG_Soc1_w_forward_primer	99.010	101	1	0	1	101	12	112	7.49e-50	178
M03997:68:000000000-G35DK:1:1103:11966:21846	extended_3UTR_DCG_Soc1_w_forward_primer	100.000	18	0	0	1	18	7	24	5.12e-07	33.7
M03997:68:000000000-G35DK:1:1101:22811:23114	extended_3UTR_DCG_Soc1_w_forward_primer	100.000	59	0	0	1	59	6	64	6.13e-29	107
M03997:68:000000000-G35DK:1:2101:9767:8277	extended_3UTR_DCG_Soc1_w_forward_primer	100.000	24	0	0	87	110	1	24	1.33e-09	44.6
M03997:68:000000000-G35DK:1:1102:25434:10316	extended_3UTR_DCG_Soc1_w_forward_primer	98.718	78	1	0	1	78	7	84	1.74e-37	136
M03997:68:000000000-G35DK:1:2103:28295:16021	extended_3UTR_DCG_Soc1_w_forward_primer	100.000	35	0	0	1	35	5	39	3.55e-16	64.4
M03997:68:000000000-G35DK:1:2104:13760:11322	extended_3UTR_DCG_Soc1_w_forward_primer	100.000	20	0	0	1	20	7	26	5.25e-07	37.4
M03997:68:000000000-G35DK:1:1101:21283:17546	extended_3UTR_DCG_Soc1_w_forward_primer	100.000	57	0	0	1	57	26	82	7.17e-28	104
M03997:68:000000000-G35DK:1:2101:11049:9789	extended_3UTR_DCG_Soc1_w_forward_primer	100.000	44	0	0	1	44	62	105	6.16e-21	80.6
M03997:68:000000000-G35DK:1:2103:12456:15142	extended_3UTR_DCG_Soc1_w_forward_primer	100.000	18	0	0	1	18	7	24	7.79e-07	33.7
M03997:68:000000000-G35DK:1:1103:23081:23259	extended_3UTR_DCG_Soc1_w_forward_primer	100.000	52	0	0	1	52	13	64	3.33e-25	95.1
M03997:68:000000000-G35DK:1:1101:12660:17711	extended_3UTR_DCG_Soc1_w_forward_primer	100.000	71	0	0	1	71	56	126	2.33e-35	129
M03997:68:000000000-G35DK:1:2102:21590:11833	extended_3UTR_DCG_Soc1_w_forward_primer	100.000	20	0	0	1	20	7	26	7.49e-08	37.4
M03997:68:000000000-G35DK:1:2102:25180:7682	extended_3UTR_DCG_Soc1_w_forward_primer	100.000	17	0	0	1	17	8	24	5.50e-06	31.9
M03997:68:000000000-G35DK:1:2102:27346:14646	extended_3UTR_DCG_Soc1_w_forward_primer	77.500	40	9	0	1	40	13	52	3.11e-06	31.9
M03997:68:000000000-G35DK:1:1103:16477:7315	extended_3UTR_DCG_Soc1_w_forward_primer	97.531	81	0	1	1	79	11	91	6.18e-37	134
M03997:68:000000000-G35DK:1:1104:23606:5644	extended_3UTR_DCG_Soc1_w_forward_primer	76.190	42	5	1	1	42	13	49	3.72e-06	31.9
M03997:68:000000000-G35DK:1:1102:2739:13441	extended_3UTR_DCG_Soc1_w_forward_primer	100.000	49	0	0	1	49	83	131	1.35e-23	89.7
M03997:68:000000000-G35DK:1:1103:14084:15095	extended_3UTR_DCG_Soc1_w_forward_primer	100.000	31	0	0	1	31	7	37	4.49e-14	57.2
M03997:68:000000000-G35DK:1:2101:6835:16208	extended_3UTR_DCG_Soc1_w_forward_primer	91.803	122	8	1	1	122	29	148	3.92e-48	172
M03997:68:000000000-G35DK:1:2103:12076:12099	extended_3UTR_DCG_Soc1_w_forward_primer	96.774	93	3	0	1	93	13	105	7.91e-43	154
M03997:68:000000000-G35DK:1:2101:27865:10216	extended_3UTR_DCG_Soc1_w_forward_primer	100.000	19	0	0	1	19	8	26	3.37e-07	35.6
M03997:68:000000000-G35DK:1:2103:9531:2837	extended_3UTR_DCG_Soc1_w_forward_primer	96.667	30	1	0	1	30	91	120	9.56e-12	50.0
M03997:68:000000000-G35DK:1:2102:15719:5040	extended_3UTR_DCG_Soc1_w_forward_primer	98.058	103	0	1	1	101	13	115	9.13e-49	174
M03997:68:000000000-G35DK:1:1101:11494:17231	extended_3UTR_DCG_Soc1_w_forward_primer	100.000	18	0	0	1	18	7	24	7.13e-07	33.7
M03997:68:000000000-G35DK:1:1104:7675:16141	extended_3UTR_DCG_Soc1_w_forward_primer	100.000	93	0	0	1	93	13	105	3.59e-47	168
M03997:68:000000000-G35DK:1:1102:22109:10027	extended_3UTR_DCG_Soc1_w_forward_primer	100.000	18	0	0	1	18	7	24	1.31e-06	33.7
M03997:68:000000000-G35DK:1:2103:7407:21313	extended_3UTR_DCG_Soc1_w_forward_primer	98.077	52	1	0	1	52	13	64	1.42e-23	89.7
M03997:68:000000000-G35DK:1:1102:16496:16040	extended_3UTR_DCG_Soc1_w_forward_primer	100.000	18	0	0	1	18	7	24	4.68e-07	33.7
M03997:68:000000000-G35DK:1:1101:21247:23391	extended_3UTR_DCG_Soc1_w_forward_primer	100.000	20	0	0	1	20	5	24	6.21e-08	37.4
M03997:68:000000000-G35DK:1:1103:26727:15084	extended_3UTR_DCG_Soc1_w_forward_primer	100.000	20	0	0	1	20	7	26	1.13e-07	37.4
M03997:68:000000000-G35DK:1:2104:4331:10665	extended_3UTR_DCG_Soc1_w_forward_primer	100.000	52	0	0	5	56	54	105	3.64e-25	95.1
M03997:68:000000000-G35DK:1:2102:15999:28660	extended_3UTR_DCG_Soc1_w_forward_primer	100.000	64	0	0	1	64	52	115	1.30e-31	116
M03997:68:000000000-G35DK:1:1102:6026:12683	extended_3UTR_DCG_Soc1_w_forward_primer	100.000	47	0	0	1	47	99	145	1.57e-22	86.0
M03997:68:000000000-G35DK:1:1102:5242:21217	extended_3UTR_DCG_Soc1_w_forward_primer	100.000	48	0	0	1	48	58	105	4.61e-23	87.8
M03997:68:000000000-G35DK:1:2101:22233:5440	extended_3UTR_DCG_Soc1_w_forward_primer	100.000	21	0	0	72	92	1	21	4.33e-08	39.2
M03997:68:000000000-G35DK:1:2103:16260:16531	extended_3UTR_DCG_Soc1_w_forward_primer	99.029	103	1	0	1	103	13	115	6.28e-51	181
M03997:68:000000000-G35DK:1:2104:12606:10604	extended_3UTR_DCG_Soc1_w_forward_primer	100.000	18	0	0	1	18	8	25	4.23e-07	33.7
M03997:68:000000000-G35DK:1:1101:21883:7861	extended_3UTR_DCG_Soc1_w_forward_primer	100.000	88	0	0	1	88	56	143	1.75e-44	159
M03997:68:000000000-G35DK:1:2102:10024:4893	extended_3UTR_DCG_Soc1_w_forward_primer	100.000	44	0	0	1	44	13	56	6.16e-21	80.6
M03997:68:000000000-G35DK:1:1103:28358:17844	extended_3UTR_DCG_Soc1_w_forward_primer	100.000	20	0	0	1	20	5	24	2.47e-07	37.4
M03997:68:000000000-G35DK:1:1101:18555:8037	extended_3UTR_DCG_Soc1_w_forward_primer	100.000	76	0	0	1	76	37	112	4.85e-38	138
M03997:68:000000000-G35DK:1:1102:26344:18725	extended_3UTR_DCG_Soc1_w_forward_primer	100.000	76	0	0	1	76	37	112	4.85e-38	138
M03997:68:000000000-G35DK:1:2101:13242:16618	extended_3UTR_DCG_Soc1_w_forward_primer	100.000	22	0	0	1	22	5	26	7.63e-09	41.0
M03997:68:000000000-G35DK:1:2101:24055:5496	extended_3UTR_DCG_Soc1_w_forward_primer	100.000	81	0	0	1	81	58	138	1.01e-40	147
M03997:68:000000000-G35DK:1:2103:4726:17799	extended_3UTR_DCG_Soc1_w_forward_primer	100.000	18	0	0	1	18	7	24	7.57e-07	33.7
M03997:68:000000000-G35DK:1:2102:12426:20455	extended_3UTR_DCG_Soc1_w_forward_primer	100.000	93	0	0	1	93	13	105	3.59e-47	168
M03997:68:000000000-G35DK:1:1102:25059:8460	extended_3UTR_DCG_Soc1_w_forward_primer	100.000	52	0	0	1	52	106	157	3.33e-25	95.1
M03997:68:000000000-G35DK:1:2101:18341:6709	extended_3UTR_DCG_Soc1_w_forward_primer	100.000	41	0	0	1	41	5	45	2.40e-19	75.2
M03997:68:000000000-G35DK:1:1104:23090:3740	extended_3UTR_DCG_Soc1_w_forward_primer	100.000	63	0	0	1	63	102	164	4.46e-31	114
M03997:68:000000000-G35DK:1:2103:10701:14997	extended_3UTR_DCG_Soc1_w_forward_primer	100.000	39	0	0	1	39	74	112	2.75e-18	71.6
M03997:68:000000000-G35DK:1:2103:28946:14984	extended_3UTR_DCG_Soc1_w_forward_primer	100.000	102	0	0	1	102	48	149	5.32e-52	185
M03997:68:000000000-G35DK:1:2102:13726:18255	extended_3UTR_DCG_Soc1_w_forward_primer	100.000	47	0	0	1	47	60	106	2.45e-22	86.0
M03997:68:000000000-G35DK:1:1103:19659:9571	extended_3UTR_DCG_Soc1_w_forward_primer	100.000	18	0	0	1	18	7	24	4.90e-07	33.7
M03997:68:000000000-G35DK:1:1101:20610:10000	extended_3UTR_DCG_Soc1_w_forward_primer	97.436	39	1	0	1	39	83	121	1.17e-16	66.2
M03997:68:000000000-G35DK:1:2103:22547:24250	extended_3UTR_DCG_Soc1_w_forward_primer	100.000	26	0	0	72	97	1	26	9.34e-11	48.2
M03997:68:000000000-G35DK:1:1103:6079:11701	extended_3UTR_DCG_Soc1_w_forward_primer	100.000	65	0	0	1	65	100	164	3.80e-32	118
M03997:68:000000000-G35DK:1:1102:2765:15065	extended_3UTR_DCG_Soc1_w_forward_primer	100.000	17	0	0	1	17	10	26	2.33e-06	31.9
M03997:68:000000000-G35DK:1:2103:6951:12694	extended_3UTR_DCG_Soc1_w_forward_primer	100.000	57	0	0	1	57	56	112	7.17e-28	104
M03997:68:000000000-G35DK:1:2101:24254:20928	extended_3UTR_DCG_Soc1_w_forward_primer	100.000	21	0	0	145	165	1	21	8.07e-08	39.2
M03997:68:000000000-G35DK:1:2101:25469:14150	extended_3UTR_DCG_Soc1_w_forward_primer	100.000	33	0	0	1	33	48	80	4.00e-15	60.8
M03997:68:000000000-G35DK:1:2101:17358:23571	extended_3UTR_DCG_Soc1_w_forward_primer	100.000	85	0	0	1	85	7	91	7.16e-43	154
M03997:68:000000000-G35DK:1:2101:13558:22692	extended_3UTR_DCG_Soc1_w_forward_primer	100.000	105	0	0	1	105	29	133	1.24e-53	190
M03997:68:000000000-G35DK:1:2103:19599:27959	extended_3UTR_DCG_Soc1_w_forward_primer	100.000	17	0	0	1	17	10	26	2.64e-06	31.9
M03997:68:000000000-G35DK:1:1103:7905:8357	extended_3UTR_DCG_Soc1_w_forward_primer	100.000	54	0	0	1	54	62	115	2.86e-26	98.7
M03997:68:000000000-G35DK:1:2101:1890:13628	extended_3UTR_DCG_Soc1_w_forward_primer	99.153	118	1	0	1	118	29	146	5.25e-59	208
M03997:68:000000000-G35DK:1:2103:14869:13938	extended_3UTR_DCG_Soc1_w_forward_primer	100.000	66	0	0	1	66	56	121	1.11e-32	120
M03997:68:000000000-G35DK:1:2101:22901:8524	extended_3UTR_DCG_Soc1_w_forward_primer	100.000	20	0	0	1	20	5	24	1.60e-07	37.4
M03997:68:000000000-G35DK:1:1104:24259:7785	extended_3UTR_DCG_Soc1_w_forward_primer	100.000	18	0	0	1	18	7	24	1.31e-06	33.7
M03997:68:000000000-G35DK:1:1102:14474:3784	extended_3UTR_DCG_Soc1_w_forward_primer	100.000	18	0	0	1	18	7	24	5.34e-07	33.7
M03997:68:000000000-G35DK:1:1103:27283:19796	extended_3UTR_DCG_Soc1_w_forward_primer	100.000	67	0	0	1	67	34	100	3.23e-33	122
M03997:68:000000000-G35DK:1:2104:22388:11789	extended_3UTR_DCG_Soc1_w_forward_primer	100.000	109	0	0	1	109	13	121	8.79e-56	197
M03997:68:000000000-G35DK:1:2104:6900:14634	extended_3UTR_DCG_Soc1_w_forward_primer	100.000	18	0	0	1	18	7	24	4.68e-07	33.7
M03997:68:000000000-G35DK:1:2103:15014:14617	extended_3UTR_DCG_Soc1_w_forward_primer	98.276	58	1	0	1	58	23	80	8.92e-27	100
M03997:68:000000000-G35DK:1:2104:13973:14791	extended_3UTR_DCG_Soc1_w_forward_primer	100.000	79	0	0	1	79	13	91	1.19e-39	143
M03997:68:000000000-G35DK:1:1101:16815:3082	extended_3UTR_DCG_Soc1_w_forward_primer	100.000	18	0	0	1	18	7	24	1.38e-06	33.7
M03997:68:000000000-G35DK:1:1102:29298:12423	extended_3UTR_DCG_Soc1_w_forward_primer	100.000	93	0	0	1	93	13	105	3.59e-47	168
M03997:68:000000000-G35DK:1:1103:21453:9081	extended_3UTR_DCG_Soc1_w_forward_primer	100.000	17	0	0	1	17	10	26	1.71e-06	31.9
M03997:68:000000000-G35DK:1:1102:5829:9800	extended_3UTR_DCG_Soc1_w_forward_primer	100.000	28	0	0	1	28	7	34	1.66e-12	51.8
M03997:68:000000000-G35DK:1:1101:6623:6971	extended_3UTR_DCG_Soc1_w_forward_primer	100.000	18	0	0	1	18	7	24	1.15e-06	33.7
M03997:68:000000000-G35DK:1:2104:19665:28053	extended_3UTR_DCG_Soc1_w_forward_primer	100.000	97	0	0	1	97	37	133	2.54e-49	176
M03997:68:000000000-G35DK:1:1103:22325:24864	extended_3UTR_DCG_Soc1_w_forward_primer	100.000	121	0	0	1	121	13	133	2.98e-62	219
M03997:68:000000000-G35DK:1:2103:22914:18875	extended_3UTR_DCG_Soc1_w_forward_primer	97.849	93	2	0	1	93	13	105	1.86e-44	159
M03997:68:000000000-G35DK:1:1104:24948:13116	extended_3UTR_DCG_Soc1_w_forward_primer	100.000	123	0	0	1	123	13	135	2.49e-63	223
M03997:68:000000000-G35DK:1:2101:14224:28903	extended_3UTR_DCG_Soc1_w_forward_primer	100.000	21	0	0	51	71	1	21	3.24e-08	39.2
M03997:68:000000000-G35DK:1:2102:18938:24309	extended_3UTR_DCG_Soc1_w_forward_primer	100.000	51	0	0	1	51	83	133	1.13e-24	93.3
M03997:68:000000000-G35DK:1:1101:11271:11811	extended_3UTR_DCG_Soc1_w_forward_primer	100.000	54	0	0	1	54	102	155	1.83e-25	98.7
M03997:68:000000000-G35DK:1:2103:9064:3942	extended_3UTR_DCG_Soc1_w_forward_primer	100.000	42	0	0	1	42	97	138	7.08e-20	77.0
M03997:68:000000000-G35DK:1:1104:17772:27123	extended_3UTR_DCG_Soc1_w_forward_primer	100.000	30	0	0	1	30	13	42	8.73e-13	55.4
M03997:68:000000000-G35DK:1:2104:11728:12750	extended_3UTR_DCG_Soc1_w_forward_primer	100.000	98	0	0	1	98	17	114	7.35e-50	178
M03997:68:000000000-G35DK:1:1104:17999:6151	extended_3UTR_DCG_Soc1_w_forward_primer	100.000	93	0	0	1	93	119	211	3.59e-47	168
M03997:68:000000000-G35DK:1:1104:7623:10074	extended_3UTR_DCG_Soc1_w_forward_primer	76.190	42	5	1	1	42	13	49	9.81e-06	31.9
M03997:68:000000000-G35DK:1:2103:4907:18233	extended_3UTR_DCG_Soc1_w_forward_primer	98.000	100	2	0	1	100	13	112	3.20e-48	172
M03997:68:000000000-G35DK:1:2101:6811:19428	extended_3UTR_DCG_Soc1_w_forward_primer	100.000	21	0	0	98	118	1	21	5.62e-08	39.2
M03997:68:000000000-G35DK:1:1101:10735:22953	extended_3UTR_DCG_Soc1_w_forward_primer	100.000	91	0	0	1	91	31	121	4.27e-46	165
M03997:68:000000000-G35DK:1:2103:19692:13615	extended_3UTR_DCG_Soc1_w_forward_primer	100.000	21	0	0	119	139	1	21	6.71e-08	39.2
M03997:68:000000000-G35DK:1:1103:22482:7212	extended_3UTR_DCG_Soc1_w_forward_primer	100.000	71	0	0	1	71	66	136	2.33e-35	129
M03997:68:000000000-G35DK:1:1103:2720:14183	extended_3UTR_DCG_Soc1_w_forward_primer	100.000	103	0	0	1	103	19	121	1.48e-52	187
M03997:68:000000000-G35DK:1:2103:17334:11898	extended_3UTR_DCG_Soc1_w_forward_primer	100.000	54	0	0	1	54	62	115	2.86e-26	98.7
M03997:68:000000000-G35DK:1:1103:21085:20276	extended_3UTR_DCG_Soc1_w_forward_primer	100.000	20	0	0	1	20	5	24	8.38e-08	37.4
M03997:68:000000000-G35DK:1:1101:6479:25153	extended_3UTR_DCG_Soc1_w_forward_primer	100.000	52	0	0	1	52	13	64	3.33e-25	95.1
M03997:68:000000000-G35DK:1:1103:14809:6641	extended_3UTR_DCG_Soc1_w_forward_primer	100.000	21	0	0	103	123	1	21	5.88e-08	39.2
M03997:68:000000000-G35DK:1:1104:15134:16415	extended_3UTR_DCG_Soc1_w_forward_primer	95.000	100	1	1	1	96	13	112	6.73e-44	158
M03997:68:000000000-G35DK:1:1103:6360:11506	extended_3UTR_DCG_Soc1_w_forward_primer	100.000	30	0	0	1	30	62	91	1.50e-13	55.4
M03997:68:000000000-G35DK:1:2103:22174:9738	extended_3UTR_DCG_Soc1_w_forward_primer	100.000	103	0	0	1	103	13	115	1.48e-52	187
M03997:68:000000000-G35DK:1:2101:25109:16510	extended_3UTR_DCG_Soc1_w_forward_primer	100.000	88	0	0	1	88	58	145	1.75e-44	159
M03997:68:000000000-G35DK:1:2102:12663:20173	extended_3UTR_DCG_Soc1_w_forward_primer	98.214	56	1	0	1	56	23	78	1.04e-25	96.9
M03997:68:000000000-G35DK:1:1103:27765:19514	extended_3UTR_DCG_Soc1_w_forward_primer	100.000	34	0	0	1	34	88	121	1.19e-15	62.6
M03997:68:000000000-G35DK:1:2103:10603:23213	extended_3UTR_DCG_Soc1_w_forward_primer	97.297	37	1	0	1	37	113	149	1.32e-14	62.6
M03997:68:000000000-G35DK:1:1102:22956:12298	extended_3UTR_DCG_Soc1_w_forward_primer	100.000	85	0	0	1	85	37	121	7.16e-43	154
M03997:68:000000000-G35DK:1:2104:22120:21399	extended_3UTR_DCG_Soc1_w_forward_primer	98.077	52	1	0	1	52	54	105	1.42e-23	89.7
M03997:68:000000000-G35DK:1:1104:6463:17928	extended_3UTR_DCG_Soc1_w_forward_primer	100.000	18	0	0	1	18	7	24	1.15e-06	33.7
M03997:68:000000000-G35DK:1:2103:21160:23025	extended_3UTR_DCG_Soc1_w_forward_primer	100.000	34	0	0	1	34	88	121	1.19e-15	62.6
M03997:68:000000000-G35DK:1:2101:6628:20553	extended_3UTR_DCG_Soc1_w_forward_primer	98.750	80	1	0	1	80	54	133	1.47e-38	140
M03997:68:000000000-G35DK:1:1102:23400:22758	extended_3UTR_DCG_Soc1_w_forward_primer	100.000	69	0	0	1	69	23	91	2.74e-34	125
M03997:68:000000000-G35DK:1:1102:7113:7031	extended_3UTR_DCG_Soc1_w_forward_primer	97.917	48	1	0	1	48	13	60	1.96e-21	82.4
M03997:68:000000000-G35DK:1:1104:13311:26514	extended_3UTR_DCG_Soc1_w_forward_primer	100.000	18	0	0	1	18	7	24	4.52e-06	33.7
M03997:68:000000000-G35DK:1:2102:18099:6149	extended_3UTR_DCG_Soc1_w_forward_primer	100.000	52	0	0	1	52	13	64	3.33e-25	95.1
M03997:68:000000000-G35DK:1:1102:18826:20034	extended_3UTR_DCG_Soc1_w_forward_primer	100.000	61	0	0	1	61	31	91	5.24e-30	111
M03997:68:000000000-G35DK:1:2103:8934:20884	extended_3UTR_DCG_Soc1_w_forward_primer	100.000	100	0	0	1	100	13	112	6.17e-51	181
M03997:68:000000000-G35DK:1:1103:20701:20711	extended_3UTR_DCG_Soc1_w_forward_primer	98.810	84	1	0	1	84	29	112	1.05e-40	147
M03997:68:000000000-G35DK:1:1104:13373:20725	extended_3UTR_DCG_Soc1_w_forward_primer	100.000	79	0	0	1	79	13	91	1.19e-39	143
M03997:68:000000000-G35DK:1:2104:9704:14815	extended_3UTR_DCG_Soc1_w_forward_primer	100.000	32	0	0	1	32	29	60	1.34e-14	59.0
M03997:68:000000000-G35DK:1:2102:25294:12526	extended_3UTR_DCG_Soc1_w_forward_primer	100.000	16	0	0	16	31	11	26	9.49e-06	30.1
M03997:68:000000000-G35DK:1:1102:22943:17645	extended_3UTR_DCG_Soc1_w_forward_primer	100.000	25	0	0	1	25	125	149	9.68e-10	46.4
M03997:68:000000000-G35DK:1:1103:18529:27428	extended_3UTR_DCG_Soc1_w_forward_primer	100.000	58	0	0	1	58	56	113	2.10e-28	105
M03997:68:000000000-G35DK:1:2102:25088:15972	extended_3UTR_DCG_Soc1_w_forward_primer	100.000	30	0	0	1	30	62	91	1.50e-13	55.4
M03997:68:000000000-G35DK:1:2103:16312:21354	extended_3UTR_DCG_Soc1_w_forward_primer	97.143	70	2	0	1	70	13	82	4.14e-32	118
M03997:68:000000000-G35DK:1:1104:19770:12276	extended_3UTR_DCG_Soc1_w_forward_primer	100.000	22	0	0	1	22	7	28	4.20e-09	41.0
M03997:68:000000000-G35DK:1:1101:18007:16767	extended_3UTR_DCG_Soc1_w_forward_primer	98.611	72	1	0	1	72	50	121	2.88e-34	125
M03997:68:000000000-G35DK:1:2101:10715:6351	extended_3UTR_DCG_Soc1_w_forward_primer	100.000	93	0	0	1	93	13	105	3.59e-47	168
M03997:68:000000000-G35DK:1:2101:14907:20480	extended_3UTR_DCG_Soc1_w_forward_primer	100.000	20	0	0	1	20	7	26	3.30e-08	37.4
M03997:68:000000000-G35DK:1:1104:12489:21855	extended_3UTR_DCG_Soc1_w_forward_primer	100.000	18	0	0	34	51	1	18	9.32e-07	33.7
M03997:68:000000000-G35DK:1:2102:5826:19292	extended_3UTR_DCG_Soc1_w_forward_primer	100.000	60	0	0	1	60	74	133	1.79e-29	109
M03997:68:000000000-G35DK:1:2102:6264:8681	extended_3UTR_DCG_Soc1_w_forward_primer	100.000	20	0	0	1	20	7	26	3.48e-08	37.4
M03997:68:000000000-G35DK:1:1101:19674:25695	extended_3UTR_DCG_Soc1_w_forward_primer	100.000	20	0	0	1	20	7	26	1.40e-07	37.4
M03997:68:000000000-G35DK:1:2104:12786:11554	extended_3UTR_DCG_Soc1_w_forward_primer	97.000	100	1	1	1	98	13	112	4.64e-46	165
M03997:68:000000000-G35DK:1:2101:22669:20036	extended_3UTR_DCG_Soc1_w_forward_primer	98.701	77	1	0	1	77	29	105	6.00e-37	134
M03997:68:000000000-G35DK:1:1102:20583:16292	extended_3UTR_DCG_Soc1_w_forward_primer	100.000	38	0	0	1	38	104	141	9.28e-18	69.8
M03997:68:000000000-G35DK:1:2103:8655:8719	extended_3UTR_DCG_Soc1_w_forward_primer	100.000	122	0	0	1	122	26	147	8.63e-63	221
M03997:68:000000000-G35DK:1:2101:19584:26751	extended_3UTR_DCG_Soc1_w_forward_primer	100.000	18	0	0	1	18	7	24	1.66e-06	33.7
M03997:68:000000000-G35DK:1:2102:22966:16474	extended_3UTR_DCG_Soc1_w_forward_primer	76.190	42	5	1	1	42	13	49	9.73e-06	31.9
M03997:68:000000000-G35DK:1:2101:8449:22069	extended_3UTR_DCG_Soc1_w_forward_primer	100.000	51	0	0	1	51	97	147	1.13e-24	93.3
M03997:68:000000000-G35DK:1:1102:25501:13534	extended_3UTR_DCG_Soc1_w_forward_primer	100.000	21	0	0	36	56	1	21	2.45e-08	39.2
M03997:68:000000000-G35DK:1:2103:26558:14886	extended_3UTR_DCG_Soc1_w_forward_primer	100.000	123	0	0	1	123	23	145	2.49e-63	223
M03997:68:000000000-G35DK:1:2103:22160:7224	extended_3UTR_DCG_Soc1_w_forward_primer	100.000	17	0	0	1	17	8	24	2.72e-06	31.9
M03997:68:000000000-G35DK:1:1102:5540:22283	extended_3UTR_DCG_Soc1_w_forward_primer	100.000	18	0	0	1	18	7	24	1.64e-06	33.7
M03997:68:000000000-G35DK:1:1103:3286:18599	extended_3UTR_DCG_Soc1_w_forward_primer	100.000	18	0	0	1	18	7	24	1.09e-06	33.7
M03997:68:000000000-G35DK:1:1101:25265:7378	extended_3UTR_DCG_Soc1_w_forward_primer	100.000	47	0	0	1	47	97	143	1.57e-22	86.0
M03997:68:000000000-G35DK:1:2103:11857:5245	extended_3UTR_DCG_Soc1_w_forward_primer	98.947	95	1	0	1	95	60	154	1.28e-46	167
M03997:68:000000000-G35DK:1:1101:7386:12951	extended_3UTR_DCG_Soc1_w_forward_primer	100.000	64	0	0	1	64	52	115	1.30e-31	116
M03997:68:000000000-G35DK:1:2101:8783:22957	extended_3UTR_DCG_Soc1_w_forward_primer	100.000	77	0	0	1	77	15	91	1.41e-38	140
M03997:68:000000000-G35DK:1:2101:9662:11376	extended_3UTR_DCG_Soc1_w_forward_primer	100.000	18	0	0	1	18	7	24	8.02e-07	33.7
M03997:68:000000000-G35DK:1:1103:14468:28787	extended_3UTR_DCG_Soc1_w_forward_primer	100.000	95	0	0	1	95	27	121	3.02e-48	172
M03997:68:000000000-G35DK:1:1101:11364:4879	extended_3UTR_DCG_Soc1_w_forward_primer	100.000	36	0	0	1	36	29	64	1.05e-16	66.2
M03997:68:000000000-G35DK:1:2101:10418:5421	extended_3UTR_DCG_Soc1_w_forward_primer	100.000	26	0	0	59	84	1	26	8.26e-11	48.2
M03997:68:000000000-G35DK:1:2102:14367:27659	extended_3UTR_DCG_Soc1_w_forward_primer	100.000	64	0	0	1	64	58	121	1.30e-31	116
M03997:68:000000000-G35DK:1:2102:12509:4219	extended_3UTR_DCG_Soc1_w_forward_primer	100.000	30	0	0	1	30	13	42	1.77e-13	55.4
M03997:68:000000000-G35DK:1:1103:5531:16664	extended_3UTR_DCG_Soc1_w_forward_primer	97.778	90	2	0	1	90	46	135	7.63e-43	154
M03997:68:000000000-G35DK:1:1104:22131:4100	extended_3UTR_DCG_Soc1_w_forward_primer	98.148	54	1	0	1	54	13	66	1.22e-24	93.3
M03997:68:000000000-G35DK:1:2103:25799:23712	extended_3UTR_DCG_Soc1_w_forward_primer	100.000	84	0	0	1	84	62	145	2.47e-42	152
M03997:68:000000000-G35DK:1:2103:19395:14991	extended_3UTR_DCG_Soc1_w_forward_primer	100.000	62	0	0	1	62	54	115	1.53e-30	113
M03997:68:000000000-G35DK:1:2102:27592:8965	extended_3UTR_DCG_Soc1_w_forward_primer	100.000	22	0	0	1	22	5	26	6.28e-09	41.0
M03997:68:000000000-G35DK:1:1103:21381:22122	extended_3UTR_DCG_Soc1_w_forward_primer	98.000	50	1	0	1	50	72	121	1.69e-22	86.0
M03997:68:000000000-G35DK:1:2104:19025:24864	extended_3UTR_DCG_Soc1_w_forward_primer	100.000	18	0	0	1	18	7	24	1.82e-06	33.7
M03997:68:000000000-G35DK:1:1104:8519:11393	extended_3UTR_DCG_Soc1_w_forward_primer	100.000	17	0	0	1	17	8	24	8.03e-06	31.9
M03997:68:000000000-G35DK:1:1104:26433:9895	extended_3UTR_DCG_Soc1_w_forward_primer	100.000	21	0	0	64	84	1	21	3.92e-08	39.2
M03997:68:000000000-G35DK:1:1102:9019:26748	extended_3UTR_DCG_Soc1_w_forward_primer	100.000	20	0	0	1	20	5	24	3.47e-08	37.4
M03997:68:000000000-G35DK:1:1102:16353:17179	extended_3UTR_DCG_Soc1_w_forward_primer	92.593	27	2	0	1	27	7	33	1.08e-08	41.0
M03997:68:000000000-G35DK:1:2103:18281:11553	extended_3UTR_DCG_Soc1_w_forward_primer	100.000	63	0	0	1	63	37	99	4.46e-31	114
M03997:68:000000000-G35DK:1:1103:18254:12376	extended_3UTR_DCG_Soc1_w_forward_primer	100.000	18	0	0	1	18	7	24	7.79e-07	33.7
M03997:68:000000000-G35DK:1:1101:27916:14625	extended_3UTR_DCG_Soc1_w_forward_primer	100.000	18	0	0	1	18	7	24	1.55e-06	33.7
M03997:68:000000000-G35DK:1:1102:14404:17996	extended_3UTR_DCG_Soc1_w_forward_primer	100.000	21	0	0	31	51	1	21	2.19e-08	39.2
M03997:68:000000000-G35DK:1:2102:16833:14666	extended_3UTR_DCG_Soc1_w_forward_primer	100.000	80	0	0	1	80	72	151	3.47e-40	145
M03997:68:000000000-G35DK:1:1104:8243:25555	extended_3UTR_DCG_Soc1_w_forward_primer	100.000	17	0	0	1	17	10	26	3.33e-06	31.9
M03997:68:000000000-G35DK:1:2104:27501:18793	extended_3UTR_DCG_Soc1_w_forward_primer	100.000	66	0	0	1	66	26	91	1.11e-32	120
M03997:68:000000000-G35DK:1:1101:17142:23351	extended_3UTR_DCG_Soc1_w_forward_primer	100.000	70	0	0	1	70	13	82	7.99e-35	127
M03997:68:000000000-G35DK:1:1101:20059:20382	extended_3UTR_DCG_Soc1_w_forward_primer	100.000	18	0	0	1	18	7	24	1.22e-06	33.7
M03997:68:000000000-G35DK:1:1104:10503:6685	extended_3UTR_DCG_Soc1_w_forward_primer	90.909	33	0	2	64	93	1	33	4.31e-08	41.0
M03997:68:000000000-G35DK:1:2101:7916:20962	extended_3UTR_DCG_Soc1_w_forward_primer	95.413	109	1	1	1	105	13	121	9.53e-49	174
M03997:68:000000000-G35DK:1:2102:16222:15769	extended_3UTR_DCG_Soc1_w_forward_primer	100.000	20	0	0	1	20	5	24	2.47e-07	37.4
M03997:68:000000000-G35DK:1:2102:14211:7964	extended_3UTR_DCG_Soc1_w_forward_primer	97.959	49	1	0	1	49	58	106	5.76e-22	84.2
M03997:68:000000000-G35DK:1:1104:18764:7993	extended_3UTR_DCG_Soc1_w_forward_primer	100.000	64	0	0	1	64	58	121	1.30e-31	116
M03997:68:000000000-G35DK:1:2101:8077:10381	extended_3UTR_DCG_Soc1_w_forward_primer	100.000	80	0	0	1	80	26	105	3.47e-40	145
M03997:68:000000000-G35DK:1:1103:10941:18538	extended_3UTR_DCG_Soc1_w_forward_primer	100.000	90	0	0	1	90	26	115	1.47e-45	163
M03997:68:000000000-G35DK:1:1102:17692:14105	extended_3UTR_DCG_Soc1_w_forward_primer	100.000	18	0	0	1	18	7	24	1.24e-06	33.7
M03997:68:000000000-G35DK:1:1104:8265:10850	extended_3UTR_DCG_Soc1_w_forward_primer	100.000	18	0	0	1	18	7	24	7.35e-07	33.7
M03997:68:000000000-G35DK:1:2104:9160:26994	extended_3UTR_DCG_Soc1_w_forward_primer	100.000	19	0	0	1	19	8	26	1.66e-07	35.6
M03997:68:000000000-G35DK:1:1101:24638:6278	extended_3UTR_DCG_Soc1_w_forward_primer	97.368	38	1	0	3	40	25	62	4.21e-16	64.4
M03997:68:000000000-G35DK:1:2102:19797:28698	extended_3UTR_DCG_Soc1_w_forward_primer	100.000	20	0	0	1	20	5	24	2.16e-07	37.4
M03997:68:000000000-G35DK:1:2102:11748:21147	extended_3UTR_DCG_Soc1_w_forward_primer	97.183	71	0	1	1	69	12	82	1.42e-31	116
M03997:68:000000000-G35DK:1:2101:17093:19692	extended_3UTR_DCG_Soc1_w_forward_primer	98.387	124	2	0	1	124	62	185	3.73e-61	215
M03997:68:000000000-G35DK:1:1104:10095:21352	extended_3UTR_DCG_Soc1_w_forward_primer	100.000	73	0	0	1	73	107	179	1.97e-36	132
M03997:68:000000000-G35DK:1:1103:14252:11056	extended_3UTR_DCG_Soc1_w_forward_primer	100.000	18	0	0	1	18	7	24	9.99e-07	33.7
M03997:68:000000000-G35DK:1:2102:14931:4480	extended_3UTR_DCG_Soc1_w_forward_primer	100.000	50	0	0	1	50	13	62	3.97e-24	91.5
M03997:68:000000000-G35DK:1:1104:15370:6145	extended_3UTR_DCG_Soc1_w_forward_primer	100.000	24	0	0	97	120	1	24	1.37e-09	44.6
M03997:68:000000000-G35DK:1:1101:22778:25499	extended_3UTR_DCG_Soc1_w_forward_primer	98.795	83	1	0	1	83	56	138	3.61e-40	145
M03997:68:000000000-G35DK:1:1103:9114:22210	extended_3UTR_DCG_Soc1_w_forward_primer	100.000	30	0	0	1	30	13	42	1.50e-13	55.4
M03997:68:000000000-G35DK:1:2103:15657:18695	extended_3UTR_DCG_Soc1_w_forward_primer	100.000	23	0	0	1	23	20	42	1.23e-08	42.8
M03997:68:000000000-G35DK:1:2102:27718:17320	extended_3UTR_DCG_Soc1_w_forward_primer	97.727	44	1	0	1	44	13	56	2.62e-19	75.2
M03997:68:000000000-G35DK:1:1101:16653:24637	extended_3UTR_DCG_Soc1_w_forward_primer	100.000	19	0	0	59	77	3	21	4.32e-07	35.6
M03997:68:000000000-G35DK:1:2101:12916:18493	extended_3UTR_DCG_Soc1_w_forward_primer	97.222	108	1	1	1	106	13	120	6.82e-50	179
M03997:68:000000000-G35DK:1:1103:21039:27679	extended_3UTR_DCG_Soc1_w_forward_primer	100.000	93	0	0	1	93	13	105	3.59e-47	168
M03997:68:000000000-G35DK:1:1104:26442:16130	extended_3UTR_DCG_Soc1_w_forward_primer	100.000	61	0	0	1	61	104	164	5.24e-30	111
M03997:68:000000000-G35DK:1:2103:17548:17432	extended_3UTR_DCG_Soc1_w_forward_primer	100.000	68	0	0	1	68	13	80	9.41e-34	123
M03997:68:000000000-G35DK:1:2104:22834:20329	extended_3UTR_DCG_Soc1_w_forward_primer	100.000	60	0	0	1	60	7	66	1.79e-29	109
M03997:68:000000000-G35DK:1:2102:20678:4175	extended_3UTR_DCG_Soc1_w_forward_primer	100.000	59	0	0	1	59	37	95	6.13e-29	107
M03997:68:000000000-G35DK:1:2103:21106:27352	extended_3UTR_DCG_Soc1_w_forward_primer	100.000	58	0	0	1	58	48	105	2.10e-28	105
M03997:68:000000000-G35DK:1:1103:10324:26201	extended_3UTR_DCG_Soc1_w_forward_primer	98.077	52	1	0	1	52	29	80	1.42e-23	89.7
M03997:68:000000000-G35DK:1:1101:8310:20347	extended_3UTR_DCG_Soc1_w_forward_primer	100.000	42	0	0	1	42	97	138	7.08e-20	77.0
M03997:68:000000000-G35DK:1:1103:22527:23073	extended_3UTR_DCG_Soc1_w_forward_primer	100.000	108	0	0	1	108	50	157	3.01e-55	196
M03997:68:000000000-G35DK:1:1101:4929:15024	extended_3UTR_DCG_Soc1_w_forward_primer	100.000	18	0	0	1	18	7	24	9.77e-07	33.7
M03997:68:000000000-G35DK:1:2102:25831:20253	extended_3UTR_DCG_Soc1_w_forward_primer	100.000	47	0	0	1	47	97	143	1.57e-22	86.0
M03997:68:000000000-G35DK:1:2102:23563:22483	extended_3UTR_DCG_Soc1_w_forward_primer	100.000	17	0	0	1	17	8	24	1.63e-06	31.9
M03997:68:000000000-G35DK:1:1101:23927:15539	extended_3UTR_DCG_Soc1_w_forward_primer	100.000	21	0	0	169	189	1	21	9.32e-08	39.2
M03997:68:000000000-G35DK:1:1101:10747:22999	extended_3UTR_DCG_Soc1_w_forward_primer	98.851	87	1	0	1	87	83	169	3.44e-42	152
M03997:68:000000000-G35DK:1:2104:10301:22618	extended_3UTR_DCG_Soc1_w_forward_primer	98.000	100	0	1	1	98	13	112	3.81e-47	168
M03997:68:000000000-G35DK:1:2102:22883:26722	extended_3UTR_DCG_Soc1_w_forward_primer	100.000	18	0	0	1	18	7	24	9.77e-07	33.7
M03997:68:000000000-G35DK:1:1102:18808:24846	extended_3UTR_DCG_Soc1_w_forward_primer	100.000	57	0	0	1	57	75	131	7.17e-28	104
M03997:68:000000000-G35DK:1:1104:16269:5363	extended_3UTR_DCG_Soc1_w_forward_primer	100.000	75	0	0	5	79	88	162	7.29e-37	136
M03997:68:000000000-G35DK:1:2103:16832:25260	extended_3UTR_DCG_Soc1_w_forward_primer	95.455	44	0	1	1	42	37	80	3.67e-17	68.0
M03997:68:000000000-G35DK:1:1103:8646:12280	extended_3UTR_DCG_Soc1_w_forward_primer	100.000	18	0	0	1	18	7	24	2.72e-06	33.7
M03997:68:000000000-G35DK:1:2102:6989:8259	extended_3UTR_DCG_Soc1_w_forward_primer	100.000	20	0	0	1	20	5	24	1.62e-07	37.4
M03997:68:000000000-G35DK:1:1102:15438:21661	extended_3UTR_DCG_Soc1_w_forward_primer	100.000	47	0	0	1	47	54	100	1.57e-22	86.0
M03997:68:000000000-G35DK:1:1102:19930:22058	extended_3UTR_DCG_Soc1_w_forward_primer	100.000	68	0	0	1	68	13	80	9.41e-34	123
M03997:68:000000000-G35DK:1:1103:5104:9685	extended_3UTR_DCG_Soc1_w_forward_primer	100.000	17	0	0	31	47	4	20	3.03e-06	31.9
M03997:68:000000000-G35DK:1:1104:20301:3965	extended_3UTR_DCG_Soc1_w_forward_primer	100.000	62	0	0	1	62	13	74	1.53e-30	113
M03997:68:000000000-G35DK:1:2103:26095:18608	extended_3UTR_DCG_Soc1_w_forward_primer	99.160	119	1	0	1	119	13	131	1.52e-59	210
M03997:68:000000000-G35DK:1:1103:11284:7989	extended_3UTR_DCG_Soc1_w_forward_primer	100.000	22	0	0	1	22	5	26	3.00e-09	41.0
M03997:68:000000000-G35DK:1:1104:18504:17293	extended_3UTR_DCG_Soc1_w_forward_primer	100.000	17	0	0	1	17	8	24	3.26e-06	31.9
M03997:68:000000000-G35DK:1:2102:7292:7074	extended_3UTR_DCG_Soc1_w_forward_primer	98.611	72	1	0	1	72	50	121	2.88e-34	125
M03997:68:000000000-G35DK:1:2102:11848:14670	extended_3UTR_DCG_Soc1_w_forward_primer	100.000	61	0	0	1	61	48	108	5.24e-30	111
M03997:68:000000000-G35DK:1:2103:12288:16712	extended_3UTR_DCG_Soc1_w_forward_primer	100.000	109	0	0	1	109	13	121	8.70e-56	197
M03997:68:000000000-G35DK:1:2104:10843:19584	extended_3UTR_DCG_Soc1_w_forward_primer	100.000	35	0	0	1	35	72	106	3.55e-16	64.4
M03997:68:000000000-G35DK:1:2102:8719:7839	extended_3UTR_DCG_Soc1_w_forward_primer	100.000	82	0	0	1	82	62	143	2.92e-41	149
M03997:68:000000000-G35DK:1:1101:26674:12717	extended_3UTR_DCG_Soc1_w_forward_primer	97.059	34	1	0	1	34	29	62	5.07e-14	57.2
M03997:68:000000000-G35DK:1:2103:24644:20141	extended_3UTR_DCG_Soc1_w_forward_primer	100.000	76	0	0	1	76	52	127	4.85e-38	138
M03997:68:000000000-G35DK:1:1102:17328:5896	extended_3UTR_DCG_Soc1_w_forward_primer	96.970	33	1	0	1	33	83	115	1.70e-13	55.4
M03997:68:000000000-G35DK:1:1101:24130:4682	extended_3UTR_DCG_Soc1_w_forward_primer	100.000	39	0	0	1	39	74	112	2.75e-18	71.6
M03997:68:000000000-G35DK:1:1102:11660:4156	extended_3UTR_DCG_Soc1_w_forward_primer	98.148	54	1	0	1	54	83	136	1.22e-24	93.3
M03997:68:000000000-G35DK:1:1101:18457:15363	extended_3UTR_DCG_Soc1_w_forward_primer	100.000	109	0	0	1	109	13	121	8.70e-56	197
M03997:68:000000000-G35DK:1:2101:23669:6702	extended_3UTR_DCG_Soc1_w_forward_primer	100.000	21	0	0	38	58	1	21	2.56e-08	39.2
M03997:68:000000000-G35DK:1:1101:22243:6469	extended_3UTR_DCG_Soc1_w_forward_primer	100.000	54	0	0	1	54	52	105	2.86e-26	98.7
M03997:68:000000000-G35DK:1:2102:18088:9325	extended_3UTR_DCG_Soc1_w_forward_primer	100.000	18	0	0	1	18	8	25	4.23e-07	33.7
M03997:68:000000000-G35DK:1:2103:16645:27809	extended_3UTR_DCG_Soc1_w_forward_primer	100.000	62	0	0	1	62	7	68	1.53e-30	113
M03997:68:000000000-G35DK:1:1101:10031:23935	extended_3UTR_DCG_Soc1_w_forward_primer	100.000	106	0	0	1	106	26	131	3.59e-54	192
M03997:68:000000000-G35DK:1:2102:14847:14156	extended_3UTR_DCG_Soc1_w_forward_primer	100.000	66	0	0	1	66	56	121	1.11e-32	120
M03997:68:000000000-G35DK:1:1103:20119:15200	extended_3UTR_DCG_Soc1_w_forward_primer	100.000	93	0	0	1	93	13	105	3.59e-47	168
M03997:68:000000000-G35DK:1:1102:9703:6452	extended_3UTR_DCG_Soc1_w_forward_primer	97.959	49	1	0	1	49	118	166	7.70e-22	84.2
M03997:68:000000000-G35DK:1:2104:15419:3783	extended_3UTR_DCG_Soc1_w_forward_primer	98.077	52	1	0	1	52	13	64	1.42e-23	89.7
M03997:68:000000000-G35DK:1:1101:16825:10912	extended_3UTR_DCG_Soc1_w_forward_primer	100.000	21	0	0	69	89	1	21	4.18e-08	39.2
M03997:68:000000000-G35DK:1:1101:6773:22194	extended_3UTR_DCG_Soc1_w_forward_primer	100.000	17	0	0	1	17	8	24	1.55e-06	31.9
M03997:68:000000000-G35DK:1:1103:24972:25304	extended_3UTR_DCG_Soc1_w_forward_primer	100.000	21	0	0	1	21	8	28	1.62e-08	39.2
M03997:68:000000000-G35DK:1:1102:18971:28251	extended_3UTR_DCG_Soc1_w_forward_primer	100.000	71	0	0	1	71	68	138	2.33e-35	129
M03997:68:000000000-G35DK:1:1102:25361:20554	extended_3UTR_DCG_Soc1_w_forward_primer	98.864	88	1	0	1	88	56	143	7.44e-43	154
M03997:68:000000000-G35DK:1:1103:26436:11025	extended_3UTR_DCG_Soc1_w_forward_primer	98.824	85	1	0	1	85	37	121	3.04e-41	149
